(1, 2) : 0.004498752716581693
(1, 36) : 0.004521919976696662
(1, 37) : 0.0037525094246473626
(2, 3) : 0.004919373291675579
(2, 38) : 0.003428836828598634
(2, 1) : 0.004498752716581693
(3, 2) : 0.004919373291675579
(3, 4) : 0.004527058872732099
(3, 39) : 0.004243746309071746
(4, 5) : 0.005577541719829448
(4, 40) : 0.005057214171536999
(4, 3) : 0.004527058872732099
(5, 4) : 0.005577541719829448
(5, 6) : 0.004541101593683808
(5, 41) : 0.005131242926242052
(6, 7) : 0.0040071060263522605
(6, 42) : 0.005776181585763412
(6, 5) : 0.004541101593683808
(7, 43) : 0.005279774053908888
(7, 6) : 0.0040071060263522605
(7, 8) : 0.004116696301147935
(8, 7) : 0.004116696301147934
(8, 9) : 0.0039061344936760257
(8, 44) : 0.004943376650307749
(9, 10) : 0.003739815664589622
(9, 45) : 0.00468132942849016
(9, 8) : 0.0039061344936760257
(10, 9) : 0.0037398156645896226
(10, 11) : 0.004354474823102667
(10, 46) : 0.003931223598480186
(11, 12) : 0.004467949297903381
(11, 47) : 0.0044773111990892055
(11, 10) : 0.004354474823102667
(12, 11) : 0.004467949297903382
(12, 13) : 0.0058842769127456325
(12, 48) : 0.004522829557563674
(13, 14) : 0.004748439999384112
(13, 49) : 0.004813430266752578
(13, 12) : 0.0058842769127456325
(14, 13) : 0.004748439999384112
(14, 15) : 0.005506765838158648
(14, 50) : 0.004921620872986704
(15, 16) : 0.0050141914992183415
(15, 51) : 0.004702715297419076
(15, 14) : 0.005506765838158648
(16, 52) : 0.005356090828016091
(16, 15) : 0.0050141914992183415
(16, 17) : 0.005038980549211411
(17, 16) : 0.005038980549211411
(17, 18) : 0.004800581974695326
(17, 53) : 0.005260965215728939
(18, 54) : 0.0048217330106663375
(18, 17) : 0.004800581974695326
(18, 19) : 0.003732459629364972
(19, 18) : 0.003732459629364972
(19, 20) : 0.003821930650323785
(19, 55) : 0.0043670214263978255
(20, 56) : 0.004102648704739068
(20, 19) : 0.003821930650323785
(20, 21) : 0.00438963050056464
(21, 20) : 0.00438963050056464
(21, 22) : 0.003900656527141105
(21, 57) : 0.004328155305441796
(22, 58) : 0.004495998424413599
(22, 21) : 0.003900656527141105
(22, 23) : 0.003870209138411692
(23, 22) : 0.003870209138411692
(23, 24) : 0.005290720591886744
(23, 59) : 0.0038276435877727883
(24, 25) : 0.005495120872688768
(24, 60) : 0.005067550607890784
(24, 23) : 0.005290720591886744
(25, 61) : 0.00622950551120776
(25, 24) : 0.005495120872688768
(25, 26) : 0.005620034626066179
(26, 27) : 0.005287494085447458
(26, 62) : 0.005420645187661693
(26, 25) : 0.005620034626066179
(27, 26) : 0.005287494085447458
(27, 28) : 0.004415292283722345
(27, 63) : 0.005850470273247672
(28, 29) : 0.00442374537520541
(28, 64) : 0.005582620599455308
(28, 27) : 0.004415292283722345
(29, 65) : 0.004043853020704562
(29, 28) : 0.00442374537520541
(29, 30) : 0.0044757050222647065
(30, 31) : 0.0037598094614734305
(30, 66) : 0.005290686421452259
(30, 29) : 0.0044757050222647065
(31, 67) : 0.005290686421452259
(31, 30) : 0.0037598094614734305
(31, 32) : 0.005622636413985038
(32, 31) : 0.005622636413985038
(32, 33) : 0.003952355913879006
(32, 68) : 0.003645673990169047
(33, 34) : 0.004798285017758254
(33, 69) : 0.0036821998173341137
(33, 32) : 0.003952355913879006
(34, 33) : 0.004798285017758254
(34, 35) : 0.004485020091968744
(34, 70) : 0.003962984137520201
(35, 36) : 0.0041879148404157344
(35, 71) : 0.004757199676093771
(35, 34) : 0.004485020091968744
(36, 1) : 0.004521919976696662
(36, 35) : 0.0041879148404157344
(36, 72) : 0.004410978037661618
(37, 38) : 0.004875542232688506
(37, 72) : 0.005776903828674896
(37, 1) : 0.0037525094246473626
(38, 2) : 0.003428836828598634
(38, 37) : 0.004875542232688506
(38, 39) : 0.004556310823825516
(39, 40) : 0.004591823814284496
(39, 3) : 0.004243746309071746
(39, 38) : 0.004556310823825516
(40, 4) : 0.005057214171536999
(40, 39) : 0.004591823814284496
(40, 41) : 0.004996344701688808
(41, 40) : 0.004996344701688808
(41, 42) : 0.0043819443375407215
(41, 5) : 0.005131242926242052
(42, 43) : 0.004186171921478972
(42, 6) : 0.005776181585763412
(42, 41) : 0.0043819443375407215
(43, 42) : 0.004186171921478972
(43, 44) : 0.004656549595196173
(43, 7) : 0.005279774053908888
(44, 45) : 0.004342042677405265
(44, 8) : 0.004943376650307749
(44, 43) : 0.004656549595196173
(45, 9) : 0.004681329428490161
(45, 44) : 0.004342042677405265
(45, 46) : 0.004745595827105641
(46, 47) : 0.004199480662044698
(46, 10) : 0.003931223598480186
(46, 45) : 0.004745595827105641
(47, 11) : 0.0044773111990892055
(47, 46) : 0.004199480662044698
(47, 48) : 0.004397765078805257
(48, 49) : 0.004695544453855937
(48, 12) : 0.004522829557563674
(48, 47) : 0.004397765078805257
(49, 13) : 0.004813430266752578
(49, 48) : 0.004695544453855937
(49, 50) : 0.003858038001240043
(50, 49) : 0.003858038001240043
(50, 51) : 0.004427143315583174
(50, 14) : 0.004921620872986704
(51, 15) : 0.004702715297419076
(51, 50) : 0.004427143315583174
(51, 52) : 0.0043847579041555495
(52, 51) : 0.0043847579041555495
(52, 53) : 0.005102106108389008
(52, 16) : 0.005356090828016091
(53, 17) : 0.005260965215728939
(53, 52) : 0.005102106108389008
(53, 54) : 0.004014021324550576
(54, 18) : 0.0048217330106663375
(54, 53) : 0.004014021324550576
(54, 55) : 0.0041580241231034855
(55, 19) : 0.0043670214263978255
(55, 54) : 0.0041580241231034855
(55, 56) : 0.003574261906032511
(56, 20) : 0.004102648704739068
(56, 55) : 0.003574261906032511
(56, 57) : 0.00403788327241963
(57, 58) : 0.004144513269153707
(57, 21) : 0.004328155305441796
(57, 56) : 0.00403788327241963
(58, 22) : 0.004495998424413599
(58, 57) : 0.004144513269153707
(58, 59) : 0.003530426231765361
(59, 60) : 0.005145963539066912
(59, 23) : 0.0038276435877727883
(59, 58) : 0.003530426231765361
(60, 24) : 0.005067550607890784
(60, 59) : 0.005145963539066912
(60, 61) : 0.005407050707784844
(61, 62) : 0.005903761997887756
(61, 25) : 0.00622950551120776
(61, 60) : 0.005407050707784844
(62, 26) : 0.0054206451876616935
(62, 61) : 0.005903761997887756
(62, 63) : 0.004504781914031592
(63, 62) : 0.004504781914031592
(63, 64) : 0.004587270695496176
(63, 27) : 0.005850470273247672
(64, 28) : 0.005582620599455308
(64, 63) : 0.004587270695496176
(64, 65) : 0.0038463699932766047
(65, 64) : 0.0038463699932766047
(65, 66) : 0.004780198462713832
(65, 29) : 0.004043853020704562
(66, 67) : 0.0037598094614734305
(66, 30) : 0.005290686421452259
(66, 65) : 0.004780198462713832
(67, 31) : 0.005290686421452259
(67, 66) : 0.0037598094614734305
(67, 68) : 0.005460220641210296
(68, 69) : 0.00391103742320986
(68, 32) : 0.003645673990169047
(68, 67) : 0.005460220641210296
(69, 33) : 0.0036821998173341137
(69, 68) : 0.00391103742320986
(69, 70) : 0.005016507490583373
(70, 71) : 0.005489052524627864
(70, 34) : 0.003962984137520201
(70, 69) : 0.0050165074905833724
(71, 35) : 0.004757199676093771
(71, 70) : 0.005489052524627864
(71, 72) : 0.005395944767810669
(72, 71) : 0.005395944767810669
(72, 36) : 0.004410978037661618
(72, 37) : 0.005776903828674894
