(1, 2) : 0.003835457403002138
(1, 36) : 0.0034062255853821465
(1, 37) : 0.003985030031664147
(2, 3) : 0.00409878357677439
(2, 38) : 0.004081423200238198
(2, 1) : 0.003835457403002138
(3, 2) : 0.00409878357677439
(3, 4) : 0.004276210548301028
(3, 39) : 0.004806380871853994
(4, 5) : 0.005055807900850975
(4, 40) : 0.004551377332130708
(4, 3) : 0.004276210548301028
(5, 4) : 0.005055807900850975
(5, 6) : 0.0038621241022468054
(5, 41) : 0.004266954761986407
(6, 7) : 0.003731544531165575
(6, 42) : 0.0048147594778660775
(6, 5) : 0.0038621241022468054
(7, 43) : 0.004471309199925819
(7, 6) : 0.003731544531165575
(7, 8) : 0.005116404145356932
(8, 7) : 0.005116404145356932
(8, 9) : 0.005210431637906417
(8, 44) : 0.0055626459631354175
(9, 10) : 0.005408804853290731
(9, 45) : 0.005233975411293402
(9, 8) : 0.005210431637906417
(10, 9) : 0.005408804853290731
(10, 11) : 0.003581797955967503
(10, 46) : 0.004199127620804578
(11, 12) : 0.003491599076289705
(11, 47) : 0.004446830033944629
(11, 10) : 0.003581797955967503
(12, 11) : 0.003491599076289705
(12, 13) : 0.00413187829602146
(12, 48) : 0.003999806559770947
(13, 14) : 0.004661632781990799
(13, 49) : 0.004596196696605141
(13, 12) : 0.00413187829602146
(14, 13) : 0.004661632781990799
(14, 15) : 0.004567936668763099
(14, 50) : 0.00566900035981611
(15, 16) : 0.005810257752244136
(15, 51) : 0.004465011825870137
(15, 14) : 0.004567936668763099
(16, 52) : 0.004532454231434083
(16, 15) : 0.005810257752244136
(16, 17) : 0.005390645438187139
(17, 16) : 0.005390645438187139
(17, 18) : 0.004979372994182387
(17, 53) : 0.0055341395727741115
(18, 54) : 0.005435007228801186
(18, 17) : 0.004979372994182386
(18, 19) : 0.004792481742424267
(19, 18) : 0.004792481742424267
(19, 20) : 0.004517903699159639
(19, 55) : 0.004895577096880513
(20, 56) : 0.004660317494532792
(20, 19) : 0.004517903699159639
(20, 21) : 0.003504519674207671
(21, 20) : 0.003504519674207671
(21, 22) : 0.004645700510186841
(21, 57) : 0.004922324060967581
(22, 58) : 0.004568720022831613
(22, 21) : 0.004645700510186841
(22, 23) : 0.00450362538993371
(23, 22) : 0.00450362538993371
(23, 24) : 0.004334086378137189
(23, 59) : 0.004511314948291482
(24, 25) : 0.005109552812686957
(24, 60) : 0.004128942862578634
(24, 23) : 0.004334086378137189
(25, 61) : 0.0040387504090684785
(25, 24) : 0.005109552812686957
(25, 26) : 0.0058420462880839005
(26, 27) : 0.005629413102739197
(26, 62) : 0.004737002542326988
(26, 25) : 0.0058420462880839005
(27, 26) : 0.005629413102739197
(27, 28) : 0.005146415193555895
(27, 63) : 0.004959061172107641
(28, 29) : 0.005035669542330583
(28, 64) : 0.0045924381734240086
(28, 27) : 0.005146415193555895
(29, 65) : 0.003818409399802283
(29, 28) : 0.005035669542330584
(29, 30) : 0.004175081022561554
(30, 31) : 0.004847424309864191
(30, 66) : 0.0037365158876416565
(30, 29) : 0.004175081022561554
(31, 67) : 0.004041456077269433
(31, 30) : 0.004847424309864191
(31, 32) : 0.0037383807511244217
(32, 31) : 0.0037383807511244217
(32, 33) : 0.0046560138750275345
(32, 68) : 0.0036012610393831982
(33, 34) : 0.004755103167870581
(33, 69) : 0.0038705086326500282
(33, 32) : 0.0046560138750275345
(34, 33) : 0.004755103167870581
(34, 35) : 0.0038634766491869497
(34, 70) : 0.0045505722955837226
(35, 36) : 0.004010653684721263
(35, 71) : 0.004089913253274385
(35, 34) : 0.0038634766491869497
(36, 1) : 0.0034062255853821465
(36, 35) : 0.004010653684721263
(36, 72) : 0.003962526156945168
(37, 38) : 0.004201743715189959
(37, 72) : 0.0040988924714273475
(37, 1) : 0.003985030031664147
(38, 2) : 0.004081423200238198
(38, 37) : 0.00420174371518996
(38, 39) : 0.00456475576898298
(39, 40) : 0.004309988677397432
(39, 3) : 0.004806380871853994
(39, 38) : 0.00456475576898298
(40, 4) : 0.004551377332130708
(40, 39) : 0.004309988677397432
(40, 41) : 0.004882870309826442
(41, 40) : 0.004882870309826442
(41, 42) : 0.00439296776754853
(41, 5) : 0.004266954761986407
(42, 43) : 0.00415051844950766
(42, 6) : 0.0048147594778660775
(42, 41) : 0.00439296776754853
(43, 42) : 0.00415051844950766
(43, 44) : 0.005632987462084599
(43, 7) : 0.004471309199925819
(44, 45) : 0.006219805209172245
(44, 8) : 0.0055626459631354175
(44, 43) : 0.005632987462084599
(45, 9) : 0.005233975411293402
(45, 44) : 0.006219805209172245
(45, 46) : 0.006525035393565285
(46, 47) : 0.004376733222074936
(46, 10) : 0.004199127620804578
(46, 45) : 0.006525035393565285
(47, 11) : 0.004446830033944629
(47, 46) : 0.004376733222074936
(47, 48) : 0.004634412168790683
(48, 49) : 0.004780383010510682
(48, 12) : 0.003999806559770947
(48, 47) : 0.004634412168790683
(49, 13) : 0.004596196696605141
(49, 48) : 0.004780383010510682
(49, 50) : 0.0054914032727982265
(50, 49) : 0.0054914032727982265
(50, 51) : 0.004593755722777074
(50, 14) : 0.00566900035981611
(51, 15) : 0.004465011825870137
(51, 50) : 0.004593755722777074
(51, 52) : 0.006293838162552578
(52, 51) : 0.006293838162552578
(52, 53) : 0.005080817211059388
(52, 16) : 0.004532454231434083
(53, 17) : 0.0055341395727741115
(53, 52) : 0.005080817211059388
(53, 54) : 0.005735518564749135
(54, 18) : 0.005435007228801186
(54, 53) : 0.005735518564749134
(54, 55) : 0.004060062055972089
(55, 19) : 0.004895577096880513
(55, 54) : 0.004060062055972089
(55, 56) : 0.005518317907445449
(56, 20) : 0.004660317494532792
(56, 55) : 0.005518317907445449
(56, 57) : 0.003778212389746126
(57, 58) : 0.004949317440363048
(57, 21) : 0.004922324060967581
(57, 56) : 0.003778212389746126
(58, 22) : 0.004568720022831613
(58, 57) : 0.004949317440363047
(58, 59) : 0.004685099797713621
(59, 60) : 0.004356703530474576
(59, 23) : 0.004511314948291482
(59, 58) : 0.004685099797713621
(60, 24) : 0.004128942862578634
(60, 59) : 0.004356703530474576
(60, 61) : 0.0052672818703077455
(61, 62) : 0.00528905739018115
(61, 25) : 0.0040387504090684785
(61, 60) : 0.0052672818703077455
(62, 26) : 0.004737002542326988
(62, 61) : 0.00528905739018115
(62, 63) : 0.0051864720043949385
(63, 62) : 0.0051864720043949385
(63, 64) : 0.005007861892520897
(63, 27) : 0.004959061172107641
(64, 28) : 0.0045924381734240086
(64, 63) : 0.005007861892520897
(64, 65) : 0.00400523360150655
(65, 64) : 0.00400523360150655
(65, 66) : 0.005229740510564419
(65, 29) : 0.003818409399802282
(66, 67) : 0.004303451695305993
(66, 30) : 0.0037365158876416565
(66, 65) : 0.005229740510564419
(67, 31) : 0.004041456077269433
(67, 66) : 0.004303451695305994
(67, 68) : 0.0041728163658840585
(68, 69) : 0.005052846591795863
(68, 32) : 0.0036012610393831982
(68, 67) : 0.0041728163658840585
(69, 33) : 0.0038705086326500282
(69, 68) : 0.005052846591795863
(69, 70) : 0.004101665185619869
(70, 71) : 0.005028377604431208
(70, 34) : 0.004550572295583722
(70, 69) : 0.004101665185619869
(71, 35) : 0.004089913253274385
(71, 70) : 0.005028377604431208
(71, 72) : 0.003979550658556748
(72, 71) : 0.003979550658556748
(72, 36) : 0.003962526156945168
(72, 37) : 0.0040988924714273475
