(1, 2) : 0.004201892454323445
(1, 36) : 0.004523306466776367
(1, 37) : 0.004096828237083025
(2, 3) : 0.004471572144658163
(2, 38) : 0.0042813861837242275
(2, 1) : 0.004201892454323445
(3, 2) : 0.004471572144658163
(3, 4) : 0.004811049332573594
(3, 39) : 0.00428613159094212
(4, 5) : 0.004968991010249522
(4, 40) : 0.004238321475461646
(4, 3) : 0.004811049332573594
(5, 4) : 0.004968991010249522
(5, 6) : 0.0045089268143106275
(5, 41) : 0.004230799052192159
(6, 7) : 0.004491143907472944
(6, 42) : 0.004131617924417374
(6, 5) : 0.004508926814310628
(7, 43) : 0.004703984659061824
(7, 6) : 0.004491143907472944
(7, 8) : 0.003787077638449642
(8, 7) : 0.003787077638449642
(8, 9) : 0.005267768470684118
(8, 44) : 0.004539096742073566
(9, 10) : 0.004038942538585769
(9, 45) : 0.004790206275021408
(9, 8) : 0.005267768470684118
(10, 9) : 0.00403894253858577
(10, 11) : 0.004739103734556201
(10, 46) : 0.004670786434891585
(11, 12) : 0.003941040708329815
(11, 47) : 0.004377650181593151
(11, 10) : 0.004739103734556201
(12, 11) : 0.003941040708329815
(12, 13) : 0.00430281371435123
(12, 48) : 0.00489635180533787
(13, 14) : 0.005361789757038492
(13, 49) : 0.004852689594497985
(13, 12) : 0.00430281371435123
(14, 13) : 0.005361789757038492
(14, 15) : 0.004212994614307849
(14, 50) : 0.0060462834717892495
(15, 16) : 0.005570983291485842
(15, 51) : 0.005447747020980332
(15, 14) : 0.004212994614307849
(16, 52) : 0.0046464463085716815
(16, 15) : 0.005570983291485842
(16, 17) : 0.003976053850862632
(17, 16) : 0.003976053850862632
(17, 18) : 0.004277507069459862
(17, 53) : 0.0048381404533265355
(18, 54) : 0.0044657706172652615
(18, 17) : 0.004277507069459862
(18, 19) : 0.0038736048900281
(19, 18) : 0.0038736048900281
(19, 20) : 0.004482640785277558
(19, 55) : 0.0038368992611809596
(20, 56) : 0.0037872812728679452
(20, 19) : 0.004482640785277559
(20, 21) : 0.0043787897825266
(21, 20) : 0.0043787897825266
(21, 22) : 0.005564360653767548
(21, 57) : 0.004847862350653862
(22, 58) : 0.005658362651689705
(22, 21) : 0.005564360653767548
(22, 23) : 0.004284164135543364
(23, 22) : 0.004284164135543364
(23, 24) : 0.0044542073903756614
(23, 59) : 0.005579458948607914
(24, 25) : 0.0040551788460318665
(24, 60) : 0.004312726934667314
(24, 23) : 0.0044542073903756614
(25, 61) : 0.004454811865455279
(25, 24) : 0.0040551788460318665
(25, 26) : 0.004434658432884729
(26, 27) : 0.004807716738868721
(26, 62) : 0.004931328803059136
(26, 25) : 0.004434658432884729
(27, 26) : 0.004807716738868721
(27, 28) : 0.005453989607770538
(27, 63) : 0.003940045535013716
(28, 29) : 0.0035269995557462757
(28, 64) : 0.004323532226551605
(28, 27) : 0.005453989607770538
(29, 65) : 0.004353746965674078
(29, 28) : 0.0035269995557462757
(29, 30) : 0.00590865217825943
(30, 31) : 0.004235834917881454
(30, 66) : 0.003901992243936852
(30, 29) : 0.00590865217825943
(31, 67) : 0.004384455885865808
(31, 30) : 0.004235834917881454
(31, 32) : 0.0037590471500658015
(32, 31) : 0.0037590471500658015
(32, 33) : 0.004677050278135404
(32, 68) : 0.004209370126403909
(33, 34) : 0.004630644757341418
(33, 69) : 0.004166539814544481
(33, 32) : 0.004677050278135404
(34, 33) : 0.004630644757341418
(34, 35) : 0.005494946831965874
(34, 70) : 0.00450406510304788
(35, 36) : 0.004181939068197611
(35, 71) : 0.004541541443026981
(35, 34) : 0.005494946831965874
(36, 1) : 0.004523306466776367
(36, 35) : 0.004181939068197611
(36, 72) : 0.00409248973887807
(37, 38) : 0.004760541832058885
(37, 72) : 0.0042008102200432424
(37, 1) : 0.004096828237083025
(38, 2) : 0.0042813861837242275
(38, 37) : 0.004760541832058885
(38, 39) : 0.004420821119644697
(39, 40) : 0.005043215853533518
(39, 3) : 0.00428613159094212
(39, 38) : 0.004420821119644697
(40, 4) : 0.004238321475461646
(40, 39) : 0.005043215853533518
(40, 41) : 0.005249233189091507
(41, 40) : 0.005249233189091507
(41, 42) : 0.0046115635545825855
(41, 5) : 0.004230799052192159
(42, 43) : 0.0047084221101998044
(42, 6) : 0.004131617924417374
(42, 41) : 0.004611563554582585
(43, 42) : 0.0047084221101998044
(43, 44) : 0.004092719324754179
(43, 7) : 0.004703984659061824
(44, 45) : 0.004699875153330784
(44, 8) : 0.004539096742073566
(44, 43) : 0.004092719324754179
(45, 9) : 0.004790206275021408
(45, 44) : 0.004699875153330784
(45, 46) : 0.0036963115190021575
(46, 47) : 0.004810990139567225
(46, 10) : 0.004670786434891585
(46, 45) : 0.0036963115190021575
(47, 11) : 0.004377650181593151
(47, 46) : 0.004810990139567225
(47, 48) : 0.003548867485037169
(48, 49) : 0.005773526286227144
(48, 12) : 0.00489635180533787
(48, 47) : 0.003548867485037169
(49, 13) : 0.004852689594497985
(49, 48) : 0.005773526286227144
(49, 50) : 0.0056781335503759715
(50, 49) : 0.0056781335503759715
(50, 51) : 0.005882219316808842
(50, 14) : 0.0060462834717892495
(51, 15) : 0.005447747020980332
(51, 50) : 0.005882219316808842
(51, 52) : 0.00601028752504681
(52, 51) : 0.00601028752504681
(52, 53) : 0.004871340724557858
(52, 16) : 0.0046464463085716815
(53, 17) : 0.0048381404533265355
(53, 52) : 0.004871340724557858
(53, 54) : 0.004638438775059067
(54, 18) : 0.0044657706172652615
(54, 53) : 0.004638438775059067
(54, 55) : 0.004247677985065252
(55, 19) : 0.0038368992611809596
(55, 54) : 0.004247677985065252
(55, 56) : 0.005010998710953195
(56, 20) : 0.0037872812728679452
(56, 55) : 0.005010998710953195
(56, 57) : 0.005487186616512551
(57, 58) : 0.005461904133181478
(57, 21) : 0.004847862350653862
(57, 56) : 0.005487186616512551
(58, 22) : 0.005658362651689705
(58, 57) : 0.005461904133181478
(58, 59) : 0.006202483849087946
(59, 60) : 0.004209756547920809
(59, 23) : 0.005579458948607914
(59, 58) : 0.006202483849087946
(60, 24) : 0.004312726934667314
(60, 59) : 0.004209756547920809
(60, 61) : 0.005582742884803092
(61, 62) : 0.004378169027865514
(61, 25) : 0.004454811865455279
(61, 60) : 0.005582742884803092
(62, 26) : 0.004931328803059136
(62, 61) : 0.004378169027865514
(62, 63) : 0.0057712068234702695
(63, 62) : 0.0057712068234702695
(63, 64) : 0.00440042266587224
(63, 27) : 0.003940045535013716
(64, 28) : 0.0043235322265516045
(64, 63) : 0.00440042266587224
(64, 65) : 0.003906460957887932
(65, 64) : 0.003906460957887932
(65, 66) : 0.004429118369746866
(65, 29) : 0.004353746965674078
(66, 67) : 0.004736902533155135
(66, 30) : 0.003901992243936852
(66, 65) : 0.004429118369746866
(67, 31) : 0.004384455885865808
(67, 66) : 0.004736902533155135
(67, 68) : 0.0037637875743971967
(68, 69) : 0.004523595345779395
(68, 32) : 0.004209370126403909
(68, 67) : 0.0037637875743971967
(69, 33) : 0.004166539814544481
(69, 68) : 0.004523595345779395
(69, 70) : 0.005152427618227801
(70, 71) : 0.0045318303922367645
(70, 34) : 0.00450406510304788
(70, 69) : 0.005152427618227801
(71, 35) : 0.004541541443026981
(71, 70) : 0.0045318303922367645
(71, 72) : 0.004481877566413849
(72, 71) : 0.004481877566413849
(72, 36) : 0.00409248973887807
(72, 37) : 0.0042008102200432424
