(1, 2) : 0.004282545716083496
(1, 36) : 0.005787529728061921
(1, 37) : 0.00476232384000414
(2, 3) : 0.005642290733831375
(2, 38) : 0.00432808821912896
(2, 1) : 0.004282545716083496
(3, 2) : 0.005642290733831375
(3, 4) : 0.004710208549801978
(3, 39) : 0.005120185804558337
(4, 5) : 0.005305807559644564
(4, 40) : 0.005284057112250191
(4, 3) : 0.004710208549801978
(5, 4) : 0.005305807559644564
(5, 6) : 0.004811913233212585
(5, 41) : 0.004361061823197655
(6, 7) : 0.0039057139400897026
(6, 42) : 0.004235966929555347
(6, 5) : 0.004811913233212585
(7, 43) : 0.004554179156136486
(7, 6) : 0.0039057139400897026
(7, 8) : 0.004292448028818921
(8, 7) : 0.004292448028818921
(8, 9) : 0.004665247431905583
(8, 44) : 0.0037180155743060136
(9, 10) : 0.005185239254044322
(9, 45) : 0.003598291785521506
(9, 8) : 0.004665247431905583
(10, 9) : 0.005185239254044322
(10, 11) : 0.005499977989711615
(10, 46) : 0.004410460273355188
(11, 12) : 0.005043169270027958
(11, 47) : 0.004678957752199046
(11, 10) : 0.005499977989711615
(12, 11) : 0.005043169270027958
(12, 13) : 0.0044065691714556985
(12, 48) : 0.004907929589886673
(13, 14) : 0.00539073743562683
(13, 49) : 0.005186696997616455
(13, 12) : 0.0044065691714556985
(14, 13) : 0.00539073743562683
(14, 15) : 0.004778383544180478
(14, 50) : 0.004082711509772008
(15, 16) : 0.0034456779301670934
(15, 51) : 0.0038744608803329833
(15, 14) : 0.004778383544180478
(16, 52) : 0.0040277901600899845
(16, 15) : 0.0034456779301670934
(16, 17) : 0.005323018124745355
(17, 16) : 0.005323018124745355
(17, 18) : 0.004598140905047933
(17, 53) : 0.004616335569469492
(18, 54) : 0.005299121009699843
(18, 17) : 0.004598140905047933
(18, 19) : 0.004683763525063101
(19, 18) : 0.004683763525063101
(19, 20) : 0.003894277180767224
(19, 55) : 0.004653977772668527
(20, 56) : 0.004303396660129648
(20, 19) : 0.003894277180767224
(20, 21) : 0.004187908222891714
(21, 20) : 0.004187908222891714
(21, 22) : 0.0045140846407063845
(21, 57) : 0.004584209194526187
(22, 58) : 0.0050270738467711905
(22, 21) : 0.0045140846407063845
(22, 23) : 0.005445004918373788
(23, 22) : 0.005445004918373788
(23, 24) : 0.006155809801534747
(23, 59) : 0.005184287556730073
(24, 25) : 0.004058213856152051
(24, 60) : 0.005243721764249922
(24, 23) : 0.006155809801534747
(25, 61) : 0.004824744202790921
(25, 24) : 0.004058213856152051
(25, 26) : 0.004919633107500329
(26, 27) : 0.003957970406522433
(26, 62) : 0.004756943635734436
(26, 25) : 0.0049196331075003295
(27, 26) : 0.003957970406522433
(27, 28) : 0.00441724231817203
(27, 63) : 0.005361381599872445
(28, 29) : 0.0042275880104852784
(28, 64) : 0.004534997970689836
(28, 27) : 0.00441724231817203
(29, 65) : 0.0041669918240266855
(29, 28) : 0.0042275880104852784
(29, 30) : 0.0037420504936945646
(30, 31) : 0.004937269631082862
(30, 66) : 0.004654491269081347
(30, 29) : 0.0037420504936945646
(31, 67) : 0.004836738442697088
(31, 30) : 0.0049372696310828615
(31, 32) : 0.00496187996411573
(32, 31) : 0.00496187996411573
(32, 33) : 0.004925732528275821
(32, 68) : 0.004633691162282951
(33, 34) : 0.004949298112574004
(33, 69) : 0.0038590009941468963
(33, 32) : 0.004925732528275821
(34, 33) : 0.004949298112574004
(34, 35) : 0.0041678957325350045
(34, 70) : 0.004024581954996968
(35, 36) : 0.004832159848520534
(35, 71) : 0.005534890778414841
(35, 34) : 0.0041678957325350045
(36, 1) : 0.005787529728061921
(36, 35) : 0.004832159848520534
(36, 72) : 0.006020836848377525
(37, 38) : 0.004948657376368846
(37, 72) : 0.005040256972388083
(37, 1) : 0.00476232384000414
(38, 2) : 0.00432808821912896
(38, 37) : 0.004948657376368846
(38, 39) : 0.004483296279412355
(39, 40) : 0.005143382818634927
(39, 3) : 0.005120185804558338
(39, 38) : 0.004483296279412355
(40, 4) : 0.005284057112250191
(40, 39) : 0.005143382818634927
(40, 41) : 0.004006657952098442
(41, 40) : 0.004006657952098442
(41, 42) : 0.004318452646925202
(41, 5) : 0.004361061823197655
(42, 43) : 0.004141141099129575
(42, 6) : 0.004235966929555347
(42, 41) : 0.004318452646925202
(43, 42) : 0.004141141099129575
(43, 44) : 0.0035135492805238554
(43, 7) : 0.004554179156136485
(44, 45) : 0.005056144387362403
(44, 8) : 0.0037180155743060136
(44, 43) : 0.0035135492805238554
(45, 9) : 0.003598291785521506
(45, 44) : 0.005056144387362403
(45, 46) : 0.004999953401633226
(46, 47) : 0.004145061997635739
(46, 10) : 0.004410460273355188
(46, 45) : 0.0049999534016332255
(47, 11) : 0.004678957752199046
(47, 46) : 0.004145061997635739
(47, 48) : 0.0036090444473932883
(48, 49) : 0.004034869243075681
(48, 12) : 0.004907929589886673
(48, 47) : 0.0036090444473932883
(49, 13) : 0.005186696997616455
(49, 48) : 0.004034869243075681
(49, 50) : 0.004125528862872403
(50, 49) : 0.004125528862872403
(50, 51) : 0.004830114944483239
(50, 14) : 0.004082711509772008
(51, 15) : 0.0038744608803329833
(51, 50) : 0.004830114944483239
(51, 52) : 0.0037769893034813387
(52, 51) : 0.0037769893034813387
(52, 53) : 0.004119922786587761
(52, 16) : 0.0040277901600899845
(53, 17) : 0.004616335569469492
(53, 52) : 0.004119922786587761
(53, 54) : 0.005085960591087257
(54, 18) : 0.005299121009699843
(54, 53) : 0.005085960591087257
(54, 55) : 0.004098071185948292
(55, 19) : 0.004653977772668527
(55, 54) : 0.004098071185948293
(55, 56) : 0.0046737375141946485
(56, 20) : 0.004303396660129648
(56, 55) : 0.0046737375141946485
(56, 57) : 0.0045387021621325204
(57, 58) : 0.0043211510276949085
(57, 21) : 0.004584209194526187
(57, 56) : 0.0045387021621325204
(58, 22) : 0.0050270738467711905
(58, 57) : 0.0043211510276949085
(58, 59) : 0.005397102739211337
(59, 60) : 0.003977257263651459
(59, 23) : 0.005184287556730074
(59, 58) : 0.005397102739211337
(60, 24) : 0.005243721764249923
(60, 59) : 0.003977257263651459
(60, 61) : 0.004163324404862276
(61, 62) : 0.0037658701893933987
(61, 25) : 0.004824744202790921
(61, 60) : 0.004163324404862276
(62, 26) : 0.004756943635734436
(62, 61) : 0.0037658701893933987
(62, 63) : 0.0048988025697513345
(63, 62) : 0.0048988025697513345
(63, 64) : 0.004638154930544066
(63, 27) : 0.005361381599872445
(64, 28) : 0.0045349979706898365
(64, 63) : 0.004638154930544066
(64, 65) : 0.004921155760882865
(65, 64) : 0.004921155760882865
(65, 66) : 0.004609993718362145
(65, 29) : 0.0041669918240266855
(66, 67) : 0.005518753169289728
(66, 30) : 0.004654491269081347
(66, 65) : 0.004609993718362145
(67, 31) : 0.004836738442697088
(67, 66) : 0.005518753169289728
(67, 68) : 0.005008326253039994
(68, 69) : 0.005603795478550065
(68, 32) : 0.004633691162282951
(68, 67) : 0.005008326253039994
(69, 33) : 0.0038590009941468963
(69, 68) : 0.005603795478550065
(69, 70) : 0.003988428918080332
(70, 71) : 0.004199321129399917
(70, 34) : 0.004024581954996968
(70, 69) : 0.003988428918080332
(71, 35) : 0.005534890778414841
(71, 70) : 0.004199321129399917
(71, 72) : 0.004994074883224018
(72, 71) : 0.004994074883224018
(72, 36) : 0.006020836848377525
(72, 37) : 0.005040256972388083
