(1, 2) : 0.004483551363614907
(1, 36) : 0.004283332700662405
(1, 37) : 0.004280113104746853
(2, 3) : 0.0045145487534410085
(2, 38) : 0.004608917167022875
(2, 1) : 0.004483551363614907
(3, 2) : 0.004514548753441008
(3, 4) : 0.004551109357497609
(3, 39) : 0.0050250192017906765
(4, 5) : 0.004705349049127291
(4, 40) : 0.0049295925577648465
(4, 3) : 0.004551109357497609
(5, 4) : 0.004705349049127291
(5, 6) : 0.005156435533566772
(5, 41) : 0.004893540806404771
(6, 7) : 0.005694958581428461
(6, 42) : 0.004804645458126824
(6, 5) : 0.005156435533566772
(7, 43) : 0.004523899513654513
(7, 6) : 0.005694958581428461
(7, 8) : 0.004599828950285514
(8, 7) : 0.004599828950285514
(8, 9) : 0.004205351154248036
(8, 44) : 0.004231905274761439
(9, 10) : 0.0053425204302214304
(9, 45) : 0.004465712192209656
(9, 8) : 0.004205351154248036
(10, 9) : 0.0053425204302214304
(10, 11) : 0.004729544081649532
(10, 46) : 0.004491361975386934
(11, 12) : 0.005257799095093575
(11, 47) : 0.004386628608332939
(11, 10) : 0.004729544081649532
(12, 11) : 0.005257799095093575
(12, 13) : 0.003984009166018742
(12, 48) : 0.005176063487250525
(13, 14) : 0.004837640489405046
(13, 49) : 0.004643038385823166
(13, 12) : 0.003984009166018742
(14, 13) : 0.004837640489405046
(14, 15) : 0.004276708265914816
(14, 50) : 0.0036455661686287436
(15, 16) : 0.0042567061250648975
(15, 51) : 0.004248983296447729
(15, 14) : 0.004276708265914816
(16, 52) : 0.005493216453638154
(16, 15) : 0.0042567061250648975
(16, 17) : 0.004493234679253862
(17, 16) : 0.004493234679253862
(17, 18) : 0.00379523539849949
(17, 53) : 0.005642633326179589
(18, 54) : 0.004009538153363587
(18, 17) : 0.00379523539849949
(18, 19) : 0.004142419621293928
(19, 18) : 0.004142419621293928
(19, 20) : 0.004049677185089904
(19, 55) : 0.003109712528520411
(20, 56) : 0.0036541822987395554
(20, 19) : 0.004049677185089904
(20, 21) : 0.0038262083272814183
(21, 20) : 0.0038262083272814183
(21, 22) : 0.005637184318951342
(21, 57) : 0.003971304802736066
(22, 58) : 0.004667273890593692
(22, 21) : 0.005637184318951342
(22, 23) : 0.004289304289712792
(23, 22) : 0.004289304289712792
(23, 24) : 0.004666254261868028
(23, 59) : 0.005071496213552903
(24, 25) : 0.0038554802722862596
(24, 60) : 0.004963399722894244
(24, 23) : 0.004666254261868028
(25, 61) : 0.004616306947802083
(25, 24) : 0.0038554802722862596
(25, 26) : 0.00558467011987586
(26, 27) : 0.005497021814887397
(26, 62) : 0.004241403992950133
(26, 25) : 0.00558467011987586
(27, 26) : 0.005497021814887397
(27, 28) : 0.0057894018327238955
(27, 63) : 0.004401841821221821
(28, 29) : 0.004936288086732131
(28, 64) : 0.005178331245050116
(28, 27) : 0.0057894018327238955
(29, 65) : 0.005503896143605626
(29, 28) : 0.004936288086732131
(29, 30) : 0.006164579364127832
(30, 31) : 0.005366807610434169
(30, 66) : 0.004526869268001619
(30, 29) : 0.006164579364127832
(31, 67) : 0.003967490248193623
(31, 30) : 0.005366807610434169
(31, 32) : 0.004119390434199603
(32, 31) : 0.004119390434199603
(32, 33) : 0.004600273386846246
(32, 68) : 0.0034165266782594716
(33, 34) : 0.00452627628486123
(33, 69) : 0.004508034165111025
(33, 32) : 0.004600273386846246
(34, 33) : 0.00452627628486123
(34, 35) : 0.005031889152027473
(34, 70) : 0.006142356408693502
(35, 36) : 0.0038803734510317947
(35, 71) : 0.005084757537871459
(35, 34) : 0.005031889152027473
(36, 1) : 0.004283332700662405
(36, 35) : 0.0038803734510317947
(36, 72) : 0.004318212796111383
(37, 38) : 0.004110302766982191
(37, 72) : 0.0034622841134765623
(37, 1) : 0.004280113104746853
(38, 2) : 0.004608917167022875
(38, 37) : 0.004110302766982191
(38, 39) : 0.0038006444460550455
(39, 40) : 0.004291842616742564
(39, 3) : 0.0050250192017906765
(39, 38) : 0.003800644446055046
(40, 4) : 0.0049295925577648465
(40, 39) : 0.004291842616742564
(40, 41) : 0.003733588014791424
(41, 40) : 0.003733588014791424
(41, 42) : 0.005467510046582528
(41, 5) : 0.004893540806404771
(42, 43) : 0.004885938370405147
(42, 6) : 0.004804645458126824
(42, 41) : 0.005467510046582528
(43, 42) : 0.004885938370405147
(43, 44) : 0.004226773858682281
(43, 7) : 0.004523899513654513
(44, 45) : 0.004542548155095515
(44, 8) : 0.004231905274761439
(44, 43) : 0.004226773858682281
(45, 9) : 0.004465712192209656
(45, 44) : 0.004542548155095515
(45, 46) : 0.004235150431629734
(46, 47) : 0.0055172232829242395
(46, 10) : 0.004491361975386934
(46, 45) : 0.004235150431629733
(47, 11) : 0.004386628608332939
(47, 46) : 0.0055172232829242395
(47, 48) : 0.004703755290959343
(48, 49) : 0.004637602300364087
(48, 12) : 0.005176063487250525
(48, 47) : 0.004703755290959343
(49, 13) : 0.004643038385823167
(49, 48) : 0.004637602300364087
(49, 50) : 0.0048689428546769675
(50, 49) : 0.0048689428546769675
(50, 51) : 0.004308818281700351
(50, 14) : 0.0036455661686287436
(51, 15) : 0.004248983296447729
(51, 50) : 0.004308818281700351
(51, 52) : 0.005147464516303094
(52, 51) : 0.005147464516303094
(52, 53) : 0.004113964924517923
(52, 16) : 0.005493216453638154
(53, 17) : 0.005642633326179589
(53, 52) : 0.004113964924517923
(53, 54) : 0.004764262344725342
(54, 18) : 0.004009538153363587
(54, 53) : 0.004764262344725342
(54, 55) : 0.00398779395266278
(55, 19) : 0.003109712528520411
(55, 54) : 0.00398779395266278
(55, 56) : 0.003485312349092601
(56, 20) : 0.0036541822987395554
(56, 55) : 0.003485312349092601
(56, 57) : 0.003924203738056511
(57, 58) : 0.004888477292508737
(57, 21) : 0.003971304802736066
(57, 56) : 0.003924203738056511
(58, 22) : 0.004667273890593692
(58, 57) : 0.004888477292508737
(58, 59) : 0.004768372540866444
(59, 60) : 0.004297552793379355
(59, 23) : 0.005071496213552903
(59, 58) : 0.004768372540866444
(60, 24) : 0.004963399722894244
(60, 59) : 0.004297552793379356
(60, 61) : 0.004300998156009979
(61, 62) : 0.006129821935259071
(61, 25) : 0.004616306947802083
(61, 60) : 0.004300998156009979
(62, 26) : 0.004241403992950133
(62, 61) : 0.006129821935259071
(62, 63) : 0.006028931745952186
(63, 62) : 0.006028931745952185
(63, 64) : 0.006075537000067996
(63, 27) : 0.004401841821221821
(64, 28) : 0.005178331245050116
(64, 63) : 0.006075537000067996
(64, 65) : 0.00509375168913522
(65, 64) : 0.00509375168913522
(65, 66) : 0.005401201144202331
(65, 29) : 0.005503896143605626
(66, 67) : 0.0055259163585715506
(66, 30) : 0.004526869268001619
(66, 65) : 0.005401201144202331
(67, 31) : 0.003967490248193623
(67, 66) : 0.0055259163585715506
(67, 68) : 0.004072797309960932
(68, 69) : 0.004200452192480302
(68, 32) : 0.0034165266782594716
(68, 67) : 0.004072797309960932
(69, 33) : 0.004508034165111025
(69, 68) : 0.004200452192480302
(69, 70) : 0.004867090113999102
(70, 71) : 0.0038518935160930536
(70, 34) : 0.006142356408693502
(70, 69) : 0.004867090113999102
(71, 35) : 0.005084757537871459
(71, 70) : 0.0038518935160930536
(71, 72) : 0.004306144724420128
(72, 71) : 0.004306144724420128
(72, 36) : 0.0043182127961113835
(72, 37) : 0.0034622841134765623
