(1, 2) : 0.004836623538917072
(1, 36) : 0.004669747560848205
(1, 37) : 0.0037602310548736696
(2, 3) : 0.004014327619742237
(2, 38) : 0.0037632733954527983
(2, 1) : 0.004836623538917072
(3, 2) : 0.004014327619742237
(3, 4) : 0.004133933858227739
(3, 39) : 0.0037976724758253177
(4, 5) : 0.0036357455119522476
(4, 40) : 0.004557725507281309
(4, 3) : 0.004133933858227739
(5, 4) : 0.003635745511952247
(5, 6) : 0.004515640235982628
(5, 41) : 0.004617704050908344
(6, 7) : 0.004400382168539177
(6, 42) : 0.003931211855392801
(6, 5) : 0.004515640235982628
(7, 43) : 0.003792649718152336
(7, 6) : 0.004400382168539177
(7, 8) : 0.005728349479401294
(8, 7) : 0.005728349479401294
(8, 9) : 0.0047925582744393165
(8, 44) : 0.004356539673477902
(9, 10) : 0.00485744019844966
(9, 45) : 0.0051411318888358185
(9, 8) : 0.0047925582744393165
(10, 9) : 0.00485744019844966
(10, 11) : 0.005334267142495902
(10, 46) : 0.005886428256068112
(11, 12) : 0.004422376134030895
(11, 47) : 0.005877927376806759
(11, 10) : 0.005334267142495902
(12, 11) : 0.004422376134030895
(12, 13) : 0.004862954800797556
(12, 48) : 0.005099409974642067
(13, 14) : 0.004219200383378409
(13, 49) : 0.004403429521549177
(13, 12) : 0.004862954800797556
(14, 13) : 0.004219200383378409
(14, 15) : 0.003586368416878195
(14, 50) : 0.0034193528908056697
(15, 16) : 0.003671845791799348
(15, 51) : 0.0039123745049016116
(15, 14) : 0.003586368416878195
(16, 52) : 0.004766231369633861
(16, 15) : 0.003671845791799348
(16, 17) : 0.00397589844593597
(17, 16) : 0.00397589844593597
(17, 18) : 0.0049709719821965075
(17, 53) : 0.004566068292280249
(18, 54) : 0.004448001100973481
(18, 17) : 0.004970971982196508
(18, 19) : 0.004360961092715841
(19, 18) : 0.004360961092715841
(19, 20) : 0.005298350780720089
(19, 55) : 0.00471991092313387
(20, 56) : 0.004763929384693081
(20, 19) : 0.005298350780720089
(20, 21) : 0.004386661787701678
(21, 20) : 0.004386661787701678
(21, 22) : 0.003698030360027957
(21, 57) : 0.005142686304490877
(22, 58) : 0.004589657642664747
(22, 21) : 0.003698030360027957
(22, 23) : 0.0036235528196422446
(23, 22) : 0.0036235528196422446
(23, 24) : 0.004062851271867873
(23, 59) : 0.0038525773835745604
(24, 25) : 0.0047384591670305174
(24, 60) : 0.004842489721962469
(24, 23) : 0.004062851271867873
(25, 61) : 0.006237676812335418
(25, 24) : 0.0047384591670305174
(25, 26) : 0.004998588428782934
(26, 27) : 0.005200250879221173
(26, 62) : 0.005783365845712638
(26, 25) : 0.004998588428782934
(27, 26) : 0.005200250879221173
(27, 28) : 0.005471846441994796
(27, 63) : 0.0043770620672770625
(28, 29) : 0.004550922039705784
(28, 64) : 0.0052397649255993845
(28, 27) : 0.005471846441994796
(29, 65) : 0.0061983402602853255
(29, 28) : 0.004550922039705784
(29, 30) : 0.004703284799343291
(30, 31) : 0.0049568985030688
(30, 66) : 0.00542156868931492
(30, 29) : 0.004703284799343291
(31, 67) : 0.0051648434026589675
(31, 30) : 0.0049568985030688
(31, 32) : 0.0044386924255241005
(32, 31) : 0.0044386924255241005
(32, 33) : 0.0056376752341403815
(32, 68) : 0.004614408966142766
(33, 34) : 0.004816996438726222
(33, 69) : 0.004316242405106337
(33, 32) : 0.0056376752341403815
(34, 33) : 0.004816996438726222
(34, 35) : 0.005505176809618565
(34, 70) : 0.004290103275316745
(35, 36) : 0.003906700217639182
(35, 71) : 0.005421119398812855
(35, 34) : 0.005505176809618565
(36, 1) : 0.004669747560848205
(36, 35) : 0.003906700217639182
(36, 72) : 0.005408508579226022
(37, 38) : 0.004847212345417748
(37, 72) : 0.004760408378318173
(37, 1) : 0.0037602310548736696
(38, 2) : 0.0037632733954527983
(38, 37) : 0.004847212345417748
(38, 39) : 0.004405005444879361
(39, 40) : 0.004371098115165023
(39, 3) : 0.0037976724758253177
(39, 38) : 0.004405005444879361
(40, 4) : 0.004557725507281309
(40, 39) : 0.004371098115165023
(40, 41) : 0.003881741930409168
(41, 40) : 0.003881741930409168
(41, 42) : 0.004422832613009248
(41, 5) : 0.004617704050908344
(42, 43) : 0.004488650232249411
(42, 6) : 0.003931211855392801
(42, 41) : 0.004422832613009248
(43, 42) : 0.004488650232249411
(43, 44) : 0.005596285185566252
(43, 7) : 0.003792649718152336
(44, 45) : 0.004202126460297613
(44, 8) : 0.004356539673477902
(44, 43) : 0.005596285185566252
(45, 9) : 0.0051411318888358185
(45, 44) : 0.004202126460297613
(45, 46) : 0.005245502598775051
(46, 47) : 0.003977642973866545
(46, 10) : 0.005886428256068112
(46, 45) : 0.005245502598775051
(47, 11) : 0.005877927376806759
(47, 46) : 0.003977642973866545
(47, 48) : 0.005214731012489556
(48, 49) : 0.00433730036091254
(48, 12) : 0.005099409974642067
(48, 47) : 0.005214731012489556
(49, 13) : 0.004403429521549177
(49, 48) : 0.00433730036091254
(49, 50) : 0.004236260326868837
(50, 49) : 0.004236260326868837
(50, 51) : 0.003958842626756933
(50, 14) : 0.0034193528908056697
(51, 15) : 0.0039123745049016116
(51, 50) : 0.003958842626756933
(51, 52) : 0.0033947614034795827
(52, 51) : 0.0033947614034795827
(52, 53) : 0.0046780574977235085
(52, 16) : 0.004766231369633861
(53, 17) : 0.004566068292280249
(53, 52) : 0.0046780574977235085
(53, 54) : 0.004079625109021299
(54, 18) : 0.004448001100973481
(54, 53) : 0.004079625109021299
(54, 55) : 0.005148363555671038
(55, 19) : 0.004719910923133869
(55, 54) : 0.005148363555671038
(55, 56) : 0.004689517259658937
(56, 20) : 0.004763929384693081
(56, 55) : 0.004689517259658937
(56, 57) : 0.004903617603464039
(57, 58) : 0.003912779800155494
(57, 21) : 0.005142686304490877
(57, 56) : 0.004903617603464039
(58, 22) : 0.004589657642664747
(58, 57) : 0.003912779800155494
(58, 59) : 0.004361780009534539
(59, 60) : 0.004707265941349617
(59, 23) : 0.0038525773835745604
(59, 58) : 0.004361780009534539
(60, 24) : 0.004842489721962469
(60, 59) : 0.004707265941349617
(60, 61) : 0.00530467891528382
(61, 62) : 0.005026042035519775
(61, 25) : 0.006237676812335418
(61, 60) : 0.00530467891528382
(62, 26) : 0.005783365845712638
(62, 61) : 0.005026042035519775
(62, 63) : 0.005690727594833746
(63, 62) : 0.005690727594833746
(63, 64) : 0.005083205033229687
(63, 27) : 0.0043770620672770625
(64, 28) : 0.0052397649255993845
(64, 63) : 0.005083205033229687
(64, 65) : 0.004742757531254521
(65, 64) : 0.004742757531254521
(65, 66) : 0.005172789547040881
(65, 29) : 0.006198340260285324
(66, 67) : 0.004121396948939105
(66, 30) : 0.00542156868931492
(66, 65) : 0.005172789547040881
(67, 31) : 0.0051648434026589675
(67, 66) : 0.004121396948939105
(67, 68) : 0.004185096394314053
(68, 69) : 0.004271543210799148
(68, 32) : 0.004614408966142766
(68, 67) : 0.004185096394314053
(69, 33) : 0.004316242405106337
(69, 68) : 0.004271543210799148
(69, 70) : 0.004693954159453606
(70, 71) : 0.00459597216684415
(70, 34) : 0.004290103275316745
(70, 69) : 0.004693954159453606
(71, 35) : 0.005421119398812855
(71, 70) : 0.00459597216684415
(71, 72) : 0.003824277739794588
(72, 71) : 0.003824277739794588
(72, 36) : 0.005408508579226022
(72, 37) : 0.004760408378318173
