(1, 2) : 0.004734000729403416
(1, 36) : 0.005249245661957606
(1, 37) : 0.00489844140359199
(2, 3) : 0.004660572595520735
(2, 38) : 0.005070568260144621
(2, 1) : 0.004734000729403416
(3, 2) : 0.004660572595520735
(3, 4) : 0.004667404719033389
(3, 39) : 0.0043361717636829
(4, 5) : 0.004761326549887886
(4, 40) : 0.003952050834709535
(4, 3) : 0.004667404719033389
(5, 4) : 0.004761326549887886
(5, 6) : 0.004259135892137183
(5, 41) : 0.004106466013997098
(6, 7) : 0.0052747981030840645
(6, 42) : 0.004381654018357344
(6, 5) : 0.004259135892137183
(7, 43) : 0.004864296990777928
(7, 6) : 0.0052747981030840645
(7, 8) : 0.005222103144227651
(8, 7) : 0.005222103144227651
(8, 9) : 0.005425114724250921
(8, 44) : 0.005087544996567255
(9, 10) : 0.004474042296272007
(9, 45) : 0.0045966803262604845
(9, 8) : 0.005425114724250921
(10, 9) : 0.004474042296272007
(10, 11) : 0.00423068578688397
(10, 46) : 0.004283472135100963
(11, 12) : 0.005071831977848239
(11, 47) : 0.004148125609049794
(11, 10) : 0.00423068578688397
(12, 11) : 0.00507183197784824
(12, 13) : 0.00446012894825402
(12, 48) : 0.005093169243416937
(13, 14) : 0.004204567786308682
(13, 49) : 0.005176464774739348
(13, 12) : 0.00446012894825402
(14, 13) : 0.004204567786308682
(14, 15) : 0.005108693450181813
(14, 50) : 0.0041850157772372765
(15, 16) : 0.005342841040404721
(15, 51) : 0.003990731638937524
(15, 14) : 0.005108693450181813
(16, 52) : 0.003935709884834995
(16, 15) : 0.005342841040404721
(16, 17) : 0.005326983711752966
(17, 16) : 0.005326983711752966
(17, 18) : 0.004033895672955532
(17, 53) : 0.003802524401773675
(18, 54) : 0.003901740689077065
(18, 17) : 0.004033895672955532
(18, 19) : 0.005221544374262893
(19, 18) : 0.005221544374262893
(19, 20) : 0.004072584254814248
(19, 55) : 0.004070658794733274
(20, 56) : 0.003978944921660396
(20, 19) : 0.004072584254814248
(20, 21) : 0.004117444616968225
(21, 20) : 0.004117444616968225
(21, 22) : 0.004438313126205964
(21, 57) : 0.004037953799432958
(22, 58) : 0.004781685695202071
(22, 21) : 0.004438313126205964
(22, 23) : 0.0035251671921309436
(23, 22) : 0.0035251671921309436
(23, 24) : 0.00500874557667921
(23, 59) : 0.004684067510943158
(24, 25) : 0.005356808255010975
(24, 60) : 0.004666765905938848
(24, 23) : 0.00500874557667921
(25, 61) : 0.004978241262876768
(25, 24) : 0.005356808255010975
(25, 26) : 0.0054794011692328665
(26, 27) : 0.004333672034899941
(26, 62) : 0.005251191630723145
(26, 25) : 0.0054794011692328665
(27, 26) : 0.004333672034899941
(27, 28) : 0.005336779297563497
(27, 63) : 0.005456592596103792
(28, 29) : 0.004237902536967318
(28, 64) : 0.005725394054291466
(28, 27) : 0.005336779297563497
(29, 65) : 0.0053266906820344535
(29, 28) : 0.004237902536967318
(29, 30) : 0.004999814444034907
(30, 31) : 0.0048162358320867765
(30, 66) : 0.003887057586714421
(30, 29) : 0.004999814444034907
(31, 67) : 0.003660100749749561
(31, 30) : 0.0048162358320867765
(31, 32) : 0.005019709997403156
(32, 31) : 0.005019709997403156
(32, 33) : 0.004817886571107264
(32, 68) : 0.0038701829856127934
(33, 34) : 0.003693943387393468
(33, 69) : 0.004012153075858854
(33, 32) : 0.004817886571107264
(34, 33) : 0.003693943387393468
(34, 35) : 0.004938485820588524
(34, 70) : 0.0035723989009013558
(35, 36) : 0.004195409025613255
(35, 71) : 0.004570068272418083
(35, 34) : 0.004938485820588524
(36, 1) : 0.005249245661957606
(36, 35) : 0.004195409025613255
(36, 72) : 0.005124810914734535
(37, 38) : 0.005029703260459212
(37, 72) : 0.005224831659600576
(37, 1) : 0.00489844140359199
(38, 2) : 0.005070568260144621
(38, 37) : 0.005029703260459212
(38, 39) : 0.005365369433690707
(39, 40) : 0.004773141707510966
(39, 3) : 0.0043361717636829
(39, 38) : 0.005365369433690707
(40, 4) : 0.003952050834709535
(40, 39) : 0.004773141707510966
(40, 41) : 0.0045109068518406825
(41, 40) : 0.0045109068518406825
(41, 42) : 0.003462500989545333
(41, 5) : 0.004106466013997098
(42, 43) : 0.003790453193459985
(42, 6) : 0.004381654018357344
(42, 41) : 0.003462500989545333
(43, 42) : 0.003790453193459985
(43, 44) : 0.004604675595328876
(43, 7) : 0.004864296990777928
(44, 45) : 0.005646943873126577
(44, 8) : 0.005087544996567255
(44, 43) : 0.004604675595328876
(45, 9) : 0.0045966803262604845
(45, 44) : 0.005646943873126577
(45, 46) : 0.0040777657807603
(46, 47) : 0.005038315258383751
(46, 10) : 0.004283472135100963
(46, 45) : 0.0040777657807603
(47, 11) : 0.004148125609049794
(47, 46) : 0.005038315258383751
(47, 48) : 0.004964803306441929
(48, 49) : 0.003796680143638513
(48, 12) : 0.005093169243416937
(48, 47) : 0.004964803306441929
(49, 13) : 0.005176464774739348
(49, 48) : 0.003796680143638513
(49, 50) : 0.004164433847902789
(50, 49) : 0.004164433847902789
(50, 51) : 0.003961503650453874
(50, 14) : 0.0041850157772372765
(51, 15) : 0.003990731638937524
(51, 50) : 0.003961503650453874
(51, 52) : 0.005108298540035985
(52, 51) : 0.005108298540035985
(52, 53) : 0.004520401319063124
(52, 16) : 0.003935709884834995
(53, 17) : 0.003802524401773675
(53, 52) : 0.004520401319063124
(53, 54) : 0.004517757765595968
(54, 18) : 0.003901740689077065
(54, 53) : 0.004517757765595968
(54, 55) : 0.004375082744788701
(55, 19) : 0.004070658794733274
(55, 54) : 0.004375082744788701
(55, 56) : 0.004062786732930491
(56, 20) : 0.003978944921660396
(56, 55) : 0.004062786732930491
(56, 57) : 0.004071796635032979
(57, 58) : 0.004133262448707117
(57, 21) : 0.004037953799432958
(57, 56) : 0.004071796635032979
(58, 22) : 0.004781685695202071
(58, 57) : 0.004133262448707117
(58, 59) : 0.0045334318045561935
(59, 60) : 0.005577721709971297
(59, 23) : 0.004684067510943158
(59, 58) : 0.0045334318045561935
(60, 24) : 0.004666765905938848
(60, 59) : 0.005577721709971297
(60, 61) : 0.0052861602579242165
(61, 62) : 0.005636760663449459
(61, 25) : 0.004978241262876768
(61, 60) : 0.0052861602579242165
(62, 26) : 0.005251191630723145
(62, 61) : 0.005636760663449459
(62, 63) : 0.0038277832680592492
(63, 62) : 0.0038277832680592492
(63, 64) : 0.005438843616136864
(63, 27) : 0.005456592596103792
(64, 28) : 0.005725394054291466
(64, 63) : 0.005438843616136864
(64, 65) : 0.00482648812469034
(65, 64) : 0.004826488124690341
(65, 66) : 0.005429828655505818
(65, 29) : 0.005326690682034453
(66, 67) : 0.0056487170751182095
(66, 30) : 0.003887057586714421
(66, 65) : 0.005429828655505818
(67, 31) : 0.003660100749749561
(67, 66) : 0.0056487170751182095
(67, 68) : 0.005221731873937954
(68, 69) : 0.005006591399617741
(68, 32) : 0.0038701829856127934
(68, 67) : 0.005221731873937954
(69, 33) : 0.004012153075858854
(69, 68) : 0.005006591399617741
(69, 70) : 0.003951296575007588
(70, 71) : 0.004753316958547642
(70, 34) : 0.0035723989009013558
(70, 69) : 0.003951296575007588
(71, 35) : 0.004570068272418083
(71, 70) : 0.004753316958547642
(71, 72) : 0.00407690487366426
(72, 71) : 0.00407690487366426
(72, 36) : 0.005124810914734535
(72, 37) : 0.005224831659600576
