(1, 2) : 0.004836487668533345
(1, 36) : 0.003931616723171037
(1, 37) : 0.0046237822807967946
(2, 3) : 0.005173431552304454
(2, 38) : 0.004873686265302382
(2, 1) : 0.004836487668533345
(3, 2) : 0.005173431552304454
(3, 4) : 0.0058919833912018365
(3, 39) : 0.0053050556769212295
(4, 5) : 0.005531137280859035
(4, 40) : 0.004334105894545549
(4, 3) : 0.0058919833912018365
(5, 4) : 0.005531137280859035
(5, 6) : 0.004857643908366005
(5, 41) : 0.0051559011869456795
(6, 7) : 0.004351637261948005
(6, 42) : 0.005239494062769144
(6, 5) : 0.004857643908366005
(7, 43) : 0.004784834714519744
(7, 6) : 0.004351637261948005
(7, 8) : 0.003980947518905375
(8, 7) : 0.003980947518905375
(8, 9) : 0.0037617780542449734
(8, 44) : 0.005039798086794707
(9, 10) : 0.0037428687818894493
(9, 45) : 0.00447930106657678
(9, 8) : 0.0037617780542449734
(10, 9) : 0.0037428687818894493
(10, 11) : 0.004621748117613015
(10, 46) : 0.004077255343882754
(11, 12) : 0.004728876726827492
(11, 47) : 0.0044876056160836186
(11, 10) : 0.004621748117613015
(12, 11) : 0.004728876726827492
(12, 13) : 0.00512904938894126
(12, 48) : 0.004753668899949484
(13, 14) : 0.004684510032559795
(13, 49) : 0.004693363916270034
(13, 12) : 0.00512904938894126
(14, 13) : 0.004684510032559795
(14, 15) : 0.004434909909186655
(14, 50) : 0.004088713110093482
(15, 16) : 0.003816693259190931
(15, 51) : 0.004800996034155529
(15, 14) : 0.004434909909186654
(16, 52) : 0.005233438235846047
(16, 15) : 0.003816693259190931
(16, 17) : 0.005027658863305568
(17, 16) : 0.005027658863305568
(17, 18) : 0.004217272980164244
(17, 53) : 0.003895611204683408
(18, 54) : 0.0037427387327032043
(18, 17) : 0.004217272980164244
(18, 19) : 0.0035157997747706175
(19, 18) : 0.0035157997747706175
(19, 20) : 0.004723455702672865
(19, 55) : 0.003937063699356159
(20, 56) : 0.004439870911607973
(20, 19) : 0.004723455702672865
(20, 21) : 0.00473281479620516
(21, 20) : 0.00473281479620516
(21, 22) : 0.004009729740332968
(21, 57) : 0.005249241861905963
(22, 58) : 0.004473801036043879
(22, 21) : 0.004009729740332968
(22, 23) : 0.005284988439177484
(23, 22) : 0.005284988439177484
(23, 24) : 0.00422608073866418
(23, 59) : 0.00416127602343116
(24, 25) : 0.004051213705371117
(24, 60) : 0.004219571036443094
(24, 23) : 0.00422608073866418
(25, 61) : 0.0037159981766316462
(25, 24) : 0.004051213705371117
(25, 26) : 0.003467190592670733
(26, 27) : 0.004180399347589466
(26, 62) : 0.003939968877240966
(26, 25) : 0.003467190592670733
(27, 26) : 0.004180399347589466
(27, 28) : 0.004583759264175266
(27, 63) : 0.004950652802753806
(28, 29) : 0.005527198956238471
(28, 64) : 0.005861205579468798
(28, 27) : 0.004583759264175266
(29, 65) : 0.0053551247981956825
(29, 28) : 0.005527198956238471
(29, 30) : 0.005418982804921716
(30, 31) : 0.0050645186022024525
(30, 66) : 0.005613434032852164
(30, 29) : 0.005418982804921715
(31, 67) : 0.0062858112308308
(31, 30) : 0.005064518602202452
(31, 32) : 0.005128544337572026
(32, 31) : 0.005128544337572026
(32, 33) : 0.005318647588978248
(32, 68) : 0.0052561076011023635
(33, 34) : 0.004419590918455756
(33, 69) : 0.005158215374029597
(33, 32) : 0.005318647588978248
(34, 33) : 0.004419590918455756
(34, 35) : 0.005117312968187155
(34, 70) : 0.005146764351584835
(35, 36) : 0.004551686786219289
(35, 71) : 0.004443933231192756
(35, 34) : 0.005117312968187155
(36, 1) : 0.003931616723171037
(36, 35) : 0.004551686786219289
(36, 72) : 0.0052450269893341795
(37, 38) : 0.004669354441446498
(37, 72) : 0.0037076059614123496
(37, 1) : 0.0046237822807967946
(38, 2) : 0.004873686265302382
(38, 37) : 0.004669354441446498
(38, 39) : 0.004476146863902627
(39, 40) : 0.006310185498517447
(39, 3) : 0.0053050556769212295
(39, 38) : 0.004476146863902627
(40, 4) : 0.004334105894545549
(40, 39) : 0.006310185498517447
(40, 41) : 0.005861363586843033
(41, 40) : 0.005861363586843033
(41, 42) : 0.005131591692232965
(41, 5) : 0.0051559011869456795
(42, 43) : 0.005946216618438532
(42, 6) : 0.005239494062769144
(42, 41) : 0.005131591692232965
(43, 42) : 0.005946216618438532
(43, 44) : 0.004514035479981141
(43, 7) : 0.004784834714519744
(44, 45) : 0.0047232687699454625
(44, 8) : 0.0050397980867947076
(44, 43) : 0.004514035479981141
(45, 9) : 0.00447930106657678
(45, 44) : 0.0047232687699454625
(45, 46) : 0.004257307933071438
(46, 47) : 0.004738014899395606
(46, 10) : 0.004077255343882754
(46, 45) : 0.004257307933071438
(47, 11) : 0.0044876056160836186
(47, 46) : 0.004738014899395606
(47, 48) : 0.0042179515351805285
(48, 49) : 0.0048191296944970095
(48, 12) : 0.004753668899949484
(48, 47) : 0.0042179515351805285
(49, 13) : 0.004693363916270034
(49, 48) : 0.0048191296944970095
(49, 50) : 0.004362618076186243
(50, 49) : 0.004362618076186243
(50, 51) : 0.0052653111773703284
(50, 14) : 0.004088713110093482
(51, 15) : 0.004800996034155529
(51, 50) : 0.0052653111773703284
(51, 52) : 0.00422321779452766
(52, 51) : 0.00422321779452766
(52, 53) : 0.0052959596451089145
(52, 16) : 0.005233438235846047
(53, 17) : 0.003895611204683408
(53, 52) : 0.0052959596451089145
(53, 54) : 0.004336253576693892
(54, 18) : 0.0037427387327032043
(54, 53) : 0.004336253576693892
(54, 55) : 0.0035955884500445626
(55, 19) : 0.003937063699356159
(55, 54) : 0.0035955884500445626
(55, 56) : 0.0036820812717121756
(56, 20) : 0.004439870911607973
(56, 55) : 0.003682081271712175
(56, 57) : 0.004231326847577549
(57, 58) : 0.0032886920413355623
(57, 21) : 0.005249241861905963
(57, 56) : 0.0042313268475775495
(58, 22) : 0.004473801036043879
(58, 57) : 0.0032886920413355623
(58, 59) : 0.00454019404692645
(59, 60) : 0.004286819636634211
(59, 23) : 0.00416127602343116
(59, 58) : 0.00454019404692645
(60, 24) : 0.004219571036443094
(60, 59) : 0.004286819636634211
(60, 61) : 0.004655261871882505
(61, 62) : 0.0038061716051783936
(61, 25) : 0.0037159981766316462
(61, 60) : 0.004655261871882505
(62, 26) : 0.003939968877240966
(62, 61) : 0.0038061716051783936
(62, 63) : 0.004406872664706467
(63, 62) : 0.004406872664706467
(63, 64) : 0.004668308173368743
(63, 27) : 0.004950652802753806
(64, 28) : 0.005861205579468798
(64, 63) : 0.004668308173368743
(64, 65) : 0.004761267682196273
(65, 64) : 0.004761267682196273
(65, 66) : 0.004364561354448187
(65, 29) : 0.0053551247981956825
(66, 67) : 0.0049023349412448
(66, 30) : 0.005613434032852164
(66, 65) : 0.004364561354448187
(67, 31) : 0.0062858112308308
(67, 66) : 0.0049023349412448
(67, 68) : 0.004027479179608552
(68, 69) : 0.004827013849530702
(68, 32) : 0.0052561076011023635
(68, 67) : 0.004027479179608552
(69, 33) : 0.005158215374029597
(69, 68) : 0.004827013849530702
(69, 70) : 0.003547068044664205
(70, 71) : 0.004273698982072597
(70, 34) : 0.005146764351584835
(70, 69) : 0.003547068044664205
(71, 35) : 0.004443933231192756
(71, 70) : 0.004273698982072597
(71, 72) : 0.004175141685653752
(72, 71) : 0.004175141685653752
(72, 36) : 0.0052450269893341795
(72, 37) : 0.0037076059614123496
