(1, 2) : 0.004697995271780536
(1, 36) : 0.0038939680412521938
(1, 37) : 0.004524582399625859
(2, 3) : 0.003385822510651301
(2, 38) : 0.005021320562217603
(2, 1) : 0.004697995271780536
(3, 2) : 0.003385822510651301
(3, 4) : 0.0037062474995723034
(3, 39) : 0.004439286077458362
(4, 5) : 0.003876574118522793
(4, 40) : 0.0037008580854134797
(4, 3) : 0.0037062474995723034
(5, 4) : 0.003876574118522793
(5, 6) : 0.004723697891966284
(5, 41) : 0.005042758344507437
(6, 7) : 0.0055254393459184354
(6, 42) : 0.0064810046821454055
(6, 5) : 0.004723697891966284
(7, 43) : 0.006288585522824366
(7, 6) : 0.0055254393459184354
(7, 8) : 0.004993206495637444
(8, 7) : 0.004993206495637444
(8, 9) : 0.005207220689108973
(8, 44) : 0.00495774414543631
(9, 10) : 0.0047358560337651045
(9, 45) : 0.004814331813511253
(9, 8) : 0.005207220689108973
(10, 9) : 0.0047358560337651045
(10, 11) : 0.004744228188144852
(10, 46) : 0.004850712313735395
(11, 12) : 0.005634825574372185
(11, 47) : 0.0037281383674805987
(11, 10) : 0.004744228188144852
(12, 11) : 0.005634825574372185
(12, 13) : 0.004806801988261409
(12, 48) : 0.0040693474631813276
(13, 14) : 0.004967043831766284
(13, 49) : 0.004326561082419093
(13, 12) : 0.004806801988261409
(14, 13) : 0.004967043831766284
(14, 15) : 0.0041508805784903164
(14, 50) : 0.0039752801181636415
(15, 16) : 0.0045240524659327245
(15, 51) : 0.004238065650746704
(15, 14) : 0.0041508805784903164
(16, 52) : 0.004145567148618442
(16, 15) : 0.0045240524659327245
(16, 17) : 0.004782107714982669
(17, 16) : 0.00478210771498267
(17, 18) : 0.004650999593694509
(17, 53) : 0.004360329324135383
(18, 54) : 0.004414695209117972
(18, 17) : 0.004650999593694509
(18, 19) : 0.005737657823540417
(19, 18) : 0.005737657823540417
(19, 20) : 0.005496440620339076
(19, 55) : 0.004502765268898417
(20, 56) : 0.005338941985974588
(20, 19) : 0.005496440620339078
(20, 21) : 0.00662168346366151
(21, 20) : 0.006621683463661511
(21, 22) : 0.005055348051361033
(21, 57) : 0.0051063668336638205
(22, 58) : 0.004953224479785889
(22, 21) : 0.005055348051361033
(22, 23) : 0.0045018189821667744
(23, 22) : 0.004501818982166775
(23, 24) : 0.0040423252299213305
(23, 59) : 0.004978230086108777
(24, 25) : 0.005393655508656775
(24, 60) : 0.004467564028940511
(24, 23) : 0.0040423252299213305
(25, 61) : 0.004223605380266733
(25, 24) : 0.005393655508656775
(25, 26) : 0.005049712215855484
(26, 27) : 0.0061780500127376365
(26, 62) : 0.004179855898923932
(26, 25) : 0.005049712215855484
(27, 26) : 0.0061780500127376365
(27, 28) : 0.004613091379791718
(27, 63) : 0.003922854592131137
(28, 29) : 0.005049676160079497
(28, 64) : 0.0037526048040334953
(28, 27) : 0.004613091379791718
(29, 65) : 0.004143593506574235
(29, 28) : 0.005049676160079497
(29, 30) : 0.004173018026787169
(30, 31) : 0.004989646762606136
(30, 66) : 0.0043520345415718545
(30, 29) : 0.004173018026787169
(31, 67) : 0.004904430418989167
(31, 30) : 0.004989646762606136
(31, 32) : 0.004512734390128819
(32, 31) : 0.004512734390128819
(32, 33) : 0.004637290169102068
(32, 68) : 0.005866421420349974
(33, 34) : 0.0058284677992347786
(33, 69) : 0.004473822765146059
(33, 32) : 0.004637290169102068
(34, 33) : 0.0058284677992347786
(34, 35) : 0.0037780809200940466
(34, 70) : 0.005170116474113044
(35, 36) : 0.005008428149773227
(35, 71) : 0.0053124583503655134
(35, 34) : 0.0037780809200940466
(36, 1) : 0.0038939680412521938
(36, 35) : 0.005008428149773227
(36, 72) : 0.003956328691714744
(37, 38) : 0.00420452333027186
(37, 72) : 0.005020023271300644
(37, 1) : 0.004524582399625859
(38, 2) : 0.005021320562217603
(38, 37) : 0.004204523330271859
(38, 39) : 0.003901552468572951
(39, 40) : 0.003939721586359884
(39, 3) : 0.004439286077458362
(39, 38) : 0.003901552468572951
(40, 4) : 0.0037008580854134797
(40, 39) : 0.003939721586359884
(40, 41) : 0.003986414119623526
(41, 40) : 0.003986414119623526
(41, 42) : 0.004615857713396899
(41, 5) : 0.005042758344507437
(42, 43) : 0.005859325267083295
(42, 6) : 0.0064810046821454055
(42, 41) : 0.004615857713396899
(43, 42) : 0.005859325267083295
(43, 44) : 0.004202294398534234
(43, 7) : 0.006288585522824366
(44, 45) : 0.004806060206137452
(44, 8) : 0.00495774414543631
(44, 43) : 0.004202294398534235
(45, 9) : 0.004814331813511253
(45, 44) : 0.004806060206137452
(45, 46) : 0.0038448553141549814
(46, 47) : 0.004492293146410255
(46, 10) : 0.004850712313735395
(46, 45) : 0.0038448553141549814
(47, 11) : 0.0037281383674805987
(47, 46) : 0.004492293146410255
(47, 48) : 0.004276531483311658
(48, 49) : 0.0046210655217462406
(48, 12) : 0.0040693474631813276
(48, 47) : 0.004276531483311658
(49, 13) : 0.004326561082419093
(49, 48) : 0.0046210655217462406
(49, 50) : 0.003731433252046116
(50, 49) : 0.003731433252046116
(50, 51) : 0.003915078714936483
(50, 14) : 0.0039752801181636415
(51, 15) : 0.004238065650746704
(51, 50) : 0.003915078714936483
(51, 52) : 0.0039035172254014007
(52, 51) : 0.0039035172254014007
(52, 53) : 0.004520879527882933
(52, 16) : 0.0041455671486184415
(53, 17) : 0.004360329324135383
(53, 52) : 0.004520879527882933
(53, 54) : 0.003959204833880579
(54, 18) : 0.004414695209117972
(54, 53) : 0.003959204833880579
(54, 55) : 0.004442650524302991
(55, 19) : 0.004502765268898417
(55, 54) : 0.004442650524302991
(55, 56) : 0.004332105011294051
(56, 20) : 0.005338941985974588
(56, 55) : 0.004332105011294051
(56, 57) : 0.004474405268778566
(57, 58) : 0.005654261478511226
(57, 21) : 0.0051063668336638205
(57, 56) : 0.004474405268778566
(58, 22) : 0.004953224479785889
(58, 57) : 0.005654261478511226
(58, 59) : 0.0038476503112086237
(59, 60) : 0.004892550681854788
(59, 23) : 0.004978230086108777
(59, 58) : 0.0038476503112086237
(60, 24) : 0.004467564028940511
(60, 59) : 0.004892550681854788
(60, 61) : 0.00515299940490371
(61, 62) : 0.0048470854891392795
(61, 25) : 0.004223605380266733
(61, 60) : 0.00515299940490371
(62, 26) : 0.004179855898923932
(62, 61) : 0.0048470854891392795
(62, 63) : 0.005102555198790202
(63, 62) : 0.005102555198790202
(63, 64) : 0.004603356178556757
(63, 27) : 0.003922854592131137
(64, 28) : 0.0037526048040334953
(64, 63) : 0.004603356178556757
(64, 65) : 0.0037075874829387784
(65, 64) : 0.0037075874829387784
(65, 66) : 0.0037126495335213314
(65, 29) : 0.004143593506574235
(66, 67) : 0.00416464511903601
(66, 30) : 0.0043520345415718545
(66, 65) : 0.0037126495335213314
(67, 31) : 0.004904430418989167
(67, 66) : 0.00416464511903601
(67, 68) : 0.0037198587130698284
(68, 69) : 0.004505397358476471
(68, 32) : 0.005866421420349974
(68, 67) : 0.0037198587130698284
(69, 33) : 0.004473822765146059
(69, 68) : 0.004505397358476471
(69, 70) : 0.005795695507539915
(70, 71) : 0.003938327675566817
(70, 34) : 0.005170116474113044
(70, 69) : 0.005795695507539915
(71, 35) : 0.0053124583503655134
(71, 70) : 0.003938327675566817
(71, 72) : 0.004647106343511111
(72, 71) : 0.004647106343511111
(72, 36) : 0.003956328691714744
(72, 37) : 0.005020023271300644
