(1, 2) : 0.003746928102729331
(1, 36) : 0.004586746126351851
(1, 37) : 0.004568946564929901
(2, 3) : 0.004217510539119732
(2, 38) : 0.0042969071459877375
(2, 1) : 0.003746928102729331
(3, 2) : 0.004217510539119732
(3, 4) : 0.0050218419556751085
(3, 39) : 0.0035009509543874207
(4, 5) : 0.005406828999990042
(4, 40) : 0.0034223900784602283
(4, 3) : 0.0050218419556751085
(5, 4) : 0.005406828999990042
(5, 6) : 0.0038661675104701212
(5, 41) : 0.0035632832295722752
(6, 7) : 0.004518941186340405
(6, 42) : 0.003862718755539492
(6, 5) : 0.0038661675104701212
(7, 43) : 0.004958867951441193
(7, 6) : 0.004518941186340405
(7, 8) : 0.004013765649850863
(8, 7) : 0.004013765649850863
(8, 9) : 0.005207433263632126
(8, 44) : 0.00522485988577048
(9, 10) : 0.004339146024419465
(9, 45) : 0.004285851853571079
(9, 8) : 0.005207433263632126
(10, 9) : 0.004339146024419465
(10, 11) : 0.005070534856279314
(10, 46) : 0.004111801290259692
(11, 12) : 0.005520562222280494
(11, 47) : 0.0037223782298909285
(11, 10) : 0.005070534856279314
(12, 11) : 0.005520562222280494
(12, 13) : 0.004335012854113673
(12, 48) : 0.0049412468740533165
(13, 14) : 0.004885703147450486
(13, 49) : 0.006355245257788036
(13, 12) : 0.004335012854113673
(14, 13) : 0.004885703147450486
(14, 15) : 0.00513900370139336
(14, 50) : 0.005723295721192431
(15, 16) : 0.0046951510835225654
(15, 51) : 0.005898529054893504
(15, 14) : 0.005139003701393359
(16, 52) : 0.005466154842754474
(16, 15) : 0.004695151083522565
(16, 17) : 0.005745007859641852
(17, 16) : 0.005745007859641852
(17, 18) : 0.004580926546575711
(17, 53) : 0.004280824409538815
(18, 54) : 0.0045852359857928016
(18, 17) : 0.004580926546575711
(18, 19) : 0.005366351037840392
(19, 18) : 0.005366351037840392
(19, 20) : 0.005070994777367142
(19, 55) : 0.0046218478630424
(20, 56) : 0.004005815829749984
(20, 19) : 0.005070994777367142
(20, 21) : 0.005175434377396528
(21, 20) : 0.005175434377396528
(21, 22) : 0.004673211764742265
(21, 57) : 0.004102828545756156
(22, 58) : 0.004662801895942759
(22, 21) : 0.004673211764742265
(22, 23) : 0.0041032200506037385
(23, 22) : 0.0041032200506037385
(23, 24) : 0.004000549070540063
(23, 59) : 0.004058163166145653
(24, 25) : 0.004306823587618872
(24, 60) : 0.004019814891899984
(24, 23) : 0.004000549070540063
(25, 61) : 0.005289074058240301
(25, 24) : 0.004306823587618872
(25, 26) : 0.004769123345335902
(26, 27) : 0.0043802517156499585
(26, 62) : 0.005463007584966466
(26, 25) : 0.004769123345335902
(27, 26) : 0.0043802517156499585
(27, 28) : 0.004623636107790447
(27, 63) : 0.004414296596183473
(28, 29) : 0.004878732500687386
(28, 64) : 0.004167045762485662
(28, 27) : 0.004623636107790447
(29, 65) : 0.0038567030286532685
(29, 28) : 0.004878732500687386
(29, 30) : 0.004672230574277882
(30, 31) : 0.004826414434694372
(30, 66) : 0.003938449179549609
(30, 29) : 0.004672230574277882
(31, 67) : 0.004963663491568904
(31, 30) : 0.004826414434694372
(31, 32) : 0.004567324909168364
(32, 31) : 0.004567324909168364
(32, 33) : 0.004658411554531628
(32, 68) : 0.005522370302263068
(33, 34) : 0.005423182300765346
(33, 69) : 0.0052233008451456975
(33, 32) : 0.004658411554531628
(34, 33) : 0.005423182300765346
(34, 35) : 0.005131281251066619
(34, 70) : 0.0054854820229135294
(35, 36) : 0.0043259749691412835
(35, 71) : 0.005309153374282133
(35, 34) : 0.005131281251066619
(36, 1) : 0.004586746126351851
(36, 35) : 0.0043259749691412835
(36, 72) : 0.004096879196048171
(37, 38) : 0.0036270977490671604
(37, 72) : 0.004319781833141357
(37, 1) : 0.004568946564929901
(38, 2) : 0.0042969071459877375
(38, 37) : 0.0036270977490671604
(38, 39) : 0.005063672250549872
(39, 40) : 0.005125359078012562
(39, 3) : 0.0035009509543874207
(39, 38) : 0.005063672250549872
(40, 4) : 0.0034223900784602283
(40, 39) : 0.005125359078012562
(40, 41) : 0.005182278138005649
(41, 40) : 0.005182278138005649
(41, 42) : 0.003860129895497732
(41, 5) : 0.0035632832295722752
(42, 43) : 0.003642577287797002
(42, 6) : 0.003862718755539492
(42, 41) : 0.003860129895497732
(43, 42) : 0.003642577287797002
(43, 44) : 0.0037821026684674913
(43, 7) : 0.004958867951441193
(44, 45) : 0.004291028208950497
(44, 8) : 0.00522485988577048
(44, 43) : 0.0037821026684674913
(45, 9) : 0.004285851853571079
(45, 44) : 0.004291028208950497
(45, 46) : 0.004440750984568122
(46, 47) : 0.004895634880101747
(46, 10) : 0.004111801290259692
(46, 45) : 0.004440750984568122
(47, 11) : 0.0037223782298909285
(47, 46) : 0.004895634880101747
(47, 48) : 0.005514214842429983
(48, 49) : 0.0048734772395862104
(48, 12) : 0.0049412468740533165
(48, 47) : 0.0055142148424299825
(49, 13) : 0.006355245257788036
(49, 48) : 0.0048734772395862104
(49, 50) : 0.003903079024459993
(50, 49) : 0.003903079024459993
(50, 51) : 0.0046077294992822706
(50, 14) : 0.005723295721192431
(51, 15) : 0.005898529054893504
(51, 50) : 0.0046077294992822706
(51, 52) : 0.0045359917494490615
(52, 51) : 0.004535991749449061
(52, 53) : 0.004382687329036331
(52, 16) : 0.005466154842754474
(53, 17) : 0.004280824409538815
(53, 52) : 0.004382687329036331
(53, 54) : 0.004851874187885244
(54, 18) : 0.0045852359857928016
(54, 53) : 0.004851874187885244
(54, 55) : 0.004692186963111205
(55, 19) : 0.0046218478630424
(55, 54) : 0.004692186963111205
(55, 56) : 0.004540866142653978
(56, 20) : 0.004005815829749984
(56, 55) : 0.004540866142653978
(56, 57) : 0.004750802490623412
(57, 58) : 0.004743461179341791
(57, 21) : 0.004102828545756155
(57, 56) : 0.004750802490623412
(58, 22) : 0.004662801895942759
(58, 57) : 0.004743461179341791
(58, 59) : 0.0037162128523065188
(59, 60) : 0.004402487994472856
(59, 23) : 0.004058163166145653
(59, 58) : 0.0037162128523065188
(60, 24) : 0.004019814891899984
(60, 59) : 0.004402487994472856
(60, 61) : 0.004980782462059177
(61, 62) : 0.004409827175300103
(61, 25) : 0.005289074058240301
(61, 60) : 0.004980782462059177
(62, 26) : 0.005463007584966466
(62, 61) : 0.004409827175300103
(62, 63) : 0.005007567282745652
(63, 62) : 0.005007567282745652
(63, 64) : 0.004784535938366757
(63, 27) : 0.004414296596183473
(64, 28) : 0.004167045762485662
(64, 63) : 0.004784535938366757
(64, 65) : 0.004451301289926256
(65, 64) : 0.004451301289926256
(65, 66) : 0.006057439804722325
(65, 29) : 0.0038567030286532685
(66, 67) : 0.00442644648717053
(66, 30) : 0.003938449179549609
(66, 65) : 0.006057439804722325
(67, 31) : 0.004963663491568904
(67, 66) : 0.00442644648717053
(67, 68) : 0.005101808146648739
(68, 69) : 0.00414170085067219
(68, 32) : 0.005522370302263068
(68, 67) : 0.005101808146648739
(69, 33) : 0.0052233008451456975
(69, 68) : 0.00414170085067219
(69, 70) : 0.005003596079351962
(70, 71) : 0.00407760361649176
(70, 34) : 0.0054854820229135294
(70, 69) : 0.005003596079351962
(71, 35) : 0.005309153374282133
(71, 70) : 0.00407760361649176
(71, 72) : 0.003991360718031279
(72, 71) : 0.003991360718031279
(72, 36) : 0.004096879196048171
(72, 37) : 0.004319781833141357
