(1, 2) : 0.004367290836311041
(1, 36) : 0.0038138493089490267
(1, 37) : 0.0037472306700810313
(2, 3) : 0.004201175646624613
(2, 38) : 0.0042090737964062
(2, 1) : 0.004367290836311041
(3, 2) : 0.004201175646624613
(3, 4) : 0.005901317780437917
(3, 39) : 0.004691823178706357
(4, 5) : 0.0038589292869309513
(4, 40) : 0.00490997885271877
(4, 3) : 0.005901317780437917
(5, 4) : 0.0038589292869309513
(5, 6) : 0.0046958692194184835
(5, 41) : 0.004668986551169994
(6, 7) : 0.004148338395445434
(6, 42) : 0.004337604948141525
(6, 5) : 0.0046958692194184835
(7, 43) : 0.0038028420459937247
(7, 6) : 0.004148338395445434
(7, 8) : 0.004955938426433193
(8, 7) : 0.004955938426433192
(8, 9) : 0.004419212235628299
(8, 44) : 0.0035026211422446944
(9, 10) : 0.004760090835204158
(9, 45) : 0.00543129467686616
(9, 8) : 0.004419212235628299
(10, 9) : 0.004760090835204158
(10, 11) : 0.006163444431238941
(10, 46) : 0.006854848304130147
(11, 12) : 0.006793506486654014
(11, 47) : 0.00574259264879063
(11, 10) : 0.006163444431238941
(12, 11) : 0.006793506486654014
(12, 13) : 0.005165288298325896
(12, 48) : 0.005113614346399601
(13, 14) : 0.004875993672942097
(13, 49) : 0.0054855488225663785
(13, 12) : 0.005165288298325896
(14, 13) : 0.004875993672942097
(14, 15) : 0.0050059488183154454
(14, 50) : 0.004963669815020362
(15, 16) : 0.0051485336091743415
(15, 51) : 0.004313442567230616
(15, 14) : 0.0050059488183154454
(16, 52) : 0.004998749787404756
(16, 15) : 0.0051485336091743415
(16, 17) : 0.004500653508709103
(17, 16) : 0.004500653508709102
(17, 18) : 0.00486348026413694
(17, 53) : 0.004353938567130963
(18, 54) : 0.003432249607150558
(18, 17) : 0.00486348026413694
(18, 19) : 0.003730493987459469
(19, 18) : 0.003730493987459469
(19, 20) : 0.00327582952300354
(19, 55) : 0.0042260125035293895
(20, 56) : 0.0046656303029337775
(20, 19) : 0.00327582952300354
(20, 21) : 0.003994310984534623
(21, 20) : 0.003994310984534623
(21, 22) : 0.003930421248529343
(21, 57) : 0.004096191627434483
(22, 58) : 0.0036767645025034806
(22, 21) : 0.003930421248529343
(22, 23) : 0.00483372594513572
(23, 22) : 0.00483372594513572
(23, 24) : 0.005009347367443836
(23, 59) : 0.003898284329373748
(24, 25) : 0.004225187320141743
(24, 60) : 0.004287684702102077
(24, 23) : 0.005009347367443836
(25, 61) : 0.004242229560663248
(25, 24) : 0.004225187320141743
(25, 26) : 0.004573088936353103
(26, 27) : 0.004389365495863876
(26, 62) : 0.0046037217789619755
(26, 25) : 0.004573088936353103
(27, 26) : 0.004389365495863876
(27, 28) : 0.004961386082037999
(27, 63) : 0.004267490408609329
(28, 29) : 0.005101296564456127
(28, 64) : 0.003661971155597683
(28, 27) : 0.004961386082037999
(29, 65) : 0.005021448193323665
(29, 28) : 0.005101296564456127
(29, 30) : 0.004153826662147208
(30, 31) : 0.0055125780037171045
(30, 66) : 0.005458252096058904
(30, 29) : 0.004153826662147209
(31, 67) : 0.005133274322532288
(31, 30) : 0.0055125780037171045
(31, 32) : 0.004830015913264361
(32, 31) : 0.004830015913264361
(32, 33) : 0.0042801915198309145
(32, 68) : 0.005190141033755428
(33, 34) : 0.004970085165235556
(33, 69) : 0.004394063178382005
(33, 32) : 0.0042801915198309145
(34, 33) : 0.004970085165235556
(34, 35) : 0.004280698663071853
(34, 70) : 0.004659092265867797
(35, 36) : 0.0047373084962807266
(35, 71) : 0.005329151768343355
(35, 34) : 0.004280698663071853
(36, 1) : 0.0038138493089490267
(36, 35) : 0.0047373084962807266
(36, 72) : 0.0045414811150771405
(37, 38) : 0.003945786634849002
(37, 72) : 0.004396479893911082
(37, 1) : 0.0037472306700810313
(38, 2) : 0.0042090737964062
(38, 37) : 0.003945786634849002
(38, 39) : 0.005500826532622086
(39, 40) : 0.004753949677614971
(39, 3) : 0.004691823178706357
(39, 38) : 0.005500826532622086
(40, 4) : 0.00490997885271877
(40, 39) : 0.004753949677614971
(40, 41) : 0.005371143918612292
(41, 40) : 0.005371143918612292
(41, 42) : 0.003579459552541083
(41, 5) : 0.004668986551169994
(42, 43) : 0.004901470783596096
(42, 6) : 0.004337604948141525
(42, 41) : 0.003579459552541083
(43, 42) : 0.004901470783596096
(43, 44) : 0.005210016141490955
(43, 7) : 0.0038028420459937247
(44, 45) : 0.004738614705108019
(44, 8) : 0.0035026211422446944
(44, 43) : 0.005210016141490955
(45, 9) : 0.00543129467686616
(45, 44) : 0.004738614705108019
(45, 46) : 0.004158870169148846
(46, 47) : 0.006172398459987278
(46, 10) : 0.006854848304130147
(46, 45) : 0.004158870169148846
(47, 11) : 0.00574259264879063
(47, 46) : 0.006172398459987278
(47, 48) : 0.004839384029313981
(48, 49) : 0.005193137034845326
(48, 12) : 0.005113614346399601
(48, 47) : 0.004839384029313981
(49, 13) : 0.0054855488225663785
(49, 48) : 0.005193137034845326
(49, 50) : 0.00378206215689322
(50, 49) : 0.00378206215689322
(50, 51) : 0.004846614558100819
(50, 14) : 0.004963669815020362
(51, 15) : 0.004313442567230616
(51, 50) : 0.004846614558100819
(51, 52) : 0.004115998619621603
(52, 51) : 0.004115998619621603
(52, 53) : 0.004171991686991104
(52, 16) : 0.004998749787404756
(53, 17) : 0.004353938567130963
(53, 52) : 0.004171991686991104
(53, 54) : 0.0041936456157689594
(54, 18) : 0.003432249607150558
(54, 53) : 0.0041936456157689594
(54, 55) : 0.0042336036899360925
(55, 19) : 0.0042260125035293895
(55, 54) : 0.0042336036899360925
(55, 56) : 0.0036492413194611916
(56, 20) : 0.0046656303029337775
(56, 55) : 0.0036492413194611916
(56, 57) : 0.004393390983671764
(57, 58) : 0.004747848634800044
(57, 21) : 0.004096191627434483
(57, 56) : 0.004393390983671764
(58, 22) : 0.0036767645025034806
(58, 57) : 0.004747848634800044
(58, 59) : 0.004470210145221411
(59, 60) : 0.00489292332413907
(59, 23) : 0.003898284329373748
(59, 58) : 0.004470210145221411
(60, 24) : 0.004287684702102077
(60, 59) : 0.00489292332413907
(60, 61) : 0.004658863295387232
(61, 62) : 0.004056933096132365
(61, 25) : 0.004242229560663248
(61, 60) : 0.004658863295387232
(62, 26) : 0.0046037217789619755
(62, 61) : 0.004056933096132365
(62, 63) : 0.004979168066046413
(63, 62) : 0.004979168066046413
(63, 64) : 0.005219787094665679
(63, 27) : 0.004267490408609329
(64, 28) : 0.003661971155597683
(64, 63) : 0.005219787094665679
(64, 65) : 0.004937222643557148
(65, 64) : 0.004937222643557148
(65, 66) : 0.004719091899232115
(65, 29) : 0.005021448193323665
(66, 67) : 0.005242791284889797
(66, 30) : 0.005458252096058904
(66, 65) : 0.004719091899232115
(67, 31) : 0.005133274322532288
(67, 66) : 0.005242791284889797
(67, 68) : 0.0045374285873887345
(68, 69) : 0.004506771444531494
(68, 32) : 0.005190141033755428
(68, 67) : 0.0045374285873887345
(69, 33) : 0.004394063178382005
(69, 68) : 0.004506771444531494
(69, 70) : 0.0039139138274470716
(70, 71) : 0.0048152997252982775
(70, 34) : 0.004659092265867797
(70, 69) : 0.0039139138274470716
(71, 35) : 0.005329151768343355
(71, 70) : 0.0048152997252982775
(71, 72) : 0.0038126466545879956
(72, 71) : 0.0038126466545879956
(72, 36) : 0.0045414811150771405
(72, 37) : 0.004396479893911082
