(1, 2) : 0.005771264439167913
(1, 36) : 0.004598884619214996
(1, 37) : 0.004756657232332717
(2, 3) : 0.005821927105803816
(2, 38) : 0.004048077341030766
(2, 1) : 0.005771264439167913
(3, 2) : 0.005821927105803816
(3, 4) : 0.005621068755315221
(3, 39) : 0.004714838387038196
(4, 5) : 0.004609601927252424
(4, 40) : 0.005951703971593345
(4, 3) : 0.005621068755315219
(5, 4) : 0.004609601927252424
(5, 6) : 0.004674258657151181
(5, 41) : 0.005726981677644855
(6, 7) : 0.004967419043897851
(6, 42) : 0.004195245720273016
(6, 5) : 0.004674258657151181
(7, 43) : 0.005194726840030236
(7, 6) : 0.004967419043897851
(7, 8) : 0.004833061515235019
(8, 7) : 0.004833061515235019
(8, 9) : 0.00515261047868856
(8, 44) : 0.005235635733232124
(9, 10) : 0.004097996950278057
(9, 45) : 0.004012809852700838
(9, 8) : 0.00515261047868856
(10, 9) : 0.004097996950278057
(10, 11) : 0.003740893574312287
(10, 46) : 0.0038511053176495183
(11, 12) : 0.0041902837192337224
(11, 47) : 0.0036657680661804225
(11, 10) : 0.003740893574312287
(12, 11) : 0.0041902837192337224
(12, 13) : 0.004075150643004157
(12, 48) : 0.003926593866121396
(13, 14) : 0.004015753492781753
(13, 49) : 0.004824093541216284
(13, 12) : 0.004075150643004157
(14, 13) : 0.004015753492781753
(14, 15) : 0.005036997887253553
(14, 50) : 0.0047232084535933725
(15, 16) : 0.004315473012851235
(15, 51) : 0.003960969018422302
(15, 14) : 0.005036997887253553
(16, 52) : 0.003899539929469629
(16, 15) : 0.004315473012851235
(16, 17) : 0.0038352163194583446
(17, 16) : 0.0038352163194583446
(17, 18) : 0.004101038443075021
(17, 53) : 0.003745900246514635
(18, 54) : 0.004800683664056109
(18, 17) : 0.004101038443075021
(18, 19) : 0.004308889576619001
(19, 18) : 0.004308889576619001
(19, 20) : 0.004986227891674273
(19, 55) : 0.005063979584888805
(20, 56) : 0.004109895030386066
(20, 19) : 0.004986227891674273
(20, 21) : 0.0044435643943460616
(21, 20) : 0.0044435643943460616
(21, 22) : 0.004900004623189211
(21, 57) : 0.004928911939076532
(22, 58) : 0.006293288759888574
(22, 21) : 0.004900004623189211
(22, 23) : 0.005050220778185457
(23, 22) : 0.005050220778185457
(23, 24) : 0.004605718345610051
(23, 59) : 0.006059800010304995
(24, 25) : 0.004619690167753544
(24, 60) : 0.004419469574259332
(24, 23) : 0.004605718345610051
(25, 61) : 0.0043782905531811345
(25, 24) : 0.004619690167753544
(25, 26) : 0.004479053591148031
(26, 27) : 0.005282283590803154
(26, 62) : 0.005343847178446624
(26, 25) : 0.004479053591148031
(27, 26) : 0.005282283590803154
(27, 28) : 0.006174674689145148
(27, 63) : 0.006033182095395892
(28, 29) : 0.004534807568906299
(28, 64) : 0.005595636437938888
(28, 27) : 0.006174674689145148
(29, 65) : 0.004763946965265185
(29, 28) : 0.004534807568906299
(29, 30) : 0.003966334494979138
(30, 31) : 0.004388191446131016
(30, 66) : 0.0049316568322231935
(30, 29) : 0.003966334494979138
(31, 67) : 0.004742615049644942
(31, 30) : 0.004388191446131016
(31, 32) : 0.005080564104359568
(32, 31) : 0.005080564104359568
(32, 33) : 0.003953684853201121
(32, 68) : 0.0044557838283243115
(33, 34) : 0.004948747510578611
(33, 69) : 0.00406359188349219
(33, 32) : 0.003953684853201121
(34, 33) : 0.004948747510578611
(34, 35) : 0.004718877897200632
(34, 70) : 0.003965581779548731
(35, 36) : 0.005495891085254868
(35, 71) : 0.00548528439763834
(35, 34) : 0.004718877897200632
(36, 1) : 0.004598884619214996
(36, 35) : 0.005495891085254868
(36, 72) : 0.006235968670625922
(37, 38) : 0.00452294396574397
(37, 72) : 0.003817267879078889
(37, 1) : 0.004756657232332717
(38, 2) : 0.004048077341030766
(38, 37) : 0.00452294396574397
(38, 39) : 0.005025287032496649
(39, 40) : 0.00561481588137238
(39, 3) : 0.004714838387038196
(39, 38) : 0.005025287032496649
(40, 4) : 0.005951703971593345
(40, 39) : 0.00561481588137238
(40, 41) : 0.003684493854103221
(41, 40) : 0.003684493854103221
(41, 42) : 0.0048222544897339355
(41, 5) : 0.005726981677644855
(42, 43) : 0.004730250550877071
(42, 6) : 0.004195245720273016
(42, 41) : 0.0048222544897339355
(43, 42) : 0.004730250550877071
(43, 44) : 0.004295594844629535
(43, 7) : 0.005194726840030236
(44, 45) : 0.005048220438224167
(44, 8) : 0.005235635733232124
(44, 43) : 0.004295594844629535
(45, 9) : 0.004012809852700838
(45, 44) : 0.005048220438224167
(45, 46) : 0.003825768531516076
(46, 47) : 0.003916094934438556
(46, 10) : 0.0038511053176495183
(46, 45) : 0.003825768531516076
(47, 11) : 0.0036657680661804225
(47, 46) : 0.003916094934438556
(47, 48) : 0.003975146993534224
(48, 49) : 0.004737717746502226
(48, 12) : 0.003926593866121396
(48, 47) : 0.003975146993534224
(49, 13) : 0.004824093541216284
(49, 48) : 0.004737717746502226
(49, 50) : 0.003867718780675846
(50, 49) : 0.003867718780675846
(50, 51) : 0.005158149277701947
(50, 14) : 0.0047232084535933725
(51, 15) : 0.003960969018422302
(51, 50) : 0.005158149277701947
(51, 52) : 0.004922818012516191
(52, 51) : 0.004922818012516191
(52, 53) : 0.0034455635484075967
(52, 16) : 0.003899539929469629
(53, 17) : 0.003745900246514635
(53, 52) : 0.0034455635484075967
(53, 54) : 0.00428326421083267
(54, 18) : 0.004800683664056109
(54, 53) : 0.00428326421083267
(54, 55) : 0.003772052360997443
(55, 19) : 0.005063979584888804
(55, 54) : 0.003772052360997443
(55, 56) : 0.003967023065057077
(56, 20) : 0.004109895030386066
(56, 55) : 0.003967023065057077
(56, 57) : 0.0036484985975519624
(57, 58) : 0.004359496226248709
(57, 21) : 0.004928911939076531
(57, 56) : 0.0036484985975519624
(58, 22) : 0.006293288759888575
(58, 57) : 0.004359496226248709
(58, 59) : 0.005089598742736739
(59, 60) : 0.004841502055790667
(59, 23) : 0.006059800010304995
(59, 58) : 0.005089598742736739
(60, 24) : 0.004419469574259332
(60, 59) : 0.004841502055790667
(60, 61) : 0.004868967944345274
(61, 62) : 0.0037292264696901518
(61, 25) : 0.0043782905531811345
(61, 60) : 0.004868967944345274
(62, 26) : 0.005343847178446624
(62, 61) : 0.0037292264696901518
(62, 63) : 0.0048238598595659295
(63, 62) : 0.0048238598595659295
(63, 64) : 0.004308194587676377
(63, 27) : 0.006033182095395892
(64, 28) : 0.005595636437938888
(64, 63) : 0.004308194587676377
(64, 65) : 0.0051475222848391825
(65, 64) : 0.0051475222848391825
(65, 66) : 0.004222779741020595
(65, 29) : 0.004763946965265185
(66, 67) : 0.004919509551924606
(66, 30) : 0.0049316568322231935
(66, 65) : 0.004222779741020595
(67, 31) : 0.004742615049644942
(67, 66) : 0.004919509551924606
(67, 68) : 0.005524207931817686
(68, 69) : 0.0035465405246929657
(68, 32) : 0.0044557838283243115
(68, 67) : 0.005524207931817685
(69, 33) : 0.00406359188349219
(69, 68) : 0.0035465405246929657
(69, 70) : 0.003935169931449337
(70, 71) : 0.003771373447830337
(70, 34) : 0.003965581779548731
(70, 69) : 0.003935169931449337
(71, 35) : 0.00548528439763834
(71, 70) : 0.003771373447830337
(71, 72) : 0.004329509081690001
(72, 71) : 0.004329509081690001
(72, 36) : 0.006235968670625922
(72, 37) : 0.003817267879078889
