(1, 2) : 0.0045796964472643
(1, 36) : 0.004759499549531185
(1, 37) : 0.0043550754405472115
(2, 3) : 0.004842571730381619
(2, 38) : 0.006365562099880369
(2, 1) : 0.0045796964472643
(3, 2) : 0.004842571730381619
(3, 4) : 0.006704177806225599
(3, 39) : 0.005754127955950344
(4, 5) : 0.005018352540713913
(4, 40) : 0.004441172926871867
(4, 3) : 0.0067041778062256
(5, 4) : 0.005018352540713913
(5, 6) : 0.0050642759465812
(5, 41) : 0.0039186007855152825
(6, 7) : 0.003996911979885736
(6, 42) : 0.0038309496727981732
(6, 5) : 0.0050642759465812
(7, 43) : 0.003988367780593177
(7, 6) : 0.003996911979885736
(7, 8) : 0.003850638085825406
(8, 7) : 0.003850638085825406
(8, 9) : 0.0038818545984683804
(8, 44) : 0.004058350033983342
(9, 10) : 0.004105441539158915
(9, 45) : 0.005044360211147707
(9, 8) : 0.0038818545984683804
(10, 9) : 0.004105441539158915
(10, 11) : 0.003805704469653319
(10, 46) : 0.004968012251112926
(11, 12) : 0.004293488274863639
(11, 47) : 0.004876118016755476
(11, 10) : 0.003805704469653319
(12, 11) : 0.004293488274863639
(12, 13) : 0.0037889499449804136
(12, 48) : 0.005122645384161061
(13, 14) : 0.004590263895207899
(13, 49) : 0.004213932879638967
(13, 12) : 0.0037889499449804136
(14, 13) : 0.004590263895207899
(14, 15) : 0.006241843475093564
(14, 50) : 0.003924026043295948
(15, 16) : 0.005002812892996124
(15, 51) : 0.004846925417291908
(15, 14) : 0.006241843475093564
(16, 52) : 0.004903656089565344
(16, 15) : 0.005002812892996124
(16, 17) : 0.005785086440466825
(17, 16) : 0.005785086440466826
(17, 18) : 0.004456258759503628
(17, 53) : 0.0044406238924033625
(18, 54) : 0.005224791799268851
(18, 17) : 0.004456258759503628
(18, 19) : 0.0054481362358180735
(19, 18) : 0.0054481362358180735
(19, 20) : 0.00427133877664866
(19, 55) : 0.004725298919997268
(20, 56) : 0.0039554759299729745
(20, 19) : 0.00427133877664866
(20, 21) : 0.004402103187211358
(21, 20) : 0.004402103187211358
(21, 22) : 0.004209401491436298
(21, 57) : 0.004358334152383628
(22, 58) : 0.004503763998394002
(22, 21) : 0.004209401491436298
(22, 23) : 0.00493182570295009
(23, 22) : 0.00493182570295009
(23, 24) : 0.004284008233091782
(23, 59) : 0.005077105102307077
(24, 25) : 0.004227865482259394
(24, 60) : 0.005034561897414994
(24, 23) : 0.004284008233091782
(25, 61) : 0.004212981239702613
(25, 24) : 0.004227865482259394
(25, 26) : 0.0036518116269757136
(26, 27) : 0.004781508550979758
(26, 62) : 0.004430461614294074
(26, 25) : 0.0036518116269757136
(27, 26) : 0.004781508550979758
(27, 28) : 0.0036767283524337326
(27, 63) : 0.005722291519084185
(28, 29) : 0.0057228230661616995
(28, 64) : 0.004872369246716081
(28, 27) : 0.0036767283524337326
(29, 65) : 0.0037847107029180807
(29, 28) : 0.0057228230661616995
(29, 30) : 0.004715098911269453
(30, 31) : 0.004155056181865299
(30, 66) : 0.0048004174743271864
(30, 29) : 0.004715098911269453
(31, 67) : 0.005639113964358426
(31, 30) : 0.004155056181865299
(31, 32) : 0.003772582519959661
(32, 31) : 0.003772582519959661
(32, 33) : 0.005364023152954845
(32, 68) : 0.004911674737993969
(33, 34) : 0.004482972571237981
(33, 69) : 0.005469895966713527
(33, 32) : 0.005364023152954845
(34, 33) : 0.004482972571237981
(34, 35) : 0.004902885230324767
(34, 70) : 0.005816703890824093
(35, 36) : 0.004209298673524573
(35, 71) : 0.0050349805617742405
(35, 34) : 0.004902885230324767
(36, 1) : 0.004759499549531185
(36, 35) : 0.004209298673524573
(36, 72) : 0.004345455385428816
(37, 38) : 0.0037329542645501445
(37, 72) : 0.005130978821143592
(37, 1) : 0.0043550754405472115
(38, 2) : 0.006365562099880369
(38, 37) : 0.0037329542645501445
(38, 39) : 0.004789944016858392
(39, 40) : 0.005456702087431328
(39, 3) : 0.005754127955950344
(39, 38) : 0.004789944016858393
(40, 4) : 0.004441172926871867
(40, 39) : 0.005456702087431328
(40, 41) : 0.004850721860576916
(41, 40) : 0.004850721860576916
(41, 42) : 0.005587244801629
(41, 5) : 0.0039186007855152825
(42, 43) : 0.00420182598591196
(42, 6) : 0.0038309496727981732
(42, 41) : 0.005587244801629
(43, 42) : 0.00420182598591196
(43, 44) : 0.0039600633321607405
(43, 7) : 0.003988367780593177
(44, 45) : 0.004210137490259306
(44, 8) : 0.004058350033983342
(44, 43) : 0.0039600633321607405
(45, 9) : 0.005044360211147707
(45, 44) : 0.004210137490259306
(45, 46) : 0.0035687864464487478
(46, 47) : 0.005106082644644013
(46, 10) : 0.004968012251112926
(46, 45) : 0.0035687864464487478
(47, 11) : 0.004876118016755476
(47, 46) : 0.005106082644644012
(47, 48) : 0.003952752252238288
(48, 49) : 0.004561569397760205
(48, 12) : 0.005122645384161061
(48, 47) : 0.003952752252238288
(49, 13) : 0.004213932879638967
(49, 48) : 0.004561569397760205
(49, 50) : 0.003905054616441437
(50, 49) : 0.003905054616441437
(50, 51) : 0.0045758723731058925
(50, 14) : 0.003924026043295948
(51, 15) : 0.004846925417291908
(51, 50) : 0.0045758723731058925
(51, 52) : 0.004903079605853429
(52, 51) : 0.004903079605853429
(52, 53) : 0.003675548176377315
(52, 16) : 0.004903656089565344
(53, 17) : 0.0044406238924033625
(53, 52) : 0.003675548176377315
(53, 54) : 0.004927643485267219
(54, 18) : 0.005224791799268851
(54, 53) : 0.004927643485267219
(54, 55) : 0.004319986487638181
(55, 19) : 0.004725298919997268
(55, 54) : 0.004319986487638181
(55, 56) : 0.004234764798132988
(56, 20) : 0.0039554759299729745
(56, 55) : 0.004234764798132988
(56, 57) : 0.003875312092097605
(57, 58) : 0.003897833792889566
(57, 21) : 0.004358334152383628
(57, 56) : 0.003875312092097605
(58, 22) : 0.004503763998394002
(58, 57) : 0.003897833792889566
(58, 59) : 0.004842029553206689
(59, 60) : 0.004471305497157123
(59, 23) : 0.005077105102307077
(59, 58) : 0.004842029553206689
(60, 24) : 0.005034561897414994
(60, 59) : 0.004471305497157123
(60, 61) : 0.004570421748156972
(61, 62) : 0.00461309121160609
(61, 25) : 0.004212981239702613
(61, 60) : 0.004570421748156972
(62, 26) : 0.004430461614294074
(62, 61) : 0.00461309121160609
(62, 63) : 0.004104534000737306
(63, 62) : 0.004104534000737306
(63, 64) : 0.004246253247795927
(63, 27) : 0.005722291519084185
(64, 28) : 0.004872369246716081
(64, 63) : 0.004246253247795927
(64, 65) : 0.005177207312014799
(65, 64) : 0.005177207312014799
(65, 66) : 0.0051739133209383744
(65, 29) : 0.0037847107029180807
(66, 67) : 0.004536459815965385
(66, 30) : 0.0048004174743271864
(66, 65) : 0.0051739133209383744
(67, 31) : 0.005639113964358426
(67, 66) : 0.004536459815965385
(67, 68) : 0.004204284937403907
(68, 69) : 0.0051568893915410205
(68, 32) : 0.0049116747379939684
(68, 67) : 0.004204284937403907
(69, 33) : 0.005469895966713527
(69, 68) : 0.005156889391541021
(69, 70) : 0.004761396144983562
(70, 71) : 0.0052498028698207315
(70, 34) : 0.005816703890824093
(70, 69) : 0.004761396144983562
(71, 35) : 0.0050349805617742405
(71, 70) : 0.0052498028698207315
(71, 72) : 0.004517360809964851
(72, 71) : 0.004517360809964851
(72, 36) : 0.004345455385428816
(72, 37) : 0.005130978821143592
