(1, 2) : 0.005603929149767924
(1, 36) : 0.004718526437811566
(1, 37) : 0.004809137959485377
(2, 3) : 0.004027903425726132
(2, 38) : 0.005348373548893462
(2, 1) : 0.005603929149767924
(3, 2) : 0.004027903425726132
(3, 4) : 0.004165742239007095
(3, 39) : 0.005223648008443515
(4, 5) : 0.0041230379707741125
(4, 40) : 0.004114768700158349
(4, 3) : 0.004165742239007095
(5, 4) : 0.0041230379707741125
(5, 6) : 0.0036500606955919826
(5, 41) : 0.00481101360844096
(6, 7) : 0.0047259589684392304
(6, 42) : 0.0051709038770801465
(6, 5) : 0.0036500606955919826
(7, 43) : 0.004935209711699171
(7, 6) : 0.00472595896843923
(7, 8) : 0.004330494163657277
(8, 7) : 0.004330494163657277
(8, 9) : 0.004833994746949123
(8, 44) : 0.005059325643990292
(9, 10) : 0.004422960585620535
(9, 45) : 0.004050564898977135
(9, 8) : 0.004833994746949123
(10, 9) : 0.004422960585620535
(10, 11) : 0.00362867917899427
(10, 46) : 0.0035864039646227933
(11, 12) : 0.004141129568529595
(11, 47) : 0.004857120525854923
(11, 10) : 0.00362867917899427
(12, 11) : 0.004141129568529595
(12, 13) : 0.004097210024426579
(12, 48) : 0.005234481776530243
(13, 14) : 0.005110688214716088
(13, 49) : 0.003884544812469114
(13, 12) : 0.004097210024426579
(14, 13) : 0.005110688214716088
(14, 15) : 0.004224002992811458
(14, 50) : 0.0037976010019900165
(15, 16) : 0.00540761277884129
(15, 51) : 0.00483766748653994
(15, 14) : 0.004224002992811458
(16, 52) : 0.00652361324923193
(16, 15) : 0.00540761277884129
(16, 17) : 0.0056763792544047885
(17, 16) : 0.0056763792544047885
(17, 18) : 0.005110315934619344
(17, 53) : 0.005705008119929662
(18, 54) : 0.004013556006145771
(18, 17) : 0.005110315934619344
(18, 19) : 0.004214189720958219
(19, 18) : 0.004214189720958219
(19, 20) : 0.0047697907164349655
(19, 55) : 0.004390695543546187
(20, 56) : 0.006308546938354278
(20, 19) : 0.0047697907164349655
(20, 21) : 0.0049609632036796665
(21, 20) : 0.0049609632036796665
(21, 22) : 0.005131963721854303
(21, 57) : 0.005726673421642267
(22, 58) : 0.0036810924808839923
(22, 21) : 0.005131963721854303
(22, 23) : 0.004069464753233312
(23, 22) : 0.004069464753233312
(23, 24) : 0.004181396206490898
(23, 59) : 0.0037701021306704003
(24, 25) : 0.003723049459424953
(24, 60) : 0.004090945337560247
(24, 23) : 0.004181396206490898
(25, 61) : 0.004608587110341027
(25, 24) : 0.003723049459424953
(25, 26) : 0.004071175605999065
(26, 27) : 0.0038121153247492757
(26, 62) : 0.004517872780266952
(26, 25) : 0.004071175605999065
(27, 26) : 0.0038121153247492757
(27, 28) : 0.0044131477098713935
(27, 63) : 0.00427082907499323
(28, 29) : 0.005103562275314142
(28, 64) : 0.004677204913552864
(28, 27) : 0.0044131477098713935
(29, 65) : 0.005117706070294563
(29, 28) : 0.005103562275314143
(29, 30) : 0.004759173316864897
(30, 31) : 0.004177308546819019
(30, 66) : 0.00432944888464059
(30, 29) : 0.004759173316864897
(31, 67) : 0.003281158829388331
(31, 30) : 0.004177308546819019
(31, 32) : 0.004913775316219451
(32, 31) : 0.00491377531621945
(32, 33) : 0.005042305716088783
(32, 68) : 0.0045514608446830295
(33, 34) : 0.005359959606958498
(33, 69) : 0.004550859522019869
(33, 32) : 0.005042305716088783
(34, 33) : 0.005359959606958498
(34, 35) : 0.004212912359565423
(34, 70) : 0.0044998102875199565
(35, 36) : 0.004160708581686816
(35, 71) : 0.00497231227968739
(35, 34) : 0.004212912359565423
(36, 1) : 0.004718526437811566
(36, 35) : 0.004160708581686816
(36, 72) : 0.004474879681179849
(37, 38) : 0.005404578545181265
(37, 72) : 0.00503636310381838
(37, 1) : 0.004809137959485377
(38, 2) : 0.005348373548893462
(38, 37) : 0.005404578545181265
(38, 39) : 0.004938019300051265
(39, 40) : 0.004360228016378297
(39, 3) : 0.005223648008443515
(39, 38) : 0.004938019300051265
(40, 4) : 0.004114768700158349
(40, 39) : 0.004360228016378297
(40, 41) : 0.005124131869302531
(41, 40) : 0.005124131869302531
(41, 42) : 0.00415919498745181
(41, 5) : 0.00481101360844096
(42, 43) : 0.004680796156858945
(42, 6) : 0.0051709038770801465
(42, 41) : 0.00415919498745181
(43, 42) : 0.004680796156858945
(43, 44) : 0.004291159154746488
(43, 7) : 0.004935209711699171
(44, 45) : 0.0048551884842584275
(44, 8) : 0.005059325643990292
(44, 43) : 0.004291159154746488
(45, 9) : 0.004050564898977135
(45, 44) : 0.0048551884842584275
(45, 46) : 0.0038574633543498383
(46, 47) : 0.004731446375579544
(46, 10) : 0.0035864039646227933
(46, 45) : 0.0038574633543498383
(47, 11) : 0.004857120525854923
(47, 46) : 0.004731446375579544
(47, 48) : 0.0033571992158819477
(48, 49) : 0.005318168831722185
(48, 12) : 0.005234481776530243
(48, 47) : 0.0033571992158819477
(49, 13) : 0.003884544812469114
(49, 48) : 0.005318168831722185
(49, 50) : 0.004007558508586066
(50, 49) : 0.004007558508586066
(50, 51) : 0.004491036438566772
(50, 14) : 0.0037976010019900165
(51, 15) : 0.00483766748653994
(51, 50) : 0.004491036438566772
(51, 52) : 0.004848537538995848
(52, 51) : 0.004848537538995848
(52, 53) : 0.004990195497128862
(52, 16) : 0.00652361324923193
(53, 17) : 0.005705008119929662
(53, 52) : 0.004990195497128862
(53, 54) : 0.004656795726971419
(54, 18) : 0.004013556006145771
(54, 53) : 0.004656795726971419
(54, 55) : 0.0036239058600705744
(55, 19) : 0.004390695543546187
(55, 54) : 0.0036239058600705744
(55, 56) : 0.003819482241646385
(56, 20) : 0.006308546938354278
(56, 55) : 0.003819482241646385
(56, 57) : 0.004491708534494865
(57, 58) : 0.004801065736751739
(57, 21) : 0.005726673421642267
(57, 56) : 0.004491708534494865
(58, 22) : 0.003681092480883993
(58, 57) : 0.004801065736751739
(58, 59) : 0.00411217803905215
(59, 60) : 0.004123964883798912
(59, 23) : 0.0037701021306704003
(59, 58) : 0.00411217803905215
(60, 24) : 0.004090945337560247
(60, 59) : 0.004123964883798912
(60, 61) : 0.0051270433610353045
(61, 62) : 0.0039075963190331265
(61, 25) : 0.004608587110341027
(61, 60) : 0.0051270433610353045
(62, 26) : 0.004517872780266951
(62, 61) : 0.0039075963190331265
(62, 63) : 0.005043952605760833
(63, 62) : 0.005043952605760833
(63, 64) : 0.004287936084496251
(63, 27) : 0.00427082907499323
(64, 28) : 0.004677204913552864
(64, 63) : 0.004287936084496251
(64, 65) : 0.0066908369457486586
(65, 64) : 0.0066908369457486586
(65, 66) : 0.004632654641412062
(65, 29) : 0.005117706070294563
(66, 67) : 0.005234835437642871
(66, 30) : 0.00432944888464059
(66, 65) : 0.004632654641412062
(67, 31) : 0.003281158829388331
(67, 66) : 0.005234835437642871
(67, 68) : 0.005278461838072955
(68, 69) : 0.005054888660290625
(68, 32) : 0.0045514608446830295
(68, 67) : 0.005278461838072955
(69, 33) : 0.004550859522019869
(69, 68) : 0.005054888660290625
(69, 70) : 0.006711692750291377
(70, 71) : 0.004242235765026676
(70, 34) : 0.0044998102875199565
(70, 69) : 0.006711692750291377
(71, 35) : 0.00497231227968739
(71, 70) : 0.004242235765026676
(71, 72) : 0.004848781684935379
(72, 71) : 0.004848781684935379
(72, 36) : 0.004474879681179849
(72, 37) : 0.00503636310381838
