(1, 2) : 0.004308597458813971
(1, 36) : 0.004255448373531064
(1, 37) : 0.004070875687850888
(2, 3) : 0.005299500618644419
(2, 38) : 0.0034271994698495825
(2, 1) : 0.004308597458813971
(3, 2) : 0.005299500618644418
(3, 4) : 0.004202515679482556
(3, 39) : 0.004502037389372428
(4, 5) : 0.004545934860028559
(4, 40) : 0.004787105244717208
(4, 3) : 0.004202515679482556
(5, 4) : 0.004545934860028559
(5, 6) : 0.004136373270315614
(5, 41) : 0.003814697627956363
(6, 7) : 0.0053817620620267995
(6, 42) : 0.004688268929512037
(6, 5) : 0.004136373270315614
(7, 43) : 0.00622266232372441
(7, 6) : 0.0053817620620267995
(7, 8) : 0.004622676771881583
(8, 7) : 0.004622676771881583
(8, 9) : 0.005200263084374178
(8, 44) : 0.005012073219972267
(9, 10) : 0.004012035284465237
(9, 45) : 0.004679005703108005
(9, 8) : 0.005200263084374178
(10, 9) : 0.004012035284465237
(10, 11) : 0.004966065954355575
(10, 46) : 0.005585036112132571
(11, 12) : 0.003678290513250149
(11, 47) : 0.004815992588845712
(11, 10) : 0.004966065954355575
(12, 11) : 0.003678290513250149
(12, 13) : 0.004966511161998372
(12, 48) : 0.004119162620301106
(13, 14) : 0.006022270620438927
(13, 49) : 0.00456595725198565
(13, 12) : 0.004966511161998372
(14, 13) : 0.006022270620438927
(14, 15) : 0.004864958712399775
(14, 50) : 0.0058086904761245305
(15, 16) : 0.005505816353786113
(15, 51) : 0.005169937635933584
(15, 14) : 0.004864958712399775
(16, 52) : 0.00479102057773994
(16, 15) : 0.005505816353786113
(16, 17) : 0.005057055280585432
(17, 16) : 0.005057055280585433
(17, 18) : 0.005124466890747128
(17, 53) : 0.004904410587753878
(18, 54) : 0.004177743901712428
(18, 17) : 0.005124466890747128
(18, 19) : 0.005325564648592521
(19, 18) : 0.005325564648592521
(19, 20) : 0.004448945593940567
(19, 55) : 0.0044466134666836365
(20, 56) : 0.004353039545882456
(20, 19) : 0.004448945593940567
(20, 21) : 0.004417348932992227
(21, 20) : 0.004417348932992227
(21, 22) : 0.004937638372586075
(21, 57) : 0.0038629732171132705
(22, 58) : 0.0036609795072536115
(22, 21) : 0.004937638372586075
(22, 23) : 0.004296187400665666
(23, 22) : 0.004296187400665666
(23, 24) : 0.004092031827622041
(23, 59) : 0.003741393378514655
(24, 25) : 0.004696915830709848
(24, 60) : 0.004872597339364258
(24, 23) : 0.004092031827622041
(25, 61) : 0.005168500552284112
(25, 24) : 0.004696915830709848
(25, 26) : 0.005735599013919213
(26, 27) : 0.00512294170367991
(26, 62) : 0.004428206620918982
(26, 25) : 0.005735599013919213
(27, 26) : 0.00512294170367991
(27, 28) : 0.0047456045264067095
(27, 63) : 0.0038792198881786983
(28, 29) : 0.0036832286217735716
(28, 64) : 0.003949053339340237
(28, 27) : 0.0047456045264067095
(29, 65) : 0.004141129317254418
(29, 28) : 0.0036832286217735716
(29, 30) : 0.004188541325955885
(30, 31) : 0.004317665713615236
(30, 66) : 0.004051350752287264
(30, 29) : 0.004188541325955885
(31, 67) : 0.004078377506984362
(31, 30) : 0.004317665713615236
(31, 32) : 0.004485264903619595
(32, 31) : 0.004485264903619595
(32, 33) : 0.004751139935281332
(32, 68) : 0.004164503628694889
(33, 34) : 0.004332788906707234
(33, 69) : 0.00469370826283336
(33, 32) : 0.004751139935281332
(34, 33) : 0.004332788906707234
(34, 35) : 0.005717993557006356
(34, 70) : 0.003953739547449194
(35, 36) : 0.005018585796079856
(35, 71) : 0.004172125867888535
(35, 34) : 0.005717993557006356
(36, 1) : 0.004255448373531064
(36, 35) : 0.005018585796079856
(36, 72) : 0.005107639341363579
(37, 38) : 0.004067217057389334
(37, 72) : 0.003905137553334362
(37, 1) : 0.004070875687850888
(38, 2) : 0.0034271994698495825
(38, 37) : 0.004067217057389334
(38, 39) : 0.004252678721305256
(39, 40) : 0.0041330054177347916
(39, 3) : 0.004502037389372428
(39, 38) : 0.004252678721305256
(40, 4) : 0.004787105244717208
(40, 39) : 0.0041330054177347916
(40, 41) : 0.0033881968895830093
(41, 40) : 0.0033881968895830093
(41, 42) : 0.004552456191651284
(41, 5) : 0.003814697627956363
(42, 43) : 0.004681630173568184
(42, 6) : 0.004688268929512037
(42, 41) : 0.004552456191651284
(43, 42) : 0.004681630173568184
(43, 44) : 0.004541875149562053
(43, 7) : 0.00622266232372441
(44, 45) : 0.004674671257346645
(44, 8) : 0.005012073219972267
(44, 43) : 0.004541875149562053
(45, 9) : 0.004679005703108005
(45, 44) : 0.004674671257346645
(45, 46) : 0.00488093310588944
(46, 47) : 0.004476166380130428
(46, 10) : 0.005585036112132571
(46, 45) : 0.00488093310588944
(47, 11) : 0.004815992588845712
(47, 46) : 0.004476166380130428
(47, 48) : 0.005320963151652553
(48, 49) : 0.004890729281745735
(48, 12) : 0.004119162620301106
(48, 47) : 0.005320963151652553
(49, 13) : 0.00456595725198565
(49, 48) : 0.004890729281745735
(49, 50) : 0.007207301441270878
(50, 49) : 0.007207301441270878
(50, 51) : 0.005496108211674874
(50, 14) : 0.0058086904761245305
(51, 15) : 0.005169937635933584
(51, 50) : 0.005496108211674874
(51, 52) : 0.005519972997189201
(52, 51) : 0.005519972997189201
(52, 53) : 0.004752462658143896
(52, 16) : 0.00479102057773994
(53, 17) : 0.004904410587753878
(53, 52) : 0.004752462658143896
(53, 54) : 0.00525037623065002
(54, 18) : 0.004177743901712428
(54, 53) : 0.00525037623065002
(54, 55) : 0.004225713891746034
(55, 19) : 0.0044466134666836365
(55, 54) : 0.004225713891746034
(55, 56) : 0.004518284241138762
(56, 20) : 0.004353039545882456
(56, 55) : 0.004518284241138762
(56, 57) : 0.0037164268085296214
(57, 58) : 0.0042395616783047095
(57, 21) : 0.003862973217113271
(57, 56) : 0.0037164268085296214
(58, 22) : 0.0036609795072536115
(58, 57) : 0.0042395616783047095
(58, 59) : 0.0043579160879809635
(59, 60) : 0.003855727843585914
(59, 23) : 0.003741393378514655
(59, 58) : 0.0043579160879809635
(60, 24) : 0.004872597339364258
(60, 59) : 0.003855727843585914
(60, 61) : 0.004287333297330349
(61, 62) : 0.005891597247594324
(61, 25) : 0.005168500552284112
(61, 60) : 0.004287333297330349
(62, 26) : 0.004428206620918982
(62, 61) : 0.005891597247594324
(62, 63) : 0.00448476533809113
(63, 62) : 0.00448476533809113
(63, 64) : 0.004798373589568535
(63, 27) : 0.0038792198881786983
(64, 28) : 0.003949053339340237
(64, 63) : 0.004798373589568535
(64, 65) : 0.0035885341651759137
(65, 64) : 0.0035885341651759137
(65, 66) : 0.004486973102314634
(65, 29) : 0.004141129317254418
(66, 67) : 0.003999842327631762
(66, 30) : 0.004051350752287264
(66, 65) : 0.004486973102314634
(67, 31) : 0.004078377506984362
(67, 66) : 0.003999842327631762
(67, 68) : 0.005344318176657438
(68, 69) : 0.00464031410006497
(68, 32) : 0.004164503628694889
(68, 67) : 0.005344318176657438
(69, 33) : 0.00469370826283336
(69, 68) : 0.00464031410006497
(69, 70) : 0.004796037029876143
(70, 71) : 0.005458803948892362
(70, 34) : 0.003953739547449194
(70, 69) : 0.004796037029876143
(71, 35) : 0.004172125867888535
(71, 70) : 0.005458803948892362
(71, 72) : 0.004986037264532812
(72, 71) : 0.004986037264532812
(72, 36) : 0.005107639341363579
(72, 37) : 0.003905137553334362
