(1, 2) : 0.005630652170047283
(1, 36) : 0.00443052210218015
(1, 37) : 0.005075965588826247
(2, 3) : 0.004341505860388065
(2, 38) : 0.00430235072147223
(2, 1) : 0.005630652170047283
(3, 2) : 0.004341505860388065
(3, 4) : 0.0052447240422554406
(3, 39) : 0.003945244647345612
(4, 5) : 0.00409535742668663
(4, 40) : 0.004351525184755707
(4, 3) : 0.0052447240422554406
(5, 4) : 0.00409535742668663
(5, 6) : 0.004861639946320696
(5, 41) : 0.0041056307207799105
(6, 7) : 0.003990497121678936
(6, 42) : 0.004246048682090465
(6, 5) : 0.004861639946320696
(7, 43) : 0.0048063615553821035
(7, 6) : 0.003990497121678936
(7, 8) : 0.004752759590218852
(8, 7) : 0.004752759590218852
(8, 9) : 0.004694762240634857
(8, 44) : 0.004719309178420175
(9, 10) : 0.005083077153330002
(9, 45) : 0.004336884411950766
(9, 8) : 0.004694762240634857
(10, 9) : 0.005083077153330002
(10, 11) : 0.005918341531747542
(10, 46) : 0.0038386317628619393
(11, 12) : 0.004828851597692308
(11, 47) : 0.004615365651081264
(11, 10) : 0.005918341531747542
(12, 11) : 0.004828851597692308
(12, 13) : 0.005141060556155075
(12, 48) : 0.005059851603009394
(13, 14) : 0.004461281391206684
(13, 49) : 0.00431943214368252
(13, 12) : 0.005141060556155075
(14, 13) : 0.004461281391206684
(14, 15) : 0.004023348896942531
(14, 50) : 0.003939108570539932
(15, 16) : 0.005382811426989833
(15, 51) : 0.0038436253161113383
(15, 14) : 0.004023348896942531
(16, 52) : 0.004669037880357557
(16, 15) : 0.005382811426989833
(16, 17) : 0.004308695214067394
(17, 16) : 0.004308695214067394
(17, 18) : 0.005493176203167331
(17, 53) : 0.005240582307181115
(18, 54) : 0.005164048947207603
(18, 17) : 0.005493176203167332
(18, 19) : 0.0042175846524208785
(19, 18) : 0.0042175846524208785
(19, 20) : 0.004488908951525019
(19, 55) : 0.004903711474447078
(20, 56) : 0.004171403315726845
(20, 19) : 0.004488908951525019
(20, 21) : 0.0038750774057461947
(21, 20) : 0.0038750774057461947
(21, 22) : 0.00527826031847134
(21, 57) : 0.00402789471060986
(22, 58) : 0.00371278944851792
(22, 21) : 0.00527826031847134
(22, 23) : 0.004361892849756698
(23, 22) : 0.004361892849756698
(23, 24) : 0.0034212468462515248
(23, 59) : 0.003475843539016838
(24, 25) : 0.003972155113910222
(24, 60) : 0.0031796511612388655
(24, 23) : 0.0034212468462515248
(25, 61) : 0.00426669217302319
(25, 24) : 0.003972155113910222
(25, 26) : 0.0037513127915647206
(26, 27) : 0.005029740782410886
(26, 62) : 0.005252036819017834
(26, 25) : 0.0037513127915647206
(27, 26) : 0.005029740782410886
(27, 28) : 0.004397896885091047
(27, 63) : 0.00460147842169294
(28, 29) : 0.004920777832650634
(28, 64) : 0.0038860173826489475
(28, 27) : 0.004397896885091047
(29, 65) : 0.0049509495835126345
(29, 28) : 0.004920777832650634
(29, 30) : 0.003912938983996501
(30, 31) : 0.006317986708399056
(30, 66) : 0.004939039412656205
(30, 29) : 0.003912938983996501
(31, 67) : 0.004499628582213771
(31, 30) : 0.006317986708399056
(31, 32) : 0.0051613514242572125
(32, 31) : 0.0051613514242572125
(32, 33) : 0.006723357009811618
(32, 68) : 0.004964455649647106
(33, 34) : 0.0036815893647208706
(33, 69) : 0.004325191039196899
(33, 32) : 0.006723357009811618
(34, 33) : 0.0036815893647208706
(34, 35) : 0.005134054199976959
(34, 70) : 0.004536031669881256
(35, 36) : 0.0064849509706118216
(35, 71) : 0.004385188955318986
(35, 34) : 0.005134054199976959
(36, 1) : 0.00443052210218015
(36, 35) : 0.0064849509706118216
(36, 72) : 0.005056533535000762
(37, 38) : 0.004443813797135857
(37, 72) : 0.005418351018477518
(37, 1) : 0.005075965588826247
(38, 2) : 0.00430235072147223
(38, 37) : 0.004443813797135857
(38, 39) : 0.005208641117367827
(39, 40) : 0.005500362061085113
(39, 3) : 0.003945244647345612
(39, 38) : 0.005208641117367827
(40, 4) : 0.004351525184755707
(40, 39) : 0.005500362061085113
(40, 41) : 0.004259981711881816
(41, 40) : 0.004259981711881816
(41, 42) : 0.004582050211752707
(41, 5) : 0.0041056307207799105
(42, 43) : 0.0034688576487586537
(42, 6) : 0.004246048682090466
(42, 41) : 0.004582050211752707
(43, 42) : 0.0034688576487586537
(43, 44) : 0.004571531339884623
(43, 7) : 0.0048063615553821035
(44, 45) : 0.003787113973826125
(44, 8) : 0.004719309178420175
(44, 43) : 0.004571531339884623
(45, 9) : 0.004336884411950766
(45, 44) : 0.003787113973826125
(45, 46) : 0.0052881005756422956
(46, 47) : 0.0047024265667590884
(46, 10) : 0.0038386317628619393
(46, 45) : 0.0052881005756422956
(47, 11) : 0.004615365651081264
(47, 46) : 0.0047024265667590884
(47, 48) : 0.005574403769568254
(48, 49) : 0.004667344927086834
(48, 12) : 0.005059851603009394
(48, 47) : 0.005574403769568254
(49, 13) : 0.00431943214368252
(49, 48) : 0.004667344927086834
(49, 50) : 0.005235822515633741
(50, 49) : 0.005235822515633741
(50, 51) : 0.004138350203396608
(50, 14) : 0.003939108570539932
(51, 15) : 0.0038436253161113383
(51, 50) : 0.004138350203396608
(51, 52) : 0.005136857819279189
(52, 51) : 0.005136857819279189
(52, 53) : 0.004465040080664075
(52, 16) : 0.004669037880357557
(53, 17) : 0.005240582307181115
(53, 52) : 0.004465040080664075
(53, 54) : 0.00481684106163543
(54, 18) : 0.005164048947207603
(54, 53) : 0.00481684106163543
(54, 55) : 0.005317753979663487
(55, 19) : 0.004903711474447078
(55, 54) : 0.005317753979663487
(55, 56) : 0.00405854526562564
(56, 20) : 0.0041714033157268455
(56, 55) : 0.00405854526562564
(56, 57) : 0.004957631932839355
(57, 58) : 0.005267898414577742
(57, 21) : 0.00402789471060986
(57, 56) : 0.004957631932839355
(58, 22) : 0.00371278944851792
(58, 57) : 0.005267898414577742
(58, 59) : 0.004603937979917279
(59, 60) : 0.0035679058612424724
(59, 23) : 0.003475843539016838
(59, 58) : 0.004603937979917279
(60, 24) : 0.0031796511612388655
(60, 59) : 0.0035679058612424724
(60, 61) : 0.0036344224813148096
(61, 62) : 0.0033906598099233405
(61, 25) : 0.00426669217302319
(61, 60) : 0.0036344224813148096
(62, 26) : 0.005252036819017834
(62, 61) : 0.0033906598099233405
(62, 63) : 0.0040380785363942516
(63, 62) : 0.0040380785363942516
(63, 64) : 0.004099720186257911
(63, 27) : 0.00460147842169294
(64, 28) : 0.0038860173826489475
(64, 63) : 0.004099720186257911
(64, 65) : 0.004696940370197044
(65, 64) : 0.004696940370197044
(65, 66) : 0.0039517122888667695
(65, 29) : 0.0049509495835126345
(66, 67) : 0.0061215447279662745
(66, 30) : 0.0049390394126562044
(66, 65) : 0.0039517122888667695
(67, 31) : 0.004499628582213771
(67, 66) : 0.006121544727966273
(67, 68) : 0.005739563051611404
(68, 69) : 0.004879746222174467
(68, 32) : 0.004964455649647106
(68, 67) : 0.005739563051611404
(69, 33) : 0.004325191039196899
(69, 68) : 0.004879746222174467
(69, 70) : 0.0047401148277452275
(70, 71) : 0.004508287708442883
(70, 34) : 0.004536031669881256
(70, 69) : 0.0047401148277452275
(71, 35) : 0.004385188955318986
(71, 70) : 0.004508287708442883
(71, 72) : 0.005631956645696937
(72, 71) : 0.005631956645696937
(72, 36) : 0.005056533535000762
(72, 37) : 0.005418351018477518
