(1, 2) : 0.005555021254226328
(1, 36) : 0.0051159531482228475
(1, 37) : 0.004606311478580857
(2, 3) : 0.00591887149601906
(2, 38) : 0.004271360290012334
(2, 1) : 0.005555021254226328
(3, 2) : 0.005918871496019062
(3, 4) : 0.005145386364223802
(3, 39) : 0.005328625336054726
(4, 5) : 0.004132402136434466
(4, 40) : 0.005338975987985922
(4, 3) : 0.005145386364223803
(5, 4) : 0.004132402136434466
(5, 6) : 0.0037284351536912568
(5, 41) : 0.0037225574637234416
(6, 7) : 0.0034821164246356655
(6, 42) : 0.0037127829069072407
(6, 5) : 0.0037284351536912568
(7, 43) : 0.0036281161227811713
(7, 6) : 0.0034821164246356655
(7, 8) : 0.005139581804069373
(8, 7) : 0.005139581804069373
(8, 9) : 0.004343001256427505
(8, 44) : 0.004383692298429141
(9, 10) : 0.00533179112385153
(9, 45) : 0.005687192186938591
(9, 8) : 0.004343001256427505
(10, 9) : 0.00533179112385153
(10, 11) : 0.005023170724030038
(10, 46) : 0.004587259720974945
(11, 12) : 0.004964252498439458
(11, 47) : 0.004485780175852831
(11, 10) : 0.005023170724030038
(12, 11) : 0.004964252498439458
(12, 13) : 0.006117208147184344
(12, 48) : 0.0052522299323130295
(13, 14) : 0.004840923110281582
(13, 49) : 0.005106235377974547
(13, 12) : 0.006117208147184344
(14, 13) : 0.004840923110281582
(14, 15) : 0.005252309878402546
(14, 50) : 0.005174879455102324
(15, 16) : 0.004904351673461837
(15, 51) : 0.005354106566859973
(15, 14) : 0.005252309878402546
(16, 52) : 0.004472713046961809
(16, 15) : 0.004904351673461837
(16, 17) : 0.004328500285784488
(17, 16) : 0.004328500285784488
(17, 18) : 0.004525311156243449
(17, 53) : 0.004349695556741561
(18, 54) : 0.00503124677393427
(18, 17) : 0.004525311156243449
(18, 19) : 0.00490253359774225
(19, 18) : 0.00490253359774225
(19, 20) : 0.0051177942252527255
(19, 55) : 0.004100055216418705
(20, 56) : 0.0040441955561197965
(20, 19) : 0.0051177942252527255
(20, 21) : 0.004976734616264798
(21, 20) : 0.004976734616264798
(21, 22) : 0.005803508847880128
(21, 57) : 0.0063628610558562285
(22, 58) : 0.0055243696874141945
(22, 21) : 0.005803508847880128
(22, 23) : 0.007048326123370681
(23, 22) : 0.007048326123370681
(23, 24) : 0.00438967472947279
(23, 59) : 0.0049137462769635685
(24, 25) : 0.0037676750179208135
(24, 60) : 0.004958887483722747
(24, 23) : 0.00438967472947279
(25, 61) : 0.003598325707235975
(25, 24) : 0.0037676750179208135
(25, 26) : 0.00439286822741983
(26, 27) : 0.004641390516215396
(26, 62) : 0.0033065143704045404
(26, 25) : 0.00439286822741983
(27, 26) : 0.004641390516215396
(27, 28) : 0.003392934620285665
(27, 63) : 0.0036705819966826717
(28, 29) : 0.003587172587094122
(28, 64) : 0.004072342959126234
(28, 27) : 0.003392934620285665
(29, 65) : 0.0038427407078814985
(29, 28) : 0.003587172587094122
(29, 30) : 0.0037513166984543913
(30, 31) : 0.004094767307022832
(30, 66) : 0.004088483994224253
(30, 29) : 0.0037513166984543913
(31, 67) : 0.004305889782240074
(31, 30) : 0.004094767307022832
(31, 32) : 0.004321110695660968
(32, 31) : 0.004321110695660968
(32, 33) : 0.004624296464815859
(32, 68) : 0.004454229449959724
(33, 34) : 0.0044606814768211375
(33, 69) : 0.00490823294545471
(33, 32) : 0.004624296464815859
(34, 33) : 0.0044606814768211375
(34, 35) : 0.004604224599734908
(34, 70) : 0.005505551401371684
(35, 36) : 0.005279109718357878
(35, 71) : 0.005119748561578501
(35, 34) : 0.004604224599734908
(36, 1) : 0.0051159531482228475
(36, 35) : 0.005279109718357878
(36, 72) : 0.004479729299415404
(37, 38) : 0.005232320961593324
(37, 72) : 0.005202541959016435
(37, 1) : 0.004606311478580858
(38, 2) : 0.004271360290012334
(38, 37) : 0.005232320961593324
(38, 39) : 0.0066581806502719965
(39, 40) : 0.005093455738295498
(39, 3) : 0.005328625336054726
(39, 38) : 0.0066581806502719965
(40, 4) : 0.005338975987985922
(40, 39) : 0.005093455738295498
(40, 41) : 0.004326537503432664
(41, 40) : 0.004326537503432664
(41, 42) : 0.003540943155927213
(41, 5) : 0.0037225574637234416
(42, 43) : 0.0035682770677321757
(42, 6) : 0.0037127829069072407
(42, 41) : 0.003540943155927213
(43, 42) : 0.0035682770677321757
(43, 44) : 0.004441728151821265
(43, 7) : 0.0036281161227811713
(44, 45) : 0.0049391158109801225
(44, 8) : 0.004383692298429141
(44, 43) : 0.004441728151821265
(45, 9) : 0.005687192186938591
(45, 44) : 0.0049391158109801225
(45, 46) : 0.004417279986699858
(46, 47) : 0.004631606679963497
(46, 10) : 0.004587259720974945
(46, 45) : 0.004417279986699858
(47, 11) : 0.004485780175852831
(47, 46) : 0.004631606679963497
(47, 48) : 0.004939078434197073
(48, 49) : 0.0040122865556459315
(48, 12) : 0.0052522299323130295
(48, 47) : 0.004939078434197073
(49, 13) : 0.005106235377974547
(49, 48) : 0.0040122865556459315
(49, 50) : 0.004256589563477427
(50, 49) : 0.004256589563477427
(50, 51) : 0.0045939395383640756
(50, 14) : 0.005174879455102324
(51, 15) : 0.005354106566859972
(51, 50) : 0.0045939395383640756
(51, 52) : 0.0036851852494722767
(52, 51) : 0.0036851852494722767
(52, 53) : 0.003914720122176304
(52, 16) : 0.004472713046961809
(53, 17) : 0.004349695556741561
(53, 52) : 0.003914720122176304
(53, 54) : 0.004163280955793518
(54, 18) : 0.00503124677393427
(54, 53) : 0.004163280955793518
(54, 55) : 0.004239336476743412
(55, 19) : 0.004100055216418705
(55, 54) : 0.004239336476743411
(55, 56) : 0.004811997553731423
(56, 20) : 0.0040441955561197965
(56, 55) : 0.004811997553731423
(56, 57) : 0.005327424942973763
(57, 58) : 0.005379557036493744
(57, 21) : 0.0063628610558562285
(57, 56) : 0.005327424942973763
(58, 22) : 0.0055243696874141945
(58, 57) : 0.005379557036493744
(58, 59) : 0.007524651628475246
(59, 60) : 0.003867203719085203
(59, 23) : 0.0049137462769635685
(59, 58) : 0.007524651628475246
(60, 24) : 0.004958887483722747
(60, 59) : 0.003867203719085203
(60, 61) : 0.004057153518360394
(61, 62) : 0.004036622335784748
(61, 25) : 0.003598325707235975
(61, 60) : 0.0040571535183603945
(62, 26) : 0.0033065143704045404
(62, 61) : 0.004036622335784748
(62, 63) : 0.0049713600981498044
(63, 62) : 0.0049713600981498044
(63, 64) : 0.0037956838491825734
(63, 27) : 0.0036705819966826717
(64, 28) : 0.004072342959126234
(64, 63) : 0.0037956838491825734
(64, 65) : 0.003733888307808347
(65, 64) : 0.003733888307808347
(65, 66) : 0.003786755029647367
(65, 29) : 0.0038427407078814985
(66, 67) : 0.004402107578617932
(66, 30) : 0.004088483994224253
(66, 65) : 0.003786755029647367
(67, 31) : 0.004305889782240074
(67, 66) : 0.004402107578617932
(67, 68) : 0.00470205223896669
(68, 69) : 0.003957280066184103
(68, 32) : 0.004454229449959724
(68, 67) : 0.00470205223896669
(69, 33) : 0.00490823294545471
(69, 68) : 0.003957280066184103
(69, 70) : 0.005010867014328768
(70, 71) : 0.0032977578527513198
(70, 34) : 0.005505551401371684
(70, 69) : 0.005010867014328768
(71, 35) : 0.005119748561578501
(71, 70) : 0.0032977578527513198
(71, 72) : 0.004726277832238137
(72, 71) : 0.004726277832238137
(72, 36) : 0.004479729299415404
(72, 37) : 0.005202541959016435
