(1, 2) : 0.004434535389105502
(1, 36) : 0.004274415761806224
(1, 37) : 0.004296201359097173
(2, 3) : 0.0044787505982552475
(2, 38) : 0.005407703875417345
(2, 1) : 0.004434535389105502
(3, 2) : 0.0044787505982552475
(3, 4) : 0.004427092696977182
(3, 39) : 0.006128662930083117
(4, 5) : 0.005368675082558857
(4, 40) : 0.005128750919617079
(4, 3) : 0.004427092696977182
(5, 4) : 0.005368675082558857
(5, 6) : 0.003833035087455446
(5, 41) : 0.0047942688086721535
(6, 7) : 0.005158090775061964
(6, 42) : 0.0039030296969115824
(6, 5) : 0.003833035087455446
(7, 43) : 0.004300801046126345
(7, 6) : 0.005158090775061964
(7, 8) : 0.004685083562847571
(8, 7) : 0.004685083562847571
(8, 9) : 0.004518601686388253
(8, 44) : 0.0049676439787202705
(9, 10) : 0.005004266126908067
(9, 45) : 0.004979559966264503
(9, 8) : 0.004518601686388253
(10, 9) : 0.005004266126908067
(10, 11) : 0.004164136657642687
(10, 46) : 0.004538114170398312
(11, 12) : 0.003793605255207455
(11, 47) : 0.003646676749979349
(11, 10) : 0.004164136657642687
(12, 11) : 0.003793605255207455
(12, 13) : 0.004370757525837603
(12, 48) : 0.003960308263156037
(13, 14) : 0.005212420756523024
(13, 49) : 0.004660866692021164
(13, 12) : 0.004370757525837603
(14, 13) : 0.005212420756523024
(14, 15) : 0.004812115626357397
(14, 50) : 0.005347729991598647
(15, 16) : 0.004847299612234046
(15, 51) : 0.005031546240394324
(15, 14) : 0.004812115626357397
(16, 52) : 0.0039817930090505944
(16, 15) : 0.004847299612234046
(16, 17) : 0.004982012235646389
(17, 16) : 0.004982012235646388
(17, 18) : 0.003528838307349679
(17, 53) : 0.0045773896418164406
(18, 54) : 0.004465771138036072
(18, 17) : 0.003528838307349679
(18, 19) : 0.005265817575282897
(19, 18) : 0.005265817575282897
(19, 20) : 0.003891393352182861
(19, 55) : 0.004274209789160012
(20, 56) : 0.004473827101331832
(20, 19) : 0.003891393352182861
(20, 21) : 0.005279789582105628
(21, 20) : 0.005279789582105628
(21, 22) : 0.004012194552365503
(21, 57) : 0.004409457521687759
(22, 58) : 0.005018762278606856
(22, 21) : 0.004012194552365503
(22, 23) : 0.005349861970555095
(23, 22) : 0.005349861970555095
(23, 24) : 0.005452271218833379
(23, 59) : 0.005106778062248079
(24, 25) : 0.004741422161011203
(24, 60) : 0.005380722757165539
(24, 23) : 0.005452271218833379
(25, 61) : 0.005096832614137197
(25, 24) : 0.004741422161011203
(25, 26) : 0.006471356947391853
(26, 27) : 0.004599067004336452
(26, 62) : 0.004940603063971074
(26, 25) : 0.006471356947391853
(27, 26) : 0.004599067004336452
(27, 28) : 0.004544874829050897
(27, 63) : 0.005589975094138785
(28, 29) : 0.004990414135699414
(28, 64) : 0.004653388812865662
(28, 27) : 0.004544874829050897
(29, 65) : 0.0047123436224127515
(29, 28) : 0.004990414135699414
(29, 30) : 0.004209169968368666
(30, 31) : 0.005057005711893209
(30, 66) : 0.004810017265500171
(30, 29) : 0.004209169968368666
(31, 67) : 0.00424662156734071
(31, 30) : 0.005057005711893209
(31, 32) : 0.00401077529128607
(32, 31) : 0.00401077529128607
(32, 33) : 0.003931978470842525
(32, 68) : 0.004102960558890471
(33, 34) : 0.004560307712145027
(33, 69) : 0.0036927676695823696
(33, 32) : 0.003931978470842525
(34, 33) : 0.004560307712145027
(34, 35) : 0.0046398163313615
(34, 70) : 0.0043924287705333145
(35, 36) : 0.0037071680320697993
(35, 71) : 0.004950394690291601
(35, 34) : 0.0046398163313615
(36, 1) : 0.004274415761806224
(36, 35) : 0.0037071680320697993
(36, 72) : 0.004718099804260218
(37, 38) : 0.00585197860491218
(37, 72) : 0.0037017238266829895
(37, 1) : 0.004296201359097173
(38, 2) : 0.005407703875417345
(38, 37) : 0.00585197860491218
(38, 39) : 0.004010665911784624
(39, 40) : 0.005446677197684177
(39, 3) : 0.006128662930083117
(39, 38) : 0.004010665911784624
(40, 4) : 0.005128750919617079
(40, 39) : 0.005446677197684177
(40, 41) : 0.00453154819030278
(41, 40) : 0.00453154819030278
(41, 42) : 0.004512375002744444
(41, 5) : 0.0047942688086721535
(42, 43) : 0.003947597043892461
(42, 6) : 0.0039030296969115824
(42, 41) : 0.004512375002744444
(43, 42) : 0.003947597043892461
(43, 44) : 0.003931976213959077
(43, 7) : 0.004300801046126345
(44, 45) : 0.003993843509887976
(44, 8) : 0.0049676439787202705
(44, 43) : 0.003931976213959077
(45, 9) : 0.004979559966264503
(45, 44) : 0.003993843509887976
(45, 46) : 0.0036406992604566014
(46, 47) : 0.004246861670964543
(46, 10) : 0.004538114170398312
(46, 45) : 0.0036406992604566014
(47, 11) : 0.003646676749979349
(47, 46) : 0.004246861670964543
(47, 48) : 0.0035368945937343196
(48, 49) : 0.004208497979928546
(48, 12) : 0.003960308263156037
(48, 47) : 0.0035368945937343196
(49, 13) : 0.004660866692021164
(49, 48) : 0.004208497979928546
(49, 50) : 0.005710044991819552
(50, 49) : 0.005710044991819552
(50, 51) : 0.0041468425767923435
(50, 14) : 0.005347729991598647
(51, 15) : 0.005031546240394324
(51, 50) : 0.0041468425767923435
(51, 52) : 0.005532385631746748
(52, 51) : 0.005532385631746748
(52, 53) : 0.004866234860535845
(52, 16) : 0.0039817930090505944
(53, 17) : 0.0045773896418164406
(53, 52) : 0.004866234860535845
(53, 54) : 0.004126864860989596
(54, 18) : 0.004465771138036072
(54, 53) : 0.004126864860989596
(54, 55) : 0.004323865952368358
(55, 19) : 0.004274209789160012
(55, 54) : 0.004323865952368358
(55, 56) : 0.004614328040198213
(56, 20) : 0.004473827101331832
(56, 55) : 0.004614328040198213
(56, 57) : 0.004198835097348284
(57, 58) : 0.004906426124866122
(57, 21) : 0.004409457521687759
(57, 56) : 0.004198835097348284
(58, 22) : 0.005018762278606856
(58, 57) : 0.004906426124866122
(58, 59) : 0.0047254401170077065
(59, 60) : 0.004867951570823941
(59, 23) : 0.005106778062248079
(59, 58) : 0.0047254401170077065
(60, 24) : 0.005380722757165539
(60, 59) : 0.00486795157082394
(60, 61) : 0.004606891749390697
(61, 62) : 0.004879873944716778
(61, 25) : 0.005096832614137197
(61, 60) : 0.004606891749390697
(62, 26) : 0.004940603063971074
(62, 61) : 0.004879873944716778
(62, 63) : 0.005509945747784033
(63, 62) : 0.005509945747784033
(63, 64) : 0.004566351223608624
(63, 27) : 0.005589975094138785
(64, 28) : 0.004653388812865662
(64, 63) : 0.004566351223608624
(64, 65) : 0.004970240296685729
(65, 64) : 0.004970240296685729
(65, 66) : 0.005181824644671561
(65, 29) : 0.0047123436224127515
(66, 67) : 0.004978771075443603
(66, 30) : 0.004810017265500171
(66, 65) : 0.005181824644671561
(67, 31) : 0.00424662156734071
(67, 66) : 0.004978771075443603
(67, 68) : 0.004237620850572973
(68, 69) : 0.004356092130499872
(68, 32) : 0.004102960558890471
(68, 67) : 0.004237620850572972
(69, 33) : 0.0036927676695823696
(69, 68) : 0.004356092130499872
(69, 70) : 0.004396831630791418
(70, 71) : 0.0046034290921591545
(70, 34) : 0.004392428770533314
(70, 69) : 0.004396831630791418
(71, 35) : 0.004950394690291601
(71, 70) : 0.0046034290921591545
(71, 72) : 0.004836141669814391
(72, 71) : 0.004836141669814391
(72, 36) : 0.004718099804260218
(72, 37) : 0.0037017238266829895
