(1, 2) : 0.0040098857386083285
(1, 36) : 0.0048074163307878824
(1, 37) : 0.004408082812460181
(2, 3) : 0.0037824769240514533
(2, 38) : 0.0038396562424027024
(2, 1) : 0.0040098857386083285
(3, 2) : 0.0037824769240514533
(3, 4) : 0.0031908220906373833
(3, 39) : 0.004014033205902722
(4, 5) : 0.004390793454694079
(4, 40) : 0.004203811194328237
(4, 3) : 0.0031908220906373833
(5, 4) : 0.004390793454694079
(5, 6) : 0.005846809125037434
(5, 41) : 0.004044647111654595
(6, 7) : 0.004388196937657618
(6, 42) : 0.004889599412472267
(6, 5) : 0.005846809125037434
(7, 43) : 0.004429414081056956
(7, 6) : 0.004388196937657618
(7, 8) : 0.004820920504531045
(8, 7) : 0.004820920504531045
(8, 9) : 0.004089153974574728
(8, 44) : 0.003924652716922604
(9, 10) : 0.003637278896838524
(9, 45) : 0.004624183462227357
(9, 8) : 0.004089153974574728
(10, 9) : 0.003637278896838524
(10, 11) : 0.004247286616538103
(10, 46) : 0.0041615503185559715
(11, 12) : 0.005068349477147812
(11, 47) : 0.0036392714467625618
(11, 10) : 0.004247286616538103
(12, 11) : 0.005068349477147812
(12, 13) : 0.004255949146393718
(12, 48) : 0.004304356393584915
(13, 14) : 0.00569849606890527
(13, 49) : 0.00496882106164405
(13, 12) : 0.004255949146393718
(14, 13) : 0.00569849606890527
(14, 15) : 0.004702660802072046
(14, 50) : 0.00461656048095481
(15, 16) : 0.004399843571851057
(15, 51) : 0.004560026247563839
(15, 14) : 0.004702660802072046
(16, 52) : 0.00541247819380218
(16, 15) : 0.004399843571851057
(16, 17) : 0.00416929721988284
(17, 16) : 0.00416929721988284
(17, 18) : 0.004020362060020717
(17, 53) : 0.004656667344645887
(18, 54) : 0.0037225063167172024
(18, 17) : 0.004020362060020717
(18, 19) : 0.004515471136515126
(19, 18) : 0.004515471136515126
(19, 20) : 0.0044119174811782045
(19, 55) : 0.0041615745248360205
(20, 56) : 0.003565673296431614
(20, 19) : 0.0044119174811782045
(20, 21) : 0.004334356069185856
(21, 20) : 0.004334356069185856
(21, 22) : 0.004014126947728063
(21, 57) : 0.0036758330950284342
(22, 58) : 0.004471539710100447
(22, 21) : 0.004014126947728063
(22, 23) : 0.0043088772936691125
(23, 22) : 0.0043088772936691125
(23, 24) : 0.005806052948633123
(23, 59) : 0.004107332706039862
(24, 25) : 0.004917136035489206
(24, 60) : 0.004535067831360775
(24, 23) : 0.005806052948633123
(25, 61) : 0.005895934190305755
(25, 24) : 0.004917136035489206
(25, 26) : 0.004435893718699305
(26, 27) : 0.004177343624792027
(26, 62) : 0.005624647648440336
(26, 25) : 0.004435893718699305
(27, 26) : 0.004177343624792027
(27, 28) : 0.004716508620794769
(27, 63) : 0.0047871446881757925
(28, 29) : 0.005575849193486287
(28, 64) : 0.0041002857986415005
(28, 27) : 0.004716508620794769
(29, 65) : 0.004167259742348492
(29, 28) : 0.005575849193486287
(29, 30) : 0.004628472740668714
(30, 31) : 0.006160391285858483
(30, 66) : 0.004001160896597141
(30, 29) : 0.004628472740668714
(31, 67) : 0.005343425726352854
(31, 30) : 0.006160391285858483
(31, 32) : 0.003994412398117446
(32, 31) : 0.003994412398117446
(32, 33) : 0.005183698608681804
(32, 68) : 0.0062250769187726495
(33, 34) : 0.004314154438304647
(33, 69) : 0.005227715634604273
(33, 32) : 0.005183698608681804
(34, 33) : 0.004314154438304647
(34, 35) : 0.005331767018260413
(34, 70) : 0.005466628544677173
(35, 36) : 0.0044474878607298615
(35, 71) : 0.005376894358984043
(35, 34) : 0.005331767018260413
(36, 1) : 0.0048074163307878824
(36, 35) : 0.0044474878607298615
(36, 72) : 0.005195498315201089
(37, 38) : 0.004296099943996183
(37, 72) : 0.003956085944982986
(37, 1) : 0.004408082812460181
(38, 2) : 0.0038396562424027024
(38, 37) : 0.004296099943996183
(38, 39) : 0.0034878763248409115
(39, 40) : 0.003599165016368734
(39, 3) : 0.004014033205902722
(39, 38) : 0.0034878763248409115
(40, 4) : 0.004203811194328237
(40, 39) : 0.003599165016368734
(40, 41) : 0.004100655272681779
(41, 40) : 0.004100655272681779
(41, 42) : 0.00581128584172802
(41, 5) : 0.004044647111654595
(42, 43) : 0.004170072685727954
(42, 6) : 0.004889599412472267
(42, 41) : 0.00581128584172802
(43, 42) : 0.004170072685727954
(43, 44) : 0.004358997183757599
(43, 7) : 0.004429414081056956
(44, 45) : 0.003810255850420337
(44, 8) : 0.003924652716922604
(44, 43) : 0.004358997183757599
(45, 9) : 0.004624183462227357
(45, 44) : 0.003810255850420337
(45, 46) : 0.0036118875626961226
(46, 47) : 0.004478989839048583
(46, 10) : 0.0041615503185559715
(46, 45) : 0.0036118875626961226
(47, 11) : 0.0036392714467625618
(47, 46) : 0.004478989839048583
(47, 48) : 0.004449093198209033
(48, 49) : 0.004880960027623519
(48, 12) : 0.004304356393584915
(48, 47) : 0.004449093198209033
(49, 13) : 0.00496882106164405
(49, 48) : 0.004880960027623519
(49, 50) : 0.004859087320356132
(50, 49) : 0.004859087320356132
(50, 51) : 0.005284111257021432
(50, 14) : 0.00461656048095481
(51, 15) : 0.004560026247563839
(51, 50) : 0.005284111257021432
(51, 52) : 0.005025650464869184
(52, 51) : 0.005025650464869184
(52, 53) : 0.004273207459992265
(52, 16) : 0.00541247819380218
(53, 17) : 0.004656667344645887
(53, 52) : 0.004273207459992265
(53, 54) : 0.005420214373070797
(54, 18) : 0.0037225063167172024
(54, 53) : 0.005420214373070797
(54, 55) : 0.003972074589167252
(55, 19) : 0.00416157452483602
(55, 54) : 0.003972074589167252
(55, 56) : 0.005140716828916872
(56, 20) : 0.003565673296431614
(56, 55) : 0.005140716828916871
(56, 57) : 0.00432862269981245
(57, 58) : 0.0037752687022524728
(57, 21) : 0.0036758330950284342
(57, 56) : 0.00432862269981245
(58, 22) : 0.004471539710100447
(58, 57) : 0.0037752687022524723
(58, 59) : 0.005077592306047271
(59, 60) : 0.0059779570472706985
(59, 23) : 0.004107332706039862
(59, 58) : 0.005077592306047271
(60, 24) : 0.004535067831360775
(60, 59) : 0.0059779570472706985
(60, 61) : 0.006378732977225082
(61, 62) : 0.004787826873408561
(61, 25) : 0.005895934190305754
(61, 60) : 0.006378732977225082
(62, 26) : 0.005624647648440335
(62, 61) : 0.004787826873408561
(62, 63) : 0.00505072753235482
(63, 62) : 0.00505072753235482
(63, 64) : 0.004549923305631557
(63, 27) : 0.0047871446881757925
(64, 28) : 0.0041002857986415005
(64, 63) : 0.004549923305631557
(64, 65) : 0.005162883487710889
(65, 64) : 0.005162883487710889
(65, 66) : 0.004807212955308777
(65, 29) : 0.004167259742348492
(66, 67) : 0.00548825831786677
(66, 30) : 0.004001160896597141
(66, 65) : 0.004807212955308777
(67, 31) : 0.005343425726352854
(67, 66) : 0.00548825831786677
(67, 68) : 0.004736128867250892
(68, 69) : 0.006146830357271421
(68, 32) : 0.0062250769187726495
(68, 67) : 0.004736128867250892
(69, 33) : 0.005227715634604273
(69, 68) : 0.006146830357271421
(69, 70) : 0.005223100876863427
(70, 71) : 0.00564865326303431
(70, 34) : 0.005466628544677173
(70, 69) : 0.005223100876863427
(71, 35) : 0.005376894358984043
(71, 70) : 0.00564865326303431
(71, 72) : 0.004724865413635222
(72, 71) : 0.004724865413635222
(72, 36) : 0.005195498315201089
(72, 37) : 0.003956085944982986
