(1, 2) : 0.005935255732913191
(1, 36) : 0.004470487875079614
(1, 37) : 0.003945598733944309
(2, 3) : 0.004715685855726321
(2, 38) : 0.005180607021657024
(2, 1) : 0.005935255732913191
(3, 2) : 0.004715685855726321
(3, 4) : 0.004867723852848075
(3, 39) : 0.005478853827036217
(4, 5) : 0.00451550901474161
(4, 40) : 0.0044925433822043375
(4, 3) : 0.004867723852848075
(5, 4) : 0.00451550901474161
(5, 6) : 0.005089176550041697
(5, 41) : 0.004788408290856658
(6, 7) : 0.004179394318116109
(6, 42) : 0.005246631997866107
(6, 5) : 0.005089176550041697
(7, 43) : 0.004488062810378822
(7, 6) : 0.004179394318116109
(7, 8) : 0.005429900185063325
(8, 7) : 0.005429900185063325
(8, 9) : 0.004859347154214586
(8, 44) : 0.005662363419025583
(9, 10) : 0.005297608363671787
(9, 45) : 0.006035631929593875
(9, 8) : 0.004859347154214586
(10, 9) : 0.005297608363671787
(10, 11) : 0.005008612095254445
(10, 46) : 0.004553768508137843
(11, 12) : 0.004412151626662247
(11, 47) : 0.004037932835557026
(11, 10) : 0.005008612095254445
(12, 11) : 0.004412151626662247
(12, 13) : 0.004466742258721834
(12, 48) : 0.003586565486536011
(13, 14) : 0.004754142070678579
(13, 49) : 0.0041422026740631
(13, 12) : 0.004466742258721834
(14, 13) : 0.004754142070678579
(14, 15) : 0.005520097996278825
(14, 50) : 0.004547579390649348
(15, 16) : 0.004815045675043386
(15, 51) : 0.004706232921779363
(15, 14) : 0.005520097996278825
(16, 52) : 0.004631526989160716
(16, 15) : 0.004815045675043386
(16, 17) : 0.004559462810533526
(17, 16) : 0.004559462810533526
(17, 18) : 0.0038214223547739304
(17, 53) : 0.004680693314727884
(18, 54) : 0.00483432607782674
(18, 17) : 0.0038214223547739304
(18, 19) : 0.0037458315625034746
(19, 18) : 0.0037458315625034746
(19, 20) : 0.0036424712874297037
(19, 55) : 0.0043244531953598835
(20, 56) : 0.004378418997695887
(20, 19) : 0.0036424712874297037
(20, 21) : 0.0042145694878280805
(21, 20) : 0.0042145694878280805
(21, 22) : 0.004696484624106038
(21, 57) : 0.004157237314454589
(22, 58) : 0.003869119234382041
(22, 21) : 0.004696484624106038
(22, 23) : 0.004575683316595324
(23, 22) : 0.004575683316595324
(23, 24) : 0.005000920702678396
(23, 59) : 0.003996468320424692
(24, 25) : 0.005260131937324996
(24, 60) : 0.004543825308944359
(24, 23) : 0.005000920702678397
(25, 61) : 0.005729700796669634
(25, 24) : 0.005260131937324996
(25, 26) : 0.00388267442456122
(26, 27) : 0.004529061866372451
(26, 62) : 0.004752013825624055
(26, 25) : 0.00388267442456122
(27, 26) : 0.004529061866372451
(27, 28) : 0.0052378589105011595
(27, 63) : 0.003981860001847507
(28, 29) : 0.005312724957808723
(28, 64) : 0.004821493001003752
(28, 27) : 0.0052378589105011595
(29, 65) : 0.00507710394532843
(29, 28) : 0.005312724957808723
(29, 30) : 0.004520872882686602
(30, 31) : 0.005129241381761456
(30, 66) : 0.0044141183890668905
(30, 29) : 0.004520872882686602
(31, 67) : 0.003821162327353316
(31, 30) : 0.005129241381761457
(31, 32) : 0.004741168376710113
(32, 31) : 0.004741168376710113
(32, 33) : 0.004453366021639411
(32, 68) : 0.0050632322679047105
(33, 34) : 0.0036292868737878934
(33, 69) : 0.0057124663762625925
(33, 32) : 0.004453366021639411
(34, 33) : 0.0036292868737878934
(34, 35) : 0.004883062516780484
(34, 70) : 0.004124530876784334
(35, 36) : 0.004148724724965398
(35, 71) : 0.0036204077479968975
(35, 34) : 0.004883062516780484
(36, 1) : 0.004470487875079614
(36, 35) : 0.004148724724965398
(36, 72) : 0.0038336424610064083
(37, 38) : 0.005053526036194154
(37, 72) : 0.004133815907504501
(37, 1) : 0.003945598733944309
(38, 2) : 0.005180607021657024
(38, 37) : 0.005053526036194154
(38, 39) : 0.005289383178554265
(39, 40) : 0.004353271044079482
(39, 3) : 0.005478853827036217
(39, 38) : 0.005289383178554265
(40, 4) : 0.0044925433822043375
(40, 39) : 0.004353271044079482
(40, 41) : 0.00489600621039435
(41, 40) : 0.00489600621039435
(41, 42) : 0.004586302842095142
(41, 5) : 0.004788408290856658
(42, 43) : 0.004459818661120288
(42, 6) : 0.005246631997866107
(42, 41) : 0.004586302842095142
(43, 42) : 0.004459818661120288
(43, 44) : 0.004484904712021383
(43, 7) : 0.004488062810378822
(44, 45) : 0.004329926240703967
(44, 8) : 0.005662363419025583
(44, 43) : 0.004484904712021383
(45, 9) : 0.006035631929593875
(45, 44) : 0.004329926240703967
(45, 46) : 0.004954184032995578
(46, 47) : 0.003946418397113514
(46, 10) : 0.004553768508137843
(46, 45) : 0.004954184032995578
(47, 11) : 0.004037932835557026
(47, 46) : 0.003946418397113514
(47, 48) : 0.004172799926292407
(48, 49) : 0.0034366404180660266
(48, 12) : 0.003586565486536011
(48, 47) : 0.004172799926292407
(49, 13) : 0.0041422026740631
(49, 48) : 0.0034366404180660266
(49, 50) : 0.003989704393664592
(50, 49) : 0.003989704393664592
(50, 51) : 0.004595262625394085
(50, 14) : 0.004547579390649348
(51, 15) : 0.004706232921779363
(51, 50) : 0.004595262625394085
(51, 52) : 0.0041770664675230326
(52, 51) : 0.0041770664675230326
(52, 53) : 0.0046408406351836325
(52, 16) : 0.004631526989160716
(53, 17) : 0.004680693314727884
(53, 52) : 0.0046408406351836325
(53, 54) : 0.0044963578099551866
(54, 18) : 0.00483432607782674
(54, 53) : 0.0044963578099551866
(54, 55) : 0.004362164598216924
(55, 19) : 0.0043244531953598835
(55, 54) : 0.004362164598216924
(55, 56) : 0.004064532392257322
(56, 20) : 0.004378418997695887
(56, 55) : 0.004064532392257322
(56, 57) : 0.0044930324447864205
(57, 58) : 0.004840382294490587
(57, 21) : 0.004157237314454589
(57, 56) : 0.0044930324447864205
(58, 22) : 0.003869119234382041
(58, 57) : 0.004840382294490587
(58, 59) : 0.004279903465935296
(59, 60) : 0.0054901160333318015
(59, 23) : 0.003996468320424692
(59, 58) : 0.004279903465935296
(60, 24) : 0.004543825308944359
(60, 59) : 0.0054901160333318015
(60, 61) : 0.005486191723507295
(61, 62) : 0.003955029770070716
(61, 25) : 0.005729700796669634
(61, 60) : 0.005486191723507295
(62, 26) : 0.004752013825624055
(62, 61) : 0.003955029770070716
(62, 63) : 0.005576554120210075
(63, 62) : 0.005576554120210075
(63, 64) : 0.005551358584559039
(63, 27) : 0.003981860001847507
(64, 28) : 0.004821493001003752
(64, 63) : 0.005551358584559039
(64, 65) : 0.005376330035558957
(65, 64) : 0.005376330035558957
(65, 66) : 0.005065329145328492
(65, 29) : 0.00507710394532843
(66, 67) : 0.00501479541445297
(66, 30) : 0.0044141183890668905
(66, 65) : 0.005065329145328492
(67, 31) : 0.003821162327353316
(67, 66) : 0.00501479541445297
(67, 68) : 0.005548879773070919
(68, 69) : 0.004934601056305166
(68, 32) : 0.00506323226790471
(68, 67) : 0.005548879773070919
(69, 33) : 0.0057124663762625925
(69, 68) : 0.004934601056305166
(69, 70) : 0.004061440530998455
(70, 71) : 0.0044315855528308384
(70, 34) : 0.004124530876784334
(70, 69) : 0.004061440530998455
(71, 35) : 0.0036204077479968975
(71, 70) : 0.0044315855528308384
(71, 72) : 0.003888857879717982
(72, 71) : 0.003888857879717982
(72, 36) : 0.0038336424610064083
(72, 37) : 0.004133815907504501
