(1, 2) : 0.004141252005982089
(1, 36) : 0.004202736978879039
(1, 37) : 0.004218578218034589
(2, 3) : 0.003547899775306855
(2, 38) : 0.0036922453662317717
(2, 1) : 0.004141252005982089
(3, 2) : 0.003547899775306855
(3, 4) : 0.004263982436240685
(3, 39) : 0.0041680745465451615
(4, 5) : 0.005193805129449483
(4, 40) : 0.004541688019222208
(4, 3) : 0.004263982436240685
(5, 4) : 0.005193805129449483
(5, 6) : 0.004959028824714112
(5, 41) : 0.004825916028945887
(6, 7) : 0.004533698969175589
(6, 42) : 0.003995785949995412
(6, 5) : 0.004959028824714112
(7, 43) : 0.004049556944986053
(7, 6) : 0.004533698969175589
(7, 8) : 0.003654578842807868
(8, 7) : 0.003654578842807868
(8, 9) : 0.004715792025874763
(8, 44) : 0.004470168038996773
(9, 10) : 0.004696511961910797
(9, 45) : 0.005687474723593895
(9, 8) : 0.004715792025874763
(10, 9) : 0.004696511961910797
(10, 11) : 0.004614627831189668
(10, 46) : 0.006631789302658439
(11, 12) : 0.0037396068077735615
(11, 47) : 0.005882732264947032
(11, 10) : 0.004614627831189668
(12, 11) : 0.0037396068077735615
(12, 13) : 0.004696883836348311
(12, 48) : 0.004740543965848184
(13, 14) : 0.004627441126844425
(13, 49) : 0.004647166013174459
(13, 12) : 0.004696883836348311
(14, 13) : 0.004627441126844425
(14, 15) : 0.004867613051341951
(14, 50) : 0.004682393262211728
(15, 16) : 0.0032632898452334405
(15, 51) : 0.0042856172915417
(15, 14) : 0.004867613051341951
(16, 52) : 0.004714885430908519
(16, 15) : 0.0032632898452334405
(16, 17) : 0.004992509846267132
(17, 16) : 0.004992509846267132
(17, 18) : 0.004193298872268552
(17, 53) : 0.004349265002994274
(18, 54) : 0.0051720703275397
(18, 17) : 0.004193298872268552
(18, 19) : 0.004922429375714429
(19, 18) : 0.004922429375714429
(19, 20) : 0.004697485910192713
(19, 55) : 0.005613464496383245
(20, 56) : 0.004756193744400262
(20, 19) : 0.004697485910192713
(20, 21) : 0.0047126437324679004
(21, 20) : 0.0047126437324679004
(21, 22) : 0.00434750789758527
(21, 57) : 0.004651842366583044
(22, 58) : 0.004570385909133963
(22, 21) : 0.00434750789758527
(22, 23) : 0.006048485181759098
(23, 22) : 0.006048485181759098
(23, 24) : 0.005069603110465449
(23, 59) : 0.005238926145145889
(24, 25) : 0.005275172363086798
(24, 60) : 0.006281391292022357
(24, 23) : 0.005069603110465449
(25, 61) : 0.005279149660748736
(25, 24) : 0.005275172363086798
(25, 26) : 0.005033302461032521
(26, 27) : 0.0037416860992317827
(26, 62) : 0.00407650347820128
(26, 25) : 0.00503330246103252
(27, 26) : 0.0037416860992317827
(27, 28) : 0.004028783346170074
(27, 63) : 0.003977104964064546
(28, 29) : 0.004203886923649697
(28, 64) : 0.004347360818235744
(28, 27) : 0.004028783346170074
(29, 65) : 0.004665621749777834
(29, 28) : 0.004203886923649697
(29, 30) : 0.00403337306079356
(30, 31) : 0.005278823443184269
(30, 66) : 0.004212778137725658
(30, 29) : 0.00403337306079356
(31, 67) : 0.004324114331543962
(31, 30) : 0.005278823443184269
(31, 32) : 0.003679404806591422
(32, 31) : 0.003679404806591422
(32, 33) : 0.00554689901825115
(32, 68) : 0.004419079071045975
(33, 34) : 0.004979366266901289
(33, 69) : 0.005037804319442574
(33, 32) : 0.00554689901825115
(34, 33) : 0.004979366266901289
(34, 35) : 0.0059994582539009385
(34, 70) : 0.005917684746489618
(35, 36) : 0.004762119842082061
(35, 71) : 0.005261276993742235
(35, 34) : 0.0059994582539009385
(36, 1) : 0.004202736978879039
(36, 35) : 0.004762119842082061
(36, 72) : 0.0052020318618230905
(37, 38) : 0.0038509933206831897
(37, 72) : 0.003939608194543534
(37, 1) : 0.004218578218034589
(38, 2) : 0.0036922453662317717
(38, 37) : 0.0038509933206831897
(38, 39) : 0.0037142849601069865
(39, 40) : 0.0036680841363482745
(39, 3) : 0.0041680745465451615
(39, 38) : 0.0037142849601069865
(40, 4) : 0.004541688019222208
(40, 39) : 0.0036680841363482745
(40, 41) : 0.005235033780619445
(41, 40) : 0.005235033780619445
(41, 42) : 0.004822286095600541
(41, 5) : 0.004825916028945887
(42, 43) : 0.00474838919356261
(42, 6) : 0.003995785949995412
(42, 41) : 0.004822286095600541
(43, 42) : 0.00474838919356261
(43, 44) : 0.0032814403380175164
(43, 7) : 0.004049556944986053
(44, 45) : 0.005178841752625653
(44, 8) : 0.004470168038996773
(44, 43) : 0.0032814403380175164
(45, 9) : 0.005687474723593895
(45, 44) : 0.005178841752625653
(45, 46) : 0.004201990076275498
(46, 47) : 0.005769839001598055
(46, 10) : 0.006631789302658439
(46, 45) : 0.004201990076275498
(47, 11) : 0.005882732264947033
(47, 46) : 0.005769839001598055
(47, 48) : 0.003762576971690347
(48, 49) : 0.006422100594493497
(48, 12) : 0.004740543965848183
(48, 47) : 0.003762576971690347
(49, 13) : 0.004647166013174458
(49, 48) : 0.006422100594493497
(49, 50) : 0.004658331839316711
(50, 49) : 0.004658331839316711
(50, 51) : 0.004758129254299914
(50, 14) : 0.004682393262211728
(51, 15) : 0.0042856172915417
(51, 50) : 0.004758129254299914
(51, 52) : 0.0037720364603590784
(52, 51) : 0.0037720364603590784
(52, 53) : 0.0037147019113068047
(52, 16) : 0.004714885430908519
(53, 17) : 0.004349265002994273
(53, 52) : 0.0037147019113068047
(53, 54) : 0.004727540547651629
(54, 18) : 0.0051720703275397
(54, 53) : 0.004727540547651629
(54, 55) : 0.003994223443309121
(55, 19) : 0.005613464496383245
(55, 54) : 0.003994223443309121
(55, 56) : 0.00480691785368285
(56, 20) : 0.004756193744400262
(56, 55) : 0.00480691785368285
(56, 57) : 0.0039846836908273035
(57, 58) : 0.00452633733142904
(57, 21) : 0.004651842366583044
(57, 56) : 0.0039846836908273035
(58, 22) : 0.004570385909133963
(58, 57) : 0.00452633733142904
(58, 59) : 0.0054132920544854085
(59, 60) : 0.00507393411544461
(59, 23) : 0.005238926145145889
(59, 58) : 0.0054132920544854085
(60, 24) : 0.006281391292022357
(60, 59) : 0.00507393411544461
(60, 61) : 0.0055228102761404165
(61, 62) : 0.004648696426162093
(61, 25) : 0.005279149660748736
(61, 60) : 0.0055228102761404165
(62, 26) : 0.00407650347820128
(62, 61) : 0.004648696426162093
(62, 63) : 0.0040478144636566125
(63, 62) : 0.0040478144636566125
(63, 64) : 0.003134109864660102
(63, 27) : 0.003977104964064546
(64, 28) : 0.004347360818235744
(64, 63) : 0.003134109864660102
(64, 65) : 0.003524793267112802
(65, 64) : 0.003524793267112802
(65, 66) : 0.0035569094684327956
(65, 29) : 0.004665621749777834
(66, 67) : 0.00468868696069182
(66, 30) : 0.004212778137725658
(66, 65) : 0.0035569094684327956
(67, 31) : 0.004324114331543962
(67, 66) : 0.00468868696069182
(67, 68) : 0.004092251500778026
(68, 69) : 0.005546961780817304
(68, 32) : 0.004419079071045975
(68, 67) : 0.004092251500778026
(69, 33) : 0.005037804319442574
(69, 68) : 0.005546961780817304
(69, 70) : 0.00527487824010594
(70, 71) : 0.005111514140450221
(70, 34) : 0.005917684746489618
(70, 69) : 0.00527487824010594
(71, 35) : 0.005261276993742235
(71, 70) : 0.005111514140450221
(71, 72) : 0.004971322647160085
(72, 71) : 0.004971322647160085
(72, 36) : 0.0052020318618230905
(72, 37) : 0.003939608194543534
