(1, 2) : 0.005374496992725037
(1, 36) : 0.004634572173677375
(1, 37) : 0.0048736070433790775
(2, 3) : 0.0048733896341313695
(2, 38) : 0.004747391312413867
(2, 1) : 0.005374496992725039
(3, 2) : 0.0048733896341313695
(3, 4) : 0.0038316705518483965
(3, 39) : 0.004228265523856089
(4, 5) : 0.004548650675649336
(4, 40) : 0.00444326046066995
(4, 3) : 0.0038316705518483965
(5, 4) : 0.004548650675649336
(5, 6) : 0.005451650054787261
(5, 41) : 0.005720884789912016
(6, 7) : 0.005479648786642885
(6, 42) : 0.005652824497072902
(6, 5) : 0.005451650054787261
(7, 43) : 0.004810276529536655
(7, 6) : 0.005479648786642885
(7, 8) : 0.0055689653708735545
(8, 7) : 0.0055689653708735545
(8, 9) : 0.004186702719720433
(8, 44) : 0.004766128693465563
(9, 10) : 0.005899231941379644
(9, 45) : 0.0043513548735409305
(9, 8) : 0.004186702719720433
(10, 9) : 0.005899231941379644
(10, 11) : 0.004461423160923425
(10, 46) : 0.004738223507776286
(11, 12) : 0.005197109135842626
(11, 47) : 0.005231997582220068
(11, 10) : 0.004461423160923425
(12, 11) : 0.0051971091358426254
(12, 13) : 0.004275989070555553
(12, 48) : 0.0038756625695934364
(13, 14) : 0.004108527119163635
(13, 49) : 0.0037253290719825595
(13, 12) : 0.004275989070555553
(14, 13) : 0.0041085271191636345
(14, 15) : 0.0045492481422968745
(14, 50) : 0.004233987981084503
(15, 16) : 0.004160906797395886
(15, 51) : 0.005213227782656719
(15, 14) : 0.0045492481422968745
(16, 52) : 0.004914363679870121
(16, 15) : 0.004160906797395886
(16, 17) : 0.003908225103110856
(17, 16) : 0.003908225103110856
(17, 18) : 0.004489104333389215
(17, 53) : 0.004353332820147054
(18, 54) : 0.004592278859143936
(18, 17) : 0.004489104333389215
(18, 19) : 0.0044188832874062015
(19, 18) : 0.0044188832874062015
(19, 20) : 0.005289328013268715
(19, 55) : 0.005744166086224783
(20, 56) : 0.005866009296463959
(20, 19) : 0.005289328013268715
(20, 21) : 0.005755370869612092
(21, 20) : 0.005755370869612092
(21, 22) : 0.0058595199815537295
(21, 57) : 0.0041892438308327095
(22, 58) : 0.004104856888713831
(22, 21) : 0.0058595199815537295
(22, 23) : 0.005405066519971017
(23, 22) : 0.005405066519971017
(23, 24) : 0.004906163026198001
(23, 59) : 0.004403937053609223
(24, 25) : 0.004980784381526232
(24, 60) : 0.004365670828282091
(24, 23) : 0.004906163026198001
(25, 61) : 0.004036371019113459
(25, 24) : 0.004980784381526232
(25, 26) : 0.0048480797642049935
(26, 27) : 0.004603063639880024
(26, 62) : 0.0038912019890738215
(26, 25) : 0.0048480797642049935
(27, 26) : 0.004603063639880025
(27, 28) : 0.0035170842748196815
(27, 63) : 0.004815412906085251
(28, 29) : 0.0036287598851569083
(28, 64) : 0.004897048590059489
(28, 27) : 0.0035170842748196815
(29, 65) : 0.0036733156567892197
(29, 28) : 0.0036287598851569083
(29, 30) : 0.0038991702084016726
(30, 31) : 0.0037946589615145115
(30, 66) : 0.004254773315687069
(30, 29) : 0.0038991702084016726
(31, 67) : 0.004703847713870694
(31, 30) : 0.0037946589615145115
(31, 32) : 0.0044245951879723945
(32, 31) : 0.0044245951879723945
(32, 33) : 0.0042346743762051555
(32, 68) : 0.004433722547965021
(33, 34) : 0.0051199398214491505
(33, 69) : 0.005227859337157831
(33, 32) : 0.0042346743762051555
(34, 33) : 0.0051199398214491505
(34, 35) : 0.004641949898159718
(34, 70) : 0.00565188211125376
(35, 36) : 0.005379713693363575
(35, 71) : 0.004937447460729542
(35, 34) : 0.004641949898159718
(36, 1) : 0.004634572173677375
(36, 35) : 0.005379713693363575
(36, 72) : 0.004724268396468727
(37, 38) : 0.004245762167872738
(37, 72) : 0.003844465168665838
(37, 1) : 0.0048736070433790775
(38, 2) : 0.004747391312413867
(38, 37) : 0.004245762167872738
(38, 39) : 0.0037913156876884695
(39, 40) : 0.004268851331462212
(39, 3) : 0.004228265523856089
(39, 38) : 0.0037913156876884695
(40, 4) : 0.00444326046066995
(40, 39) : 0.004268851331462211
(40, 41) : 0.0035461889837541767
(41, 40) : 0.0035461889837541767
(41, 42) : 0.005029351857516892
(41, 5) : 0.005720884789912016
(42, 43) : 0.004405042116352404
(42, 6) : 0.005652824497072902
(42, 41) : 0.005029351857516892
(43, 42) : 0.004405042116352404
(43, 44) : 0.004046771766903584
(43, 7) : 0.004810276529536655
(44, 45) : 0.0038258446198896037
(44, 8) : 0.004766128693465563
(44, 43) : 0.004046771766903584
(45, 9) : 0.0043513548735409305
(45, 44) : 0.0038258446198896037
(45, 46) : 0.004738976608073677
(46, 47) : 0.005020489490042475
(46, 10) : 0.004738223507776286
(46, 45) : 0.004738976608073677
(47, 11) : 0.005231997582220068
(47, 46) : 0.005020489490042475
(47, 48) : 0.004355560571739042
(48, 49) : 0.004434050359006034
(48, 12) : 0.0038756625695934364
(48, 47) : 0.004355560571739042
(49, 13) : 0.0037253290719825595
(49, 48) : 0.004434050359006034
(49, 50) : 0.00432033563350657
(50, 49) : 0.00432033563350657
(50, 51) : 0.004478173268128843
(50, 14) : 0.004233987981084503
(51, 15) : 0.005213227782656719
(51, 50) : 0.004478173268128843
(51, 52) : 0.0036999267611744118
(52, 51) : 0.0036999267611744118
(52, 53) : 0.004788158423703775
(52, 16) : 0.004914363679870122
(53, 17) : 0.004353332820147054
(53, 52) : 0.004788158423703774
(53, 54) : 0.003321874598589125
(54, 18) : 0.004592278859143936
(54, 53) : 0.003321874598589125
(54, 55) : 0.0046524889650848495
(55, 19) : 0.005744166086224783
(55, 54) : 0.0046524889650848495
(55, 56) : 0.0039031636858656788
(56, 20) : 0.005866009296463959
(56, 55) : 0.0039031636858656788
(56, 57) : 0.0049567820762576415
(57, 58) : 0.005109567922210641
(57, 21) : 0.0041892438308327095
(57, 56) : 0.0049567820762576415
(58, 22) : 0.004104856888713831
(58, 57) : 0.005109567922210641
(58, 59) : 0.005286402868348999
(59, 60) : 0.004433996094670004
(59, 23) : 0.004403937053609223
(59, 58) : 0.005286402868348999
(60, 24) : 0.004365670828282091
(60, 59) : 0.004433996094670004
(60, 61) : 0.004900753529075319
(61, 62) : 0.005008312534216496
(61, 25) : 0.004036371019113458
(61, 60) : 0.004900753529075319
(62, 26) : 0.0038912019890738215
(62, 61) : 0.005008312534216496
(62, 63) : 0.0043723874547354725
(63, 62) : 0.0043723874547354725
(63, 64) : 0.004351542806982365
(63, 27) : 0.004815412906085251
(64, 28) : 0.004897048590059489
(64, 63) : 0.004351542806982365
(64, 65) : 0.003847853509990169
(65, 64) : 0.003847853509990169
(65, 66) : 0.004674045040143421
(65, 29) : 0.0036733156567892197
(66, 67) : 0.004152733761243176
(66, 30) : 0.004254773315687069
(66, 65) : 0.004674045040143421
(67, 31) : 0.004703847713870694
(67, 66) : 0.004152733761243176
(67, 68) : 0.004665145221326044
(68, 69) : 0.00533611166711467
(68, 32) : 0.004433722547965021
(68, 67) : 0.004665145221326044
(69, 33) : 0.005227859337157831
(69, 68) : 0.00533611166711467
(69, 70) : 0.00550397045761472
(70, 71) : 0.005544474471028654
(70, 34) : 0.00565188211125376
(70, 69) : 0.00550397045761472
(71, 35) : 0.004937447460729542
(71, 70) : 0.005544474471028654
(71, 72) : 0.005039378358542487
(72, 71) : 0.005039378358542487
(72, 36) : 0.004724268396468727
(72, 37) : 0.003844465168665838
