(1, 2) : 0.0052845827770439365
(1, 36) : 0.004557202471622257
(1, 37) : 0.004338695497798442
(2, 3) : 0.006317856453275654
(2, 38) : 0.003875318096233758
(2, 1) : 0.0052845827770439365
(3, 2) : 0.006317856453275654
(3, 4) : 0.004678318653011317
(3, 39) : 0.0039057060890928656
(4, 5) : 0.005003615175157972
(4, 40) : 0.004336636995487298
(4, 3) : 0.004678318653011317
(5, 4) : 0.005003615175157972
(5, 6) : 0.004521138042247627
(5, 41) : 0.003878027259115532
(6, 7) : 0.00422036342517929
(6, 42) : 0.003614307267414663
(6, 5) : 0.004521138042247627
(7, 43) : 0.0038252926764853292
(7, 6) : 0.00422036342517929
(7, 8) : 0.0043777163561556495
(8, 7) : 0.0043777163561556495
(8, 9) : 0.0038966441773888153
(8, 44) : 0.004351581431938423
(9, 10) : 0.005023113075911889
(9, 45) : 0.004598416402968286
(9, 8) : 0.0038966441773888153
(10, 9) : 0.005023113075911889
(10, 11) : 0.004441308269449194
(10, 46) : 0.004738674590865942
(11, 12) : 0.005332261305938207
(11, 47) : 0.0049016422595753815
(11, 10) : 0.004441308269449194
(12, 11) : 0.005332261305938207
(12, 13) : 0.005403513366845074
(12, 48) : 0.004611863668953858
(13, 14) : 0.00432298809301991
(13, 49) : 0.004456063893009737
(13, 12) : 0.005403513366845074
(14, 13) : 0.00432298809301991
(14, 15) : 0.005006600916505681
(14, 50) : 0.004270670938033471
(15, 16) : 0.005498536851850531
(15, 51) : 0.0043492617012833275
(15, 14) : 0.005006600916505681
(16, 52) : 0.005406780842692683
(16, 15) : 0.005498536851850531
(16, 17) : 0.006621213288841742
(17, 16) : 0.006621213288841742
(17, 18) : 0.005233430283774001
(17, 53) : 0.00553902296042035
(18, 54) : 0.0047890184938372575
(18, 17) : 0.005233430283774001
(18, 19) : 0.005919144687041786
(19, 18) : 0.005919144687041786
(19, 20) : 0.006273964815206989
(19, 55) : 0.004494095307024364
(20, 56) : 0.006032381602295497
(20, 19) : 0.006273964815206989
(20, 21) : 0.0054348604153802195
(21, 20) : 0.0054348604153802195
(21, 22) : 0.004578263540385834
(21, 57) : 0.0073130134095315425
(22, 58) : 0.005429404085866486
(22, 21) : 0.004578263540385834
(22, 23) : 0.005098994307720145
(23, 22) : 0.005098994307720145
(23, 24) : 0.005380949839135845
(23, 59) : 0.004371847390044158
(24, 25) : 0.006053536211310221
(24, 60) : 0.004847791148711257
(24, 23) : 0.005380949839135845
(25, 61) : 0.004893547770042965
(25, 24) : 0.006053536211310221
(25, 26) : 0.0051398588331895674
(26, 27) : 0.004607963916170645
(26, 62) : 0.005461720758397013
(26, 25) : 0.0051398588331895674
(27, 26) : 0.004607963916170645
(27, 28) : 0.004480387726411287
(27, 63) : 0.004516625909532798
(28, 29) : 0.0042582800192299975
(28, 64) : 0.003505132097752334
(28, 27) : 0.004480387726411287
(29, 65) : 0.00377788488473612
(29, 28) : 0.0042582800192299975
(29, 30) : 0.004707817301635285
(30, 31) : 0.004632184401801379
(30, 66) : 0.0038628799988136187
(30, 29) : 0.004707817301635285
(31, 67) : 0.004252969648945268
(31, 30) : 0.004632184401801379
(31, 32) : 0.004110975144583836
(32, 31) : 0.004110975144583836
(32, 33) : 0.004331481171265815
(32, 68) : 0.004540798417636008
(33, 34) : 0.0039121671120772
(33, 69) : 0.0037530844397120843
(33, 32) : 0.004331481171265815
(34, 33) : 0.0039121671120772
(34, 35) : 0.004068941074412932
(34, 70) : 0.0036623753638607474
(35, 36) : 0.004934537373500801
(35, 71) : 0.004188576619205698
(35, 34) : 0.004068941074412932
(36, 1) : 0.004557202471622257
(36, 35) : 0.004934537373500801
(36, 72) : 0.004231816892587979
(37, 38) : 0.004623099936679334
(37, 72) : 0.004284441301863533
(37, 1) : 0.004338695497798442
(38, 2) : 0.003875318096233758
(38, 37) : 0.004623099936679334
(38, 39) : 0.005296578847123545
(39, 40) : 0.004953122079985858
(39, 3) : 0.0039057060890928656
(39, 38) : 0.005296578847123545
(40, 4) : 0.004336636995487298
(40, 39) : 0.004953122079985858
(40, 41) : 0.00439796634511019
(41, 40) : 0.00439796634511019
(41, 42) : 0.004918799722767035
(41, 5) : 0.003878027259115532
(42, 43) : 0.004671529159933784
(42, 6) : 0.003614307267414663
(42, 41) : 0.004918799722767035
(43, 42) : 0.004671529159933784
(43, 44) : 0.0036968586516278354
(43, 7) : 0.0038252926764853292
(44, 45) : 0.004523077931160471
(44, 8) : 0.004351581431938423
(44, 43) : 0.0036968586516278354
(45, 9) : 0.004598416402968286
(45, 44) : 0.004523077931160471
(45, 46) : 0.003618807610313406
(46, 47) : 0.004050709968025258
(46, 10) : 0.004738674590865942
(46, 45) : 0.003618807610313406
(47, 11) : 0.0049016422595753815
(47, 46) : 0.004050709968025258
(47, 48) : 0.004541434011801253
(48, 49) : 0.004825381022364638
(48, 12) : 0.004611863668953858
(48, 47) : 0.004541434011801253
(49, 13) : 0.004456063893009737
(49, 48) : 0.004825381022364638
(49, 50) : 0.004459553807864029
(50, 49) : 0.004459553807864029
(50, 51) : 0.004144080248382267
(50, 14) : 0.004270670938033471
(51, 15) : 0.0043492617012833275
(51, 50) : 0.004144080248382267
(51, 52) : 0.004397299512056053
(52, 51) : 0.004397299512056053
(52, 53) : 0.004487507889140093
(52, 16) : 0.005406780842692683
(53, 17) : 0.00553902296042035
(53, 52) : 0.004487507889140093
(53, 54) : 0.0039812186858589355
(54, 18) : 0.0047890184938372575
(54, 53) : 0.0039812186858589355
(54, 55) : 0.0040910366486076365
(55, 19) : 0.004494095307024364
(55, 54) : 0.0040910366486076365
(55, 56) : 0.005900102985649284
(56, 20) : 0.006032381602295497
(56, 55) : 0.005900102985649284
(56, 57) : 0.0046379006839759925
(57, 58) : 0.004253889147226899
(57, 21) : 0.0073130134095315425
(57, 56) : 0.0046379006839759925
(58, 22) : 0.005429404085866486
(58, 57) : 0.0042538891472268985
(58, 59) : 0.004336359965947241
(59, 60) : 0.004353531719141233
(59, 23) : 0.004371847390044158
(59, 58) : 0.004336359965947241
(60, 24) : 0.004847791148711257
(60, 59) : 0.004353531719141233
(60, 61) : 0.0046299068864858
(61, 62) : 0.005092168204813343
(61, 25) : 0.004893547770042965
(61, 60) : 0.0046299068864858
(62, 26) : 0.005461720758397013
(62, 61) : 0.005092168204813343
(62, 63) : 0.003809512251423421
(63, 62) : 0.003809512251423421
(63, 64) : 0.005030459116674812
(63, 27) : 0.004516625909532798
(64, 28) : 0.003505132097752334
(64, 63) : 0.005030459116674812
(64, 65) : 0.00423264237888309
(65, 64) : 0.004232642378883089
(65, 66) : 0.004311509575369934
(65, 29) : 0.00377788488473612
(66, 67) : 0.00405161629578383
(66, 30) : 0.0038628799988136187
(66, 65) : 0.004311509575369934
(67, 31) : 0.004252969648945268
(67, 66) : 0.00405161629578383
(67, 68) : 0.004715611664678928
(68, 69) : 0.00377803592459543
(68, 32) : 0.004540798417636009
(68, 67) : 0.004715611664678928
(69, 33) : 0.0037530844397120843
(69, 68) : 0.00377803592459543
(69, 70) : 0.004171436962439654
(70, 71) : 0.004144420179210371
(70, 34) : 0.0036623753638607474
(70, 69) : 0.004171436962439654
(71, 35) : 0.004188576619205698
(71, 70) : 0.004144420179210371
(71, 72) : 0.004000754993454863
(72, 71) : 0.004000754993454863
(72, 36) : 0.004231816892587979
(72, 37) : 0.004284441301863533
