(1, 2) : 0.005106762695309985
(1, 36) : 0.004021280990019285
(1, 37) : 0.005337955421933797
(2, 3) : 0.004817628943936384
(2, 38) : 0.005030974671825869
(2, 1) : 0.005106762695309985
(3, 2) : 0.004817628943936383
(3, 4) : 0.005154698645408197
(3, 39) : 0.004965364122117894
(4, 5) : 0.0043185294767988215
(4, 40) : 0.004950192040491436
(4, 3) : 0.005154698645408197
(5, 4) : 0.0043185294767988215
(5, 6) : 0.004168626678199224
(5, 41) : 0.004451157897802375
(6, 7) : 0.005686275198075071
(6, 42) : 0.00468230397543563
(6, 5) : 0.004168626678199224
(7, 43) : 0.005163575511447721
(7, 6) : 0.005686275198075071
(7, 8) : 0.005253684875139585
(8, 7) : 0.005253684875139585
(8, 9) : 0.0051974631287983915
(8, 44) : 0.00502357409034804
(9, 10) : 0.004683867499057155
(9, 45) : 0.005363693517922813
(9, 8) : 0.0051974631287983915
(10, 9) : 0.004683867499057155
(10, 11) : 0.00559376249450874
(10, 46) : 0.006145283754522027
(11, 12) : 0.00567402047888002
(11, 47) : 0.005576470420612129
(11, 10) : 0.00559376249450874
(12, 11) : 0.00567402047888002
(12, 13) : 0.0033320778247850715
(12, 48) : 0.004652843833749227
(13, 14) : 0.004014413356893945
(13, 49) : 0.004724409894258492
(13, 12) : 0.0033320778247850715
(14, 13) : 0.004014413356893945
(14, 15) : 0.005122543759115021
(14, 50) : 0.0042285123754521575
(15, 16) : 0.004855999841374751
(15, 51) : 0.004408184394904657
(15, 14) : 0.005122543759115021
(16, 52) : 0.004759434228122884
(16, 15) : 0.004855999841374751
(16, 17) : 0.004711254425497009
(17, 16) : 0.004711254425497009
(17, 18) : 0.005103359451994916
(17, 53) : 0.0041589424692635435
(18, 54) : 0.0049419097489869545
(18, 17) : 0.005103359451994916
(18, 19) : 0.003654483172710319
(19, 18) : 0.003654483172710319
(19, 20) : 0.004264888433775594
(19, 55) : 0.005689688968430228
(20, 56) : 0.004630918871736149
(20, 19) : 0.004264888433775594
(20, 21) : 0.0035640311591537115
(21, 20) : 0.0035640311591537115
(21, 22) : 0.0042825361622435
(21, 57) : 0.004436588357914408
(22, 58) : 0.0041580309890296915
(22, 21) : 0.0042825361622435
(22, 23) : 0.004227551187272574
(23, 22) : 0.004227551187272574
(23, 24) : 0.004257098889298553
(23, 59) : 0.005264580926275234
(24, 25) : 0.004590745375201161
(24, 60) : 0.005548734781411988
(24, 23) : 0.004257098889298553
(25, 61) : 0.004011014480636964
(25, 24) : 0.004590745375201161
(25, 26) : 0.0045369085165391145
(26, 27) : 0.004183596463539477
(26, 62) : 0.004357685341809493
(26, 25) : 0.0045369085165391145
(27, 26) : 0.004183596463539477
(27, 28) : 0.004148727138576824
(27, 63) : 0.004220467080022679
(28, 29) : 0.003765822191359911
(28, 64) : 0.004031812846627398
(28, 27) : 0.004148727138576823
(29, 65) : 0.00448822200725089
(29, 28) : 0.0037658221913599104
(29, 30) : 0.004220998083675795
(30, 31) : 0.0042817613900068075
(30, 66) : 0.004710689181223157
(30, 29) : 0.004220998083675795
(31, 67) : 0.004471189173570452
(31, 30) : 0.0042817613900068075
(31, 32) : 0.003855551629451471
(32, 31) : 0.003855551629451471
(32, 33) : 0.004247329539304382
(32, 68) : 0.0034742354773788617
(33, 34) : 0.003987535988697174
(33, 69) : 0.004207274758974934
(33, 32) : 0.004247329539304382
(34, 33) : 0.003987535988697174
(34, 35) : 0.004661937674246392
(34, 70) : 0.00555703015165995
(35, 36) : 0.004990355505921382
(35, 71) : 0.00493427491380164
(35, 34) : 0.004661937674246392
(36, 1) : 0.004021280990019285
(36, 35) : 0.004990355505921382
(36, 72) : 0.004900401077483967
(37, 38) : 0.004468916455745702
(37, 72) : 0.004821937043672409
(37, 1) : 0.005337955421933797
(38, 2) : 0.005030974671825869
(38, 37) : 0.004468916455745702
(38, 39) : 0.0047573541376714126
(39, 40) : 0.005504765814597453
(39, 3) : 0.004965364122117894
(39, 38) : 0.0047573541376714126
(40, 4) : 0.004950192040491436
(40, 39) : 0.005504765814597453
(40, 41) : 0.004144479616955499
(41, 40) : 0.004144479616955499
(41, 42) : 0.0052017539475028044
(41, 5) : 0.004451157897802375
(42, 43) : 0.004998624551770825
(42, 6) : 0.00468230397543563
(42, 41) : 0.0052017539475028044
(43, 42) : 0.004998624551770825
(43, 44) : 0.006037798944786214
(43, 7) : 0.005163575511447721
(44, 45) : 0.0037943773181251463
(44, 8) : 0.00502357409034804
(44, 43) : 0.006037798944786214
(45, 9) : 0.005363693517922813
(45, 44) : 0.0037943773181251463
(45, 46) : 0.004627434353792681
(46, 47) : 0.00535344058616324
(46, 10) : 0.006145283754522027
(46, 45) : 0.004627434353792681
(47, 11) : 0.005576470420612129
(47, 46) : 0.00535344058616324
(47, 48) : 0.0057759759680405375
(48, 49) : 0.004401526249862384
(48, 12) : 0.004652843833749227
(48, 47) : 0.0057759759680405375
(49, 13) : 0.004724409894258492
(49, 48) : 0.004401526249862384
(49, 50) : 0.0046876432548569056
(50, 49) : 0.0046876432548569056
(50, 51) : 0.005115120825210495
(50, 14) : 0.0042285123754521575
(51, 15) : 0.004408184394904657
(51, 50) : 0.005115120825210495
(51, 52) : 0.004656820920958102
(52, 51) : 0.004656820920958102
(52, 53) : 0.0038309070268171814
(52, 16) : 0.004759434228122884
(53, 17) : 0.0041589424692635435
(53, 52) : 0.0038309070268171814
(53, 54) : 0.004392476692592179
(54, 18) : 0.0049419097489869545
(54, 53) : 0.004392476692592179
(54, 55) : 0.004252663758091476
(55, 19) : 0.0056896889684302275
(55, 54) : 0.004252663758091476
(55, 56) : 0.005027903891134973
(56, 20) : 0.004630918871736149
(56, 55) : 0.005027903891134973
(56, 57) : 0.005010290897646148
(57, 58) : 0.004660342390595944
(57, 21) : 0.004436588357914408
(57, 56) : 0.005010290897646148
(58, 22) : 0.0041580309890296915
(58, 57) : 0.004660342390595944
(58, 59) : 0.005462754954109667
(59, 60) : 0.004071998557468164
(59, 23) : 0.005264580926275234
(59, 58) : 0.005462754954109667
(60, 24) : 0.005548734781411988
(60, 59) : 0.004071998557468164
(60, 61) : 0.004911524166272616
(61, 62) : 0.004980818391527344
(61, 25) : 0.004011014480636964
(61, 60) : 0.004911524166272616
(62, 26) : 0.004357685341809493
(62, 61) : 0.004980818391527344
(62, 63) : 0.004062447045695273
(63, 62) : 0.004062447045695273
(63, 64) : 0.0046451186969474825
(63, 27) : 0.004220467080022679
(64, 28) : 0.004031812846627398
(64, 63) : 0.0046451186969474825
(64, 65) : 0.0033667451724910154
(65, 64) : 0.0033667451724910154
(65, 66) : 0.004476705159085812
(65, 29) : 0.00448822200725089
(66, 67) : 0.0035434261966901174
(66, 30) : 0.004710689181223157
(66, 65) : 0.004476705159085812
(67, 31) : 0.004471189173570452
(67, 66) : 0.0035434261966901174
(67, 68) : 0.003820553008716089
(68, 69) : 0.003506161167012984
(68, 32) : 0.0034742354773788617
(68, 67) : 0.003820553008716089
(69, 33) : 0.004207274758974934
(69, 68) : 0.003506161167012984
(69, 70) : 0.004134102678270119
(70, 71) : 0.00466957476503907
(70, 34) : 0.00555703015165995
(70, 69) : 0.004134102678270119
(71, 35) : 0.00493427491380164
(71, 70) : 0.00466957476503907
(71, 72) : 0.004629785374882312
(72, 71) : 0.004629785374882312
(72, 36) : 0.004900401077483967
(72, 37) : 0.004821937043672409
