(1, 2) : 0.00377755511112518
(1, 36) : 0.005067523789174555
(1, 37) : 0.005860276910482241
(2, 3) : 0.004463801340560325
(2, 38) : 0.006143164896704709
(2, 1) : 0.00377755511112518
(3, 2) : 0.004463801340560325
(3, 4) : 0.004441614295663366
(3, 39) : 0.0046861424382626795
(4, 5) : 0.004488319260761279
(4, 40) : 0.003867269156102115
(4, 3) : 0.004441614295663366
(5, 4) : 0.004488319260761279
(5, 6) : 0.004395767478086564
(5, 41) : 0.004315713025078045
(6, 7) : 0.004336957020471652
(6, 42) : 0.004557678387253724
(6, 5) : 0.004395767478086564
(7, 43) : 0.004433286314369199
(7, 6) : 0.004336957020471652
(7, 8) : 0.004631129407125234
(8, 7) : 0.004631129407125235
(8, 9) : 0.004688814886197705
(8, 44) : 0.00495274212397722
(9, 10) : 0.003912279271985245
(9, 45) : 0.004729802749162571
(9, 8) : 0.004688814886197706
(10, 9) : 0.003912279271985245
(10, 11) : 0.00404622498876316
(10, 46) : 0.004315922299842004
(11, 12) : 0.004351370201384413
(11, 47) : 0.004201128966498577
(11, 10) : 0.00404622498876316
(12, 11) : 0.004351370201384413
(12, 13) : 0.005063550389984247
(12, 48) : 0.00481921707620908
(13, 14) : 0.005124773097457095
(13, 49) : 0.005605813146790337
(13, 12) : 0.005063550389984247
(14, 13) : 0.005124773097457095
(14, 15) : 0.0053624651443817195
(14, 50) : 0.004897872928568163
(15, 16) : 0.004208169613781017
(15, 51) : 0.005258809929121339
(15, 14) : 0.0053624651443817195
(16, 52) : 0.005165920636233659
(16, 15) : 0.004208169613781017
(16, 17) : 0.004369734589425937
(17, 16) : 0.004369734589425937
(17, 18) : 0.003950295014419264
(17, 53) : 0.004917870737372318
(18, 54) : 0.0049034268951796845
(18, 17) : 0.003950295014419264
(18, 19) : 0.0038575894745473353
(19, 18) : 0.0038575894745473353
(19, 20) : 0.003604854528366325
(19, 55) : 0.0036163832700375174
(20, 56) : 0.0037041202607154358
(20, 19) : 0.003604854528366325
(20, 21) : 0.004445172627168005
(21, 20) : 0.004445172627168005
(21, 22) : 0.004906215447511007
(21, 57) : 0.0056024835225754145
(22, 58) : 0.006462480603927435
(22, 21) : 0.004906215447511007
(22, 23) : 0.004400504063753972
(23, 22) : 0.004400504063753972
(23, 24) : 0.004809380569886748
(23, 59) : 0.00448755483873783
(24, 25) : 0.004019803933130825
(24, 60) : 0.003735428672966411
(24, 23) : 0.004809380569886748
(25, 61) : 0.004038415283712987
(25, 24) : 0.004019803933130825
(25, 26) : 0.0049361304933090225
(26, 27) : 0.0039939050019937505
(26, 62) : 0.005190809430598197
(26, 25) : 0.0049361304933090225
(27, 26) : 0.0039939050019937505
(27, 28) : 0.004941008376357518
(27, 63) : 0.0056185196172765335
(28, 29) : 0.0040511767234575205
(28, 64) : 0.0043921686189841635
(28, 27) : 0.004941008376357518
(29, 65) : 0.004065427745376339
(29, 28) : 0.0040511767234575205
(29, 30) : 0.003876656984138081
(30, 31) : 0.005481213025272934
(30, 66) : 0.003791345013573932
(30, 29) : 0.003876656984138081
(31, 67) : 0.005096929975620118
(31, 30) : 0.005481213025272934
(31, 32) : 0.004184345246892717
(32, 31) : 0.004184345246892717
(32, 33) : 0.005251803757897153
(32, 68) : 0.0054279842664705855
(33, 34) : 0.005255036455926689
(33, 69) : 0.004302563327293632
(33, 32) : 0.005251803757897153
(34, 33) : 0.005255036455926689
(34, 35) : 0.005535053813649125
(34, 70) : 0.004519198679982147
(35, 36) : 0.004783910951539487
(35, 71) : 0.0045275165342124725
(35, 34) : 0.005535053813649125
(36, 1) : 0.005067523789174555
(36, 35) : 0.004783910951539487
(36, 72) : 0.004559307337536204
(37, 38) : 0.004924379219529716
(37, 72) : 0.005141215523228672
(37, 1) : 0.005860276910482241
(38, 2) : 0.006143164896704709
(38, 37) : 0.004924379219529716
(38, 39) : 0.005490949558732631
(39, 40) : 0.00594700994270209
(39, 3) : 0.0046861424382626795
(39, 38) : 0.005490949558732631
(40, 4) : 0.0038672691561021156
(40, 39) : 0.00594700994270209
(40, 41) : 0.004940674146843456
(41, 40) : 0.004940674146843456
(41, 42) : 0.004211272701674315
(41, 5) : 0.004315713025078045
(42, 43) : 0.004849160434497014
(42, 6) : 0.004557678387253724
(42, 41) : 0.004211272701674315
(43, 42) : 0.004849160434497014
(43, 44) : 0.004590656471823419
(43, 7) : 0.004433286314369199
(44, 45) : 0.0044491006539291444
(44, 8) : 0.00495274212397722
(44, 43) : 0.004590656471823419
(45, 9) : 0.004729802749162571
(45, 44) : 0.004449100653929144
(45, 46) : 0.004920811549776234
(46, 47) : 0.004176358448120611
(46, 10) : 0.004315922299842004
(46, 45) : 0.004920811549776234
(47, 11) : 0.004201128966498577
(47, 46) : 0.004176358448120611
(47, 48) : 0.005110909919291037
(48, 49) : 0.005626118847473334
(48, 12) : 0.00481921707620908
(48, 47) : 0.005110909919291037
(49, 13) : 0.005605813146790337
(49, 48) : 0.005626118847473334
(49, 50) : 0.004801047404723688
(50, 49) : 0.004801047404723688
(50, 51) : 0.005413569987585601
(50, 14) : 0.004897872928568163
(51, 15) : 0.005258809929121339
(51, 50) : 0.0054135699875856
(51, 52) : 0.004072967859862267
(52, 51) : 0.004072967859862267
(52, 53) : 0.005100084721817986
(52, 16) : 0.005165920636233659
(53, 17) : 0.004917870737372318
(53, 52) : 0.005100084721817986
(53, 54) : 0.004337127125456379
(54, 18) : 0.0049034268951796845
(54, 53) : 0.004337127125456379
(54, 55) : 0.004425454410675107
(55, 19) : 0.0036163832700375174
(55, 54) : 0.004425454410675107
(55, 56) : 0.003715966465678433
(56, 20) : 0.0037041202607154358
(56, 55) : 0.003715966465678433
(56, 57) : 0.004535162508642494
(57, 58) : 0.004893699619830199
(57, 21) : 0.0056024835225754145
(57, 56) : 0.004535162508642494
(58, 22) : 0.006462480603927435
(58, 57) : 0.004893699619830199
(58, 59) : 0.0044035364572550025
(59, 60) : 0.004468416437296549
(59, 23) : 0.00448755483873783
(59, 58) : 0.0044035364572550025
(60, 24) : 0.003735428672966411
(60, 59) : 0.004468416437296549
(60, 61) : 0.00410712187243461
(61, 62) : 0.004414188359025375
(61, 25) : 0.004038415283712987
(61, 60) : 0.00410712187243461
(62, 26) : 0.005190809430598197
(62, 61) : 0.004414188359025375
(62, 63) : 0.00494471694441181
(63, 62) : 0.00494471694441181
(63, 64) : 0.00429491059689791
(63, 27) : 0.0056185196172765335
(64, 28) : 0.0043921686189841635
(64, 63) : 0.00429491059689791
(64, 65) : 0.004375510774785734
(65, 64) : 0.004375510774785734
(65, 66) : 0.0036921438803141425
(65, 29) : 0.004065427745376339
(66, 67) : 0.0037815611261403175
(66, 30) : 0.003791345013573932
(66, 65) : 0.0036921438803141425
(67, 31) : 0.005096929975620117
(67, 66) : 0.0037815611261403175
(67, 68) : 0.0038025622261839242
(68, 69) : 0.004116782555918911
(68, 32) : 0.0054279842664705855
(68, 67) : 0.0038025622261839242
(69, 33) : 0.004302563327293632
(69, 68) : 0.004116782555918911
(69, 70) : 0.004584864866227215
(70, 71) : 0.004838621848085137
(70, 34) : 0.004519198679982147
(70, 69) : 0.004584864866227215
(71, 35) : 0.0045275165342124725
(71, 70) : 0.004838621848085137
(71, 72) : 0.004716562540778426
(72, 71) : 0.004716562540778426
(72, 36) : 0.004559307337536204
(72, 37) : 0.005141215523228672
