(1, 2) : 0.004887250177808769
(1, 36) : 0.005247146582637619
(1, 37) : 0.004592906111587391
(2, 3) : 0.0038310766068195374
(2, 38) : 0.0058396505050271235
(2, 1) : 0.004887250177808769
(3, 2) : 0.0038310766068195374
(3, 4) : 0.004707129371044664
(3, 39) : 0.006245859670478211
(4, 5) : 0.004101755497865252
(4, 40) : 0.004926982212875416
(4, 3) : 0.004707129371044664
(5, 4) : 0.004101755497865252
(5, 6) : 0.0041407819733889125
(5, 41) : 0.004278977636804197
(6, 7) : 0.004367743232257002
(6, 42) : 0.004314842159131012
(6, 5) : 0.0041407819733889125
(7, 43) : 0.0038730325569473704
(7, 6) : 0.004367743232257002
(7, 8) : 0.004754272256585856
(8, 7) : 0.004754272256585856
(8, 9) : 0.004945910093802205
(8, 44) : 0.0036608758138802298
(9, 10) : 0.005863673054787871
(9, 45) : 0.004200745918587553
(9, 8) : 0.004945910093802205
(10, 9) : 0.005863673054787871
(10, 11) : 0.0048169988026881124
(10, 46) : 0.0050246741902086325
(11, 12) : 0.005163074548662507
(11, 47) : 0.005930260459430952
(11, 10) : 0.0048169988026881124
(12, 11) : 0.005163074548662507
(12, 13) : 0.004300565199148996
(12, 48) : 0.005663096855283653
(13, 14) : 0.005427105878240273
(13, 49) : 0.004317285656804194
(13, 12) : 0.004300565199148996
(14, 13) : 0.005427105878240273
(14, 15) : 0.004562249579561304
(14, 50) : 0.004246935317020621
(15, 16) : 0.004718374831798031
(15, 51) : 0.004862469407946979
(15, 14) : 0.004562249579561304
(16, 52) : 0.003715589443669113
(16, 15) : 0.004718374831798031
(16, 17) : 0.005076398472327283
(17, 16) : 0.005076398472327283
(17, 18) : 0.004420670712987346
(17, 53) : 0.004810443462521876
(18, 54) : 0.006121601524579478
(18, 17) : 0.004420670712987346
(18, 19) : 0.0037229633854806506
(19, 18) : 0.0037229633854806506
(19, 20) : 0.004950207846522662
(19, 55) : 0.004737623744252864
(20, 56) : 0.0038014333164712788
(20, 19) : 0.004950207846522662
(20, 21) : 0.005134675505506093
(21, 20) : 0.005134675505506093
(21, 22) : 0.003993675083013517
(21, 57) : 0.003953992716629441
(22, 58) : 0.003881307450765676
(22, 21) : 0.003993675083013517
(22, 23) : 0.0035708954390923156
(23, 22) : 0.0035708954390923156
(23, 24) : 0.0031965533952702354
(23, 59) : 0.0035964030608014977
(24, 25) : 0.003934543754262467
(24, 60) : 0.003920258401061845
(24, 23) : 0.0031965533952702354
(25, 61) : 0.0038659183943543715
(25, 24) : 0.003934543754262467
(25, 26) : 0.004297094314107452
(26, 27) : 0.0032775905157870692
(26, 62) : 0.004352098998259392
(26, 25) : 0.004297094314107451
(27, 26) : 0.0032775905157870692
(27, 28) : 0.004861280767017708
(27, 63) : 0.004228141354816452
(28, 29) : 0.003683867512001912
(28, 64) : 0.004755464885872604
(28, 27) : 0.004861280767017708
(29, 65) : 0.005276109300855369
(29, 28) : 0.003683867512001912
(29, 30) : 0.004434287776851255
(30, 31) : 0.004581875902376656
(30, 66) : 0.004547377342381792
(30, 29) : 0.004434287776851255
(31, 67) : 0.005073779827118701
(31, 30) : 0.004581875902376656
(31, 32) : 0.004903574849533671
(32, 31) : 0.004903574849533671
(32, 33) : 0.005613457006803619
(32, 68) : 0.004810407149296999
(33, 34) : 0.003829974424029946
(33, 69) : 0.004729184160053501
(33, 32) : 0.005613457006803619
(34, 33) : 0.003829974424029946
(34, 35) : 0.006126125890196862
(34, 70) : 0.004789424316090016
(35, 36) : 0.004763646948048254
(35, 71) : 0.0057063306413358645
(35, 34) : 0.006126125890196862
(36, 1) : 0.005247146582637619
(36, 35) : 0.004763646948048254
(36, 72) : 0.005880387429799948
(37, 38) : 0.0045610566005717425
(37, 72) : 0.00486317800958535
(37, 1) : 0.004592906111587391
(38, 2) : 0.005839650505027124
(38, 37) : 0.0045610566005717425
(38, 39) : 0.004870323095419723
(39, 40) : 0.005277476545006741
(39, 3) : 0.006245859670478211
(39, 38) : 0.004870323095419723
(40, 4) : 0.004926982212875415
(40, 39) : 0.005277476545006741
(40, 41) : 0.004507834066392879
(41, 40) : 0.004507834066392879
(41, 42) : 0.00444857787036574
(41, 5) : 0.004278977636804197
(42, 43) : 0.0040144478150793495
(42, 6) : 0.004314842159131012
(42, 41) : 0.00444857787036574
(43, 42) : 0.0040144478150793495
(43, 44) : 0.0045116267595142175
(43, 7) : 0.0038730325569473704
(44, 45) : 0.004532718397961513
(44, 8) : 0.0036608758138802298
(44, 43) : 0.0045116267595142175
(45, 9) : 0.004200745918587553
(45, 44) : 0.004532718397961513
(45, 46) : 0.005018219212717709
(46, 47) : 0.004313662511170808
(46, 10) : 0.0050246741902086325
(46, 45) : 0.005018219212717709
(47, 11) : 0.005930260459430952
(47, 46) : 0.004313662511170808
(47, 48) : 0.004236547984311139
(48, 49) : 0.004343502101802907
(48, 12) : 0.005663096855283653
(48, 47) : 0.004236547984311139
(49, 13) : 0.004317285656804194
(49, 48) : 0.004343502101802907
(49, 50) : 0.005307643127582287
(50, 49) : 0.005307643127582287
(50, 51) : 0.005061218517925861
(50, 14) : 0.004246935317020621
(51, 15) : 0.004862469407946979
(51, 50) : 0.005061218517925861
(51, 52) : 0.004816005369013087
(52, 51) : 0.004816005369013087
(52, 53) : 0.006422469928358912
(52, 16) : 0.0037155894436691136
(53, 17) : 0.004810443462521876
(53, 52) : 0.006422469928358912
(53, 54) : 0.0044863669150667215
(54, 18) : 0.006121601524579478
(54, 53) : 0.0044863669150667215
(54, 55) : 0.005213431821616184
(55, 19) : 0.004737623744252864
(55, 54) : 0.005213431821616184
(55, 56) : 0.004855485081944702
(56, 20) : 0.0038014333164712788
(56, 55) : 0.004855485081944702
(56, 57) : 0.005773052902595069
(57, 58) : 0.00371411921616097
(57, 21) : 0.003953992716629441
(57, 56) : 0.005773052902595069
(58, 22) : 0.003881307450765676
(58, 57) : 0.00371411921616097
(58, 59) : 0.0036704926962028003
(59, 60) : 0.0035130464220157072
(59, 23) : 0.0035964030608014977
(59, 58) : 0.0036704926962028003
(60, 24) : 0.003920258401061845
(60, 59) : 0.0035130464220157072
(60, 61) : 0.004419708749796451
(61, 62) : 0.004671224521808057
(61, 25) : 0.0038659183943543715
(61, 60) : 0.004419708749796451
(62, 26) : 0.004352098998259392
(62, 61) : 0.004671224521808057
(62, 63) : 0.0038887436880389397
(63, 62) : 0.0038887436880389397
(63, 64) : 0.004685092171988861
(63, 27) : 0.004228141354816452
(64, 28) : 0.004755464885872604
(64, 63) : 0.004685092171988861
(64, 65) : 0.0040905421212405245
(65, 64) : 0.0040905421212405245
(65, 66) : 0.0037955626264029956
(65, 29) : 0.005276109300855369
(66, 67) : 0.00430932118253806
(66, 30) : 0.004547377342381792
(66, 65) : 0.0037955626264029956
(67, 31) : 0.005073779827118701
(67, 66) : 0.00430932118253806
(67, 68) : 0.004627875447362382
(68, 69) : 0.005191207856879475
(68, 32) : 0.004810407149296999
(68, 67) : 0.004627875447362382
(69, 33) : 0.004729184160053501
(69, 68) : 0.005191207856879475
(69, 70) : 0.004722689108486383
(70, 71) : 0.005532388025064315
(70, 34) : 0.004789424316090016
(70, 69) : 0.004722689108486383
(71, 35) : 0.0057063306413358645
(71, 70) : 0.005532388025064315
(71, 72) : 0.004992802950695445
(72, 71) : 0.004992802950695445
(72, 36) : 0.005880387429799948
(72, 37) : 0.00486317800958535
