(1, 2) : 0.004290689975792561
(1, 36) : 0.005032833301738411
(1, 37) : 0.003936427343722213
(2, 3) : 0.0035488435996524743
(2, 38) : 0.004115072398289211
(2, 1) : 0.004290689975792561
(3, 2) : 0.0035488435996524743
(3, 4) : 0.00440905928249135
(3, 39) : 0.004206932919790613
(4, 5) : 0.0043845460825519674
(4, 40) : 0.0042739612058906055
(4, 3) : 0.00440905928249135
(5, 4) : 0.0043845460825519674
(5, 6) : 0.005977739116886672
(5, 41) : 0.004271425231039375
(6, 7) : 0.005682151731011623
(6, 42) : 0.0037932876159445608
(6, 5) : 0.005977739116886672
(7, 43) : 0.0036133480630967346
(7, 6) : 0.005682151731011623
(7, 8) : 0.004805771945521051
(8, 7) : 0.004805771945521051
(8, 9) : 0.00518098112086089
(8, 44) : 0.0036720581963921887
(9, 10) : 0.005265971204712159
(9, 45) : 0.0036737612482107894
(9, 8) : 0.00518098112086089
(10, 9) : 0.005265971204712159
(10, 11) : 0.004762997030438755
(10, 46) : 0.0050266623457887105
(11, 12) : 0.005096728281478024
(11, 47) : 0.005431585664410085
(11, 10) : 0.004762997030438755
(12, 11) : 0.005096728281478024
(12, 13) : 0.005122383574105351
(12, 48) : 0.004418690903933749
(13, 14) : 0.005271728403364498
(13, 49) : 0.004546446856265666
(13, 12) : 0.005122383574105351
(14, 13) : 0.005271728403364498
(14, 15) : 0.004134340956133835
(14, 50) : 0.006011825704880956
(15, 16) : 0.005516971673507655
(15, 51) : 0.005519061344355257
(15, 14) : 0.004134340956133835
(16, 52) : 0.004446645469672108
(16, 15) : 0.005516971673507655
(16, 17) : 0.003854583318818974
(17, 16) : 0.003854583318818974
(17, 18) : 0.004716222622672537
(17, 53) : 0.003930179952652907
(18, 54) : 0.004595633882092584
(18, 17) : 0.004716222622672537
(18, 19) : 0.0037814211080000604
(19, 18) : 0.0037814211080000604
(19, 20) : 0.005023202837592756
(19, 55) : 0.004938604898977147
(20, 56) : 0.003971571319509406
(20, 19) : 0.005023202837592756
(20, 21) : 0.004966092248074974
(21, 20) : 0.004966092248074974
(21, 22) : 0.004863595448535484
(21, 57) : 0.004245185309947678
(22, 58) : 0.004597202132604377
(22, 21) : 0.004863595448535484
(22, 23) : 0.004686592260725578
(23, 22) : 0.004686592260725578
(23, 24) : 0.0053416190005271934
(23, 59) : 0.004685240524683091
(24, 25) : 0.004980909095599686
(24, 60) : 0.003819027593720903
(24, 23) : 0.0053416190005271934
(25, 61) : 0.0039660943899128
(25, 24) : 0.004980909095599686
(25, 26) : 0.004810644200670185
(26, 27) : 0.003929076043827042
(26, 62) : 0.004594392774872091
(26, 25) : 0.004810644200670185
(27, 26) : 0.003929076043827042
(27, 28) : 0.0036278541372235106
(27, 63) : 0.004224297261148224
(28, 29) : 0.003955457465012515
(28, 64) : 0.003764027940864305
(28, 27) : 0.0036278541372235106
(29, 65) : 0.003795271666976208
(29, 28) : 0.003955457465012515
(29, 30) : 0.00479997525727916
(30, 31) : 0.0050019273048533975
(30, 66) : 0.004869580177154736
(30, 29) : 0.00479997525727916
(31, 67) : 0.005446351746860974
(31, 30) : 0.0050019273048533975
(31, 32) : 0.00459537681825634
(32, 31) : 0.00459537681825634
(32, 33) : 0.003755138676286736
(32, 68) : 0.004992961840060407
(33, 34) : 0.0036595380477650974
(33, 69) : 0.005398011789874183
(33, 32) : 0.003755138676286736
(34, 33) : 0.0036595380477650974
(34, 35) : 0.00406583814374551
(34, 70) : 0.0055215786117750396
(35, 36) : 0.004336971858673276
(35, 71) : 0.005225629594557133
(35, 34) : 0.00406583814374551
(36, 1) : 0.005032833301738411
(36, 35) : 0.004336971858673276
(36, 72) : 0.004443447270960337
(37, 38) : 0.003314475104004526
(37, 72) : 0.00479197601001976
(37, 1) : 0.003936427343722213
(38, 2) : 0.0041150723982892115
(38, 37) : 0.003314475104004526
(38, 39) : 0.0036850031064314275
(39, 40) : 0.00311607352175381
(39, 3) : 0.004206932919790613
(39, 38) : 0.0036850031064314275
(40, 4) : 0.0042739612058906055
(40, 39) : 0.00311607352175381
(40, 41) : 0.004273070558007742
(41, 40) : 0.004273070558007742
(41, 42) : 0.004955532775174177
(41, 5) : 0.004271425231039374
(42, 43) : 0.005112644136535852
(42, 6) : 0.0037932876159445608
(42, 41) : 0.004955532775174177
(43, 42) : 0.005112644136535852
(43, 44) : 0.004726393754141515
(43, 7) : 0.0036133480630967346
(44, 45) : 0.005013399949208661
(44, 8) : 0.003672058196392188
(44, 43) : 0.004726393754141515
(45, 9) : 0.0036737612482107894
(45, 44) : 0.005013399949208661
(45, 46) : 0.00515054695020289
(46, 47) : 0.004284670636562862
(46, 10) : 0.0050266623457887105
(46, 45) : 0.00515054695020289
(47, 11) : 0.005431585664410086
(47, 46) : 0.004284670636562862
(47, 48) : 0.004750230494237825
(48, 49) : 0.005573456702883748
(48, 12) : 0.004418690903933749
(48, 47) : 0.004750230494237825
(49, 13) : 0.004546446856265666
(49, 48) : 0.005573456702883746
(49, 50) : 0.005177413062292194
(50, 49) : 0.005177413062292194
(50, 51) : 0.005071031136165133
(50, 14) : 0.006011825704880956
(51, 15) : 0.005519061344355257
(51, 50) : 0.005071031136165133
(51, 52) : 0.005863142754809933
(52, 51) : 0.0058631427548099324
(52, 53) : 0.003944088344753094
(52, 16) : 0.004446645469672108
(53, 17) : 0.003930179952652907
(53, 52) : 0.003944088344753094
(53, 54) : 0.004698257504266264
(54, 18) : 0.004595633882092584
(54, 53) : 0.004698257504266264
(54, 55) : 0.0034804445992686842
(55, 19) : 0.004938604898977147
(55, 54) : 0.0034804445992686842
(55, 56) : 0.004424992946171937
(56, 20) : 0.003971571319509406
(56, 55) : 0.004424992946171937
(56, 57) : 0.003975250339243744
(57, 58) : 0.004447471999087197
(57, 21) : 0.004245185309947678
(57, 56) : 0.003975250339243744
(58, 22) : 0.004597202132604377
(58, 57) : 0.004447471999087197
(58, 59) : 0.004262929124202366
(59, 60) : 0.005201563133947316
(59, 23) : 0.004685240524683091
(59, 58) : 0.004262929124202366
(60, 24) : 0.003819027593720903
(60, 59) : 0.005201563133947316
(60, 61) : 0.005907827716917278
(61, 62) : 0.004889730411273513
(61, 25) : 0.0039660943899128
(61, 60) : 0.005907827716917278
(62, 26) : 0.004594392774872091
(62, 61) : 0.004889730411273513
(62, 63) : 0.004544565840522263
(63, 62) : 0.004544565840522263
(63, 64) : 0.004000495695444803
(63, 27) : 0.004224297261148224
(64, 28) : 0.003764027940864305
(64, 63) : 0.004000495695444803
(64, 65) : 0.004582321373954627
(65, 64) : 0.004582321373954627
(65, 66) : 0.006159525413083646
(65, 29) : 0.003795271666976208
(66, 67) : 0.006139651581122293
(66, 30) : 0.004869580177154736
(66, 65) : 0.006159525413083646
(67, 31) : 0.005446351746860974
(67, 66) : 0.006139651581122293
(67, 68) : 0.005308998816230563
(68, 69) : 0.005089586413546643
(68, 32) : 0.004992961840060407
(68, 67) : 0.005308998816230563
(69, 33) : 0.005398011789874183
(69, 68) : 0.005089586413546643
(69, 70) : 0.004659420053767122
(70, 71) : 0.0048533441208614666
(70, 34) : 0.0055215786117750396
(70, 69) : 0.004659420053767122
(71, 35) : 0.0052256295945571326
(71, 70) : 0.0048533441208614666
(71, 72) : 0.005353217554628288
(72, 71) : 0.005353217554628288
(72, 36) : 0.004443447270960337
(72, 37) : 0.00479197601001976
