(1, 2) : 0.0039662634530811805
(1, 36) : 0.003869950489413726
(1, 37) : 0.00437783035263804
(2, 3) : 0.004309503724628662
(2, 38) : 0.004727599279320251
(2, 1) : 0.0039662634530811805
(3, 2) : 0.004309503724628662
(3, 4) : 0.005101149770465509
(3, 39) : 0.004926799589881311
(4, 5) : 0.004332367301217254
(4, 40) : 0.0055348297364957826
(4, 3) : 0.005101149770465509
(5, 4) : 0.004332367301217254
(5, 6) : 0.006543444991939933
(5, 41) : 0.005199545627713233
(6, 7) : 0.005176333587270266
(6, 42) : 0.004111952624475238
(6, 5) : 0.006543444991939934
(7, 43) : 0.003974665212413711
(7, 6) : 0.005176333587270266
(7, 8) : 0.004884740388614954
(8, 7) : 0.004884740388614954
(8, 9) : 0.004066923849658578
(8, 44) : 0.0040048692808311625
(9, 10) : 0.00522000932654194
(9, 45) : 0.0037076765530032183
(9, 8) : 0.004066923849658578
(10, 9) : 0.005220009326541939
(10, 11) : 0.004871363717154492
(10, 46) : 0.004156558518450997
(11, 12) : 0.006064664238293188
(11, 47) : 0.0055723705555292885
(11, 10) : 0.004871363717154492
(12, 11) : 0.006064664238293188
(12, 13) : 0.004747996270981635
(12, 48) : 0.005302617132267751
(13, 14) : 0.005115446754029341
(13, 49) : 0.004443883950121441
(13, 12) : 0.004747996270981635
(14, 13) : 0.005115446754029341
(14, 15) : 0.0055737767022969835
(14, 50) : 0.00448377533232383
(15, 16) : 0.004869651383178371
(15, 51) : 0.004671730658381591
(15, 14) : 0.0055737767022969835
(16, 52) : 0.0042892840109409565
(16, 15) : 0.004869651383178371
(16, 17) : 0.0059437874819176515
(17, 16) : 0.0059437874819176515
(17, 18) : 0.004134892275937897
(17, 53) : 0.004509587874943879
(18, 54) : 0.004204839570369147
(18, 17) : 0.004134892275937897
(18, 19) : 0.0047779644909749786
(19, 18) : 0.0047779644909749786
(19, 20) : 0.0034590124781534934
(19, 55) : 0.00452899342260455
(20, 56) : 0.00447948610944196
(20, 19) : 0.0034590124781534934
(20, 21) : 0.004714770644927953
(21, 20) : 0.004714770644927953
(21, 22) : 0.004239431012114466
(21, 57) : 0.00396049181473468
(22, 58) : 0.004083026134414564
(22, 21) : 0.004239431012114466
(22, 23) : 0.004978944463814908
(23, 22) : 0.004978944463814908
(23, 24) : 0.003969896471845055
(23, 59) : 0.0037530200582195257
(24, 25) : 0.004613629033828112
(24, 60) : 0.0037065867604942735
(24, 23) : 0.003969896471845055
(25, 61) : 0.003819302627946546
(25, 24) : 0.004613629033828112
(25, 26) : 0.0048235442550610685
(26, 27) : 0.004252662521430062
(26, 62) : 0.00409529086835278
(26, 25) : 0.0048235442550610685
(27, 26) : 0.004252662521430062
(27, 28) : 0.00483055895146092
(27, 63) : 0.004557971095442364
(28, 29) : 0.004260863512751708
(28, 64) : 0.004480193141663235
(28, 27) : 0.00483055895146092
(29, 65) : 0.00417550740463195
(29, 28) : 0.004260863512751708
(29, 30) : 0.004985068918896205
(30, 31) : 0.00550619828243965
(30, 66) : 0.004880502432951698
(30, 29) : 0.004985068918896205
(31, 67) : 0.005199297955863863
(31, 30) : 0.00550619828243965
(31, 32) : 0.005793283133663005
(32, 31) : 0.005793283133663005
(32, 33) : 0.005246008637820523
(32, 68) : 0.00509282471531657
(33, 34) : 0.005819451682884538
(33, 69) : 0.005667192615702239
(33, 32) : 0.005246008637820523
(34, 33) : 0.005819451682884537
(34, 35) : 0.004655353491031354
(34, 70) : 0.005243723000585786
(35, 36) : 0.003890642568396092
(35, 71) : 0.004074598865740959
(35, 34) : 0.004655353491031354
(36, 1) : 0.003869950489413726
(36, 35) : 0.003890642568396092
(36, 72) : 0.004082705980047696
(37, 38) : 0.0041181431900014975
(37, 72) : 0.003413399461716854
(37, 1) : 0.00437783035263804
(38, 2) : 0.004727599279320251
(38, 37) : 0.0041181431900014975
(38, 39) : 0.004794883452170371
(39, 40) : 0.00534247466180237
(39, 3) : 0.004926799589881311
(39, 38) : 0.004794883452170372
(40, 4) : 0.0055348297364957826
(40, 39) : 0.00534247466180237
(40, 41) : 0.005091078565481362
(41, 40) : 0.005091078565481362
(41, 42) : 0.006188245548846089
(41, 5) : 0.005199545627713233
(42, 43) : 0.004610211229780955
(42, 6) : 0.004111952624475238
(42, 41) : 0.006188245548846089
(43, 42) : 0.004610211229780955
(43, 44) : 0.0040400072258072435
(43, 7) : 0.003974665212413711
(44, 45) : 0.0037605705391639235
(44, 8) : 0.0040048692808311625
(44, 43) : 0.0040400072258072435
(45, 9) : 0.0037076765530032183
(45, 44) : 0.0037605705391639235
(45, 46) : 0.0036077360613476295
(46, 47) : 0.004828105801332728
(46, 10) : 0.004156558518450997
(46, 45) : 0.0036077360613476295
(47, 11) : 0.0055723705555292885
(47, 46) : 0.004828105801332728
(47, 48) : 0.004399088719315126
(48, 49) : 0.004238686693820283
(48, 12) : 0.005302617132267751
(48, 47) : 0.004399088719315126
(49, 13) : 0.004443883950121441
(49, 48) : 0.004238686693820283
(49, 50) : 0.004348504661633523
(50, 49) : 0.004348504661633523
(50, 51) : 0.0048267268728992025
(50, 14) : 0.00448377533232383
(51, 15) : 0.004671730658381591
(51, 50) : 0.0048267268728992025
(51, 52) : 0.005082345258172877
(52, 51) : 0.005082345258172877
(52, 53) : 0.004756728563648801
(52, 16) : 0.0042892840109409565
(53, 17) : 0.004509587874943879
(53, 52) : 0.004756728563648801
(53, 54) : 0.0043384263831246165
(54, 18) : 0.004204839570369147
(54, 53) : 0.0043384263831246165
(54, 55) : 0.0039048056769297543
(55, 19) : 0.00452899342260455
(55, 54) : 0.0039048056769297543
(55, 56) : 0.0032285487472057096
(56, 20) : 0.00447948610944196
(56, 55) : 0.0032285487472057096
(56, 57) : 0.004174961393226924
(57, 58) : 0.004333613203995578
(57, 21) : 0.00396049181473468
(57, 56) : 0.004174961393226924
(58, 22) : 0.004083026134414564
(58, 57) : 0.004333613203995578
(58, 59) : 0.0040991870669835695
(59, 60) : 0.004012028823731883
(59, 23) : 0.0037530200582195257
(59, 58) : 0.0040991870669835695
(60, 24) : 0.0037065867604942735
(60, 59) : 0.004012028823731883
(60, 61) : 0.004417242519381374
(61, 62) : 0.004230500850336466
(61, 25) : 0.003819302627946546
(61, 60) : 0.004417242519381374
(62, 26) : 0.00409529086835278
(62, 61) : 0.004230500850336466
(62, 63) : 0.005437457698391431
(63, 62) : 0.005437457698391431
(63, 64) : 0.004894680880663247
(63, 27) : 0.004557971095442364
(64, 28) : 0.004480193141663235
(64, 63) : 0.004894680880663247
(64, 65) : 0.00502161291926162
(65, 64) : 0.00502161291926162
(65, 66) : 0.0056266638949446475
(65, 29) : 0.00417550740463195
(66, 67) : 0.005930561628436591
(66, 30) : 0.004880502432951698
(66, 65) : 0.0056266638949446475
(67, 31) : 0.005199297955863863
(67, 66) : 0.005930561628436591
(67, 68) : 0.004717360213514383
(68, 69) : 0.00568401336236237
(68, 32) : 0.00509282471531657
(68, 67) : 0.004717360213514382
(69, 33) : 0.005667192615702239
(69, 68) : 0.00568401336236237
(69, 70) : 0.004730710745175335
(70, 71) : 0.004305629231361527
(70, 34) : 0.005243723000585786
(70, 69) : 0.004730710745175335
(71, 35) : 0.004074598865740959
(71, 70) : 0.004305629231361527
(71, 72) : 0.003774377131660974
(72, 71) : 0.003774377131660974
(72, 36) : 0.004082705980047696
(72, 37) : 0.003413399461716854
