(1, 2) : 0.003298150611957343
(1, 36) : 0.004049115876156502
(1, 37) : 0.004524394919189847
(2, 3) : 0.0039050515297120295
(2, 38) : 0.0036982633640928915
(2, 1) : 0.003298150611957343
(3, 2) : 0.0039050515297120295
(3, 4) : 0.004440867110682635
(3, 39) : 0.00399505459916375
(4, 5) : 0.004200926077442727
(4, 40) : 0.004957256526693762
(4, 3) : 0.004440867110682635
(5, 4) : 0.004200926077442727
(5, 6) : 0.005947930439704638
(5, 41) : 0.004309052178917313
(6, 7) : 0.0051226337361963145
(6, 42) : 0.004040199563361242
(6, 5) : 0.005947930439704638
(7, 43) : 0.004358171439965804
(7, 6) : 0.0051226337361963145
(7, 8) : 0.004387197382927451
(8, 7) : 0.00438719738292745
(8, 9) : 0.004769642363506812
(8, 44) : 0.004492019571539376
(9, 10) : 0.0048083725674640705
(9, 45) : 0.005427499112865528
(9, 8) : 0.004769642363506812
(10, 9) : 0.0048083725674640705
(10, 11) : 0.004479249299356925
(10, 46) : 0.006857753027283823
(11, 12) : 0.005288157397172982
(11, 47) : 0.006059233093696585
(11, 10) : 0.004479249299356925
(12, 11) : 0.005288157397172982
(12, 13) : 0.004354774125567818
(12, 48) : 0.0042776724884848235
(13, 14) : 0.0037240794630410776
(13, 49) : 0.003964505882699451
(13, 12) : 0.004354774125567818
(14, 13) : 0.0037240794630410776
(14, 15) : 0.0036137867815598896
(14, 50) : 0.004485055966656385
(15, 16) : 0.004506952663490267
(15, 51) : 0.004580962360684186
(15, 14) : 0.0036137867815598896
(16, 52) : 0.004978535760246117
(16, 15) : 0.004506952663490268
(16, 17) : 0.004661823995280277
(17, 16) : 0.004661823995280277
(17, 18) : 0.004336302838975118
(17, 53) : 0.006676894859024365
(18, 54) : 0.005973257190411046
(18, 17) : 0.004336302838975118
(18, 19) : 0.006181681303696391
(19, 18) : 0.006181681303696391
(19, 20) : 0.004927819209259575
(19, 55) : 0.004719086367044781
(20, 56) : 0.0049313011516012185
(20, 19) : 0.004927819209259575
(20, 21) : 0.0043639367536929125
(21, 20) : 0.0043639367536929125
(21, 22) : 0.004742183585977255
(21, 57) : 0.004230935109528188
(22, 58) : 0.003812274438850131
(22, 21) : 0.004742183585977255
(22, 23) : 0.0033080156530233096
(23, 22) : 0.0033080156530233096
(23, 24) : 0.004052443400705112
(23, 59) : 0.003899405406104653
(24, 25) : 0.0038496726963655626
(24, 60) : 0.004140797160937349
(24, 23) : 0.004052443400705112
(25, 61) : 0.004510491064544285
(25, 24) : 0.0038496726963655626
(25, 26) : 0.00420075029977281
(26, 27) : 0.004128004456045951
(26, 62) : 0.004286283578470248
(26, 25) : 0.00420075029977281
(27, 26) : 0.004128004456045951
(27, 28) : 0.004198522494729723
(27, 63) : 0.00511188592716885
(28, 29) : 0.004406892862466715
(28, 64) : 0.00500803174113068
(28, 27) : 0.004198522494729723
(29, 65) : 0.0047203990939293046
(29, 28) : 0.004406892862466714
(29, 30) : 0.004635933483204222
(30, 31) : 0.005404853051834642
(30, 66) : 0.005534487940577232
(30, 29) : 0.004635933483204222
(31, 67) : 0.0046430109250580765
(31, 30) : 0.005404853051834642
(31, 32) : 0.004731853470762055
(32, 31) : 0.0047318534707620555
(32, 33) : 0.003833056500966617
(32, 68) : 0.004972823212249671
(33, 34) : 0.004436718048651591
(33, 69) : 0.005225016626210537
(33, 32) : 0.003833056500966617
(34, 33) : 0.004436718048651591
(34, 35) : 0.004270185938931256
(34, 70) : 0.00495449469136637
(35, 36) : 0.004174751113936881
(35, 71) : 0.004681624341229335
(35, 34) : 0.004270185938931256
(36, 1) : 0.004049115876156502
(36, 35) : 0.004174751113936881
(36, 72) : 0.004285774402425832
(37, 38) : 0.003775169994864018
(37, 72) : 0.004069015944856868
(37, 1) : 0.004524394919189847
(38, 2) : 0.0036982633640928915
(38, 37) : 0.003775169994864018
(38, 39) : 0.004572594574331819
(39, 40) : 0.003640734135659369
(39, 3) : 0.00399505459916375
(39, 38) : 0.004572594574331819
(40, 4) : 0.004957256526693762
(40, 39) : 0.003640734135659369
(40, 41) : 0.004594682359651282
(41, 40) : 0.004594682359651282
(41, 42) : 0.005040262940878052
(41, 5) : 0.004309052178917313
(42, 43) : 0.00507361224109927
(42, 6) : 0.004040199563361242
(42, 41) : 0.005040262940878052
(43, 42) : 0.00507361224109927
(43, 44) : 0.004834764535885476
(43, 7) : 0.004358171439965804
(44, 45) : 0.004860658800773735
(44, 8) : 0.004492019571539376
(44, 43) : 0.004834764535885476
(45, 9) : 0.005427499112865528
(45, 44) : 0.004860658800773734
(45, 46) : 0.005058730187678193
(46, 47) : 0.00485093351865006
(46, 10) : 0.006857753027283823
(46, 45) : 0.005058730187678193
(47, 11) : 0.006059233093696585
(47, 46) : 0.00485093351865006
(47, 48) : 0.0049416252448335205
(48, 49) : 0.004807375368033817
(48, 12) : 0.0042776724884848235
(48, 47) : 0.0049416252448335205
(49, 13) : 0.003964505882699451
(49, 48) : 0.004807375368033817
(49, 50) : 0.0035007208512374197
(50, 49) : 0.0035007208512374197
(50, 51) : 0.00457209974601986
(50, 14) : 0.004485055966656385
(51, 15) : 0.004580962360684186
(51, 50) : 0.00457209974601986
(51, 52) : 0.0047174974458038315
(52, 51) : 0.0047174974458038315
(52, 53) : 0.005210351391189618
(52, 16) : 0.004978535760246117
(53, 17) : 0.006676894859024365
(53, 52) : 0.005210351391189618
(53, 54) : 0.004954717653071196
(54, 18) : 0.005973257190411046
(54, 53) : 0.004954717653071196
(54, 55) : 0.005500118792353179
(55, 19) : 0.004719086367044781
(55, 54) : 0.005500118792353178
(55, 56) : 0.004961591799529806
(56, 20) : 0.0049313011516012185
(56, 55) : 0.004961591799529806
(56, 57) : 0.004473816262274616
(57, 58) : 0.004175766669607983
(57, 21) : 0.004230935109528188
(57, 56) : 0.004473816262274616
(58, 22) : 0.003812274438850131
(58, 57) : 0.004175766669607983
(58, 59) : 0.004052385557480795
(59, 60) : 0.0037465214924863204
(59, 23) : 0.003899405406104653
(59, 58) : 0.004052385557480795
(60, 24) : 0.004140797160937349
(60, 59) : 0.0037465214924863204
(60, 61) : 0.004664260279833569
(61, 62) : 0.003652385765856863
(61, 25) : 0.004510491064544285
(61, 60) : 0.004664260279833569
(62, 26) : 0.004286283578470248
(62, 61) : 0.003652385765856863
(62, 63) : 0.004756075243707993
(63, 62) : 0.004756075243707993
(63, 64) : 0.0033122286595292445
(63, 27) : 0.00511188592716885
(64, 28) : 0.00500803174113068
(64, 63) : 0.0033122286595292445
(64, 65) : 0.00486964055893576
(65, 64) : 0.00486964055893576
(65, 66) : 0.004863366407435244
(65, 29) : 0.0047203990939293046
(66, 67) : 0.00614405818259077
(66, 30) : 0.005534487940577232
(66, 65) : 0.004863366407435243
(67, 31) : 0.0046430109250580765
(67, 66) : 0.00614405818259077
(67, 68) : 0.005932486031105066
(68, 69) : 0.004602443552050322
(68, 32) : 0.004972823212249671
(68, 67) : 0.005932486031105066
(69, 33) : 0.005225016626210537
(69, 68) : 0.004602443552050322
(69, 70) : 0.006014714262292681
(70, 71) : 0.004247520419298769
(70, 34) : 0.00495449469136637
(70, 69) : 0.006014714262292681
(71, 35) : 0.004681624341229335
(71, 70) : 0.004247520419298769
(71, 72) : 0.0058888794614928115
(72, 71) : 0.0058888794614928115
(72, 36) : 0.004285774402425832
(72, 37) : 0.004069015944856868
