(1, 2) : 0.0064358056986053335
(1, 36) : 0.005075690789639553
(1, 37) : 0.0046595120877269
(2, 3) : 0.004607290351330544
(2, 38) : 0.004704545726994569
(2, 1) : 0.0064358056986053335
(3, 2) : 0.004607290351330544
(3, 4) : 0.005299934735004856
(3, 39) : 0.004633118559140367
(4, 5) : 0.004397860971667272
(4, 40) : 0.0046186121324744474
(4, 3) : 0.005299934735004856
(5, 4) : 0.004397860971667272
(5, 6) : 0.0050930601303167755
(5, 41) : 0.004757700757613031
(6, 7) : 0.004413174299867243
(6, 42) : 0.005198458272827726
(6, 5) : 0.0050930601303167755
(7, 43) : 0.005401519477278518
(7, 6) : 0.004413174299867243
(7, 8) : 0.004977292526836579
(8, 7) : 0.004977292526836579
(8, 9) : 0.0053799517013694825
(8, 44) : 0.004238509417670407
(9, 10) : 0.004352079240430548
(9, 45) : 0.004072387798264703
(9, 8) : 0.0053799517013694825
(10, 9) : 0.004352079240430548
(10, 11) : 0.0035251986193113086
(10, 46) : 0.004183084153516886
(11, 12) : 0.004277397724530499
(11, 47) : 0.003994678880567736
(11, 10) : 0.0035251986193113086
(12, 11) : 0.004277397724530499
(12, 13) : 0.003959788154453432
(12, 48) : 0.004781488752442669
(13, 14) : 0.005093397712456148
(13, 49) : 0.0045780099552949855
(13, 12) : 0.003959788154453432
(14, 13) : 0.005093397712456148
(14, 15) : 0.004575120830109202
(14, 50) : 0.004319231095878087
(15, 16) : 0.004571044534547926
(15, 51) : 0.0048098144296665965
(15, 14) : 0.004575120830109202
(16, 52) : 0.004017809029498619
(16, 15) : 0.004571044534547926
(16, 17) : 0.005484302096156769
(17, 16) : 0.005484302096156769
(17, 18) : 0.004690159815332137
(17, 53) : 0.00480613880710684
(18, 54) : 0.00488637219247905
(18, 17) : 0.004690159815332137
(18, 19) : 0.0050823158453622745
(19, 18) : 0.0050823158453622745
(19, 20) : 0.004265259992871435
(19, 55) : 0.004443391782182947
(20, 56) : 0.0050434913654158605
(20, 19) : 0.004265259992871435
(20, 21) : 0.003674613136837697
(21, 20) : 0.003674613136837697
(21, 22) : 0.004189233523759216
(21, 57) : 0.00473491209019064
(22, 58) : 0.0038536222753425453
(22, 21) : 0.004189233523759216
(22, 23) : 0.004679266068966189
(23, 22) : 0.004679266068966189
(23, 24) : 0.003932827487460025
(23, 59) : 0.0036668996408196998
(24, 25) : 0.004467303971658427
(24, 60) : 0.004459115683911042
(24, 23) : 0.003932827487460025
(25, 61) : 0.004654661284094681
(25, 24) : 0.004467303971658427
(25, 26) : 0.0036968579322586947
(26, 27) : 0.0050363414711378325
(26, 62) : 0.004631995052078677
(26, 25) : 0.0036968579322586947
(27, 26) : 0.0050363414711378325
(27, 28) : 0.004101492667448241
(27, 63) : 0.00557967028274665
(28, 29) : 0.004745547505269
(28, 64) : 0.005319974574375154
(28, 27) : 0.004101492667448241
(29, 65) : 0.004241671260737909
(29, 28) : 0.004745547505269
(29, 30) : 0.003981055772191816
(30, 31) : 0.003691440848651619
(30, 66) : 0.0047694664095781734
(30, 29) : 0.003981055772191816
(31, 67) : 0.004270959601400711
(31, 30) : 0.003691440848651619
(31, 32) : 0.0052275631870315675
(32, 31) : 0.0052275631870315675
(32, 33) : 0.004566221879865455
(32, 68) : 0.00434356655479204
(33, 34) : 0.004736498494545902
(33, 69) : 0.004932271461150027
(33, 32) : 0.004566221879865456
(34, 33) : 0.004736498494545902
(34, 35) : 0.004415128599273083
(34, 70) : 0.003988890048133145
(35, 36) : 0.005312298872207368
(35, 71) : 0.0037694927061969396
(35, 34) : 0.004415128599273083
(36, 1) : 0.005075690789639553
(36, 35) : 0.005312298872207368
(36, 72) : 0.004485076067571712
(37, 38) : 0.005043433324707813
(37, 72) : 0.004694665207188693
(37, 1) : 0.0046595120877269
(38, 2) : 0.004704545726994569
(38, 37) : 0.005043433324707813
(38, 39) : 0.005060539837891885
(39, 40) : 0.005047484267940069
(39, 3) : 0.004633118559140367
(39, 38) : 0.005060539837891885
(40, 4) : 0.0046186121324744474
(40, 39) : 0.005047484267940069
(40, 41) : 0.0053800315897388085
(41, 40) : 0.0053800315897388085
(41, 42) : 0.005154643207851897
(41, 5) : 0.004757700757613031
(42, 43) : 0.004290472877992907
(42, 6) : 0.005198458272827726
(42, 41) : 0.005154643207851897
(43, 42) : 0.004290472877992907
(43, 44) : 0.004847748798671417
(43, 7) : 0.0054015194772785175
(44, 45) : 0.004742273225871933
(44, 8) : 0.004238509417670407
(44, 43) : 0.004847748798671417
(45, 9) : 0.004072387798264703
(45, 44) : 0.004742273225871933
(45, 46) : 0.004287838343127858
(46, 47) : 0.004147997541791004
(46, 10) : 0.004183084153516886
(46, 45) : 0.004287838343127858
(47, 11) : 0.003994678880567736
(47, 46) : 0.004147997541791004
(47, 48) : 0.004555661503959661
(48, 49) : 0.004163587535310436
(48, 12) : 0.004781488752442669
(48, 47) : 0.004555661503959661
(49, 13) : 0.0045780099552949855
(49, 48) : 0.004163587535310436
(49, 50) : 0.005111285227438557
(50, 49) : 0.005111285227438557
(50, 51) : 0.0043368185005988
(50, 14) : 0.004319231095878087
(51, 15) : 0.0048098144296665965
(51, 50) : 0.0043368185005988
(51, 52) : 0.004546150013241866
(52, 51) : 0.004546150013241866
(52, 53) : 0.0050902217664030745
(52, 16) : 0.004017809029498619
(53, 17) : 0.00480613880710684
(53, 52) : 0.0050902217664030745
(53, 54) : 0.004710831279018977
(54, 18) : 0.00488637219247905
(54, 53) : 0.004710831279018977
(54, 55) : 0.0059403879449358
(55, 19) : 0.004443391782182947
(55, 54) : 0.0059403879449358
(55, 56) : 0.004673217845983239
(56, 20) : 0.0050434913654158605
(56, 55) : 0.004673217845983239
(56, 57) : 0.005531381792485711
(57, 58) : 0.004612826014251142
(57, 21) : 0.00473491209019064
(57, 56) : 0.005531381792485711
(58, 22) : 0.0038536222753425453
(58, 57) : 0.004612826014251142
(58, 59) : 0.00491296254591201
(59, 60) : 0.004743276602049375
(59, 23) : 0.0036668996408196998
(59, 58) : 0.00491296254591201
(60, 24) : 0.004459115683911042
(60, 59) : 0.004743276602049375
(60, 61) : 0.0035769450561123554
(61, 62) : 0.00493420636011671
(61, 25) : 0.004654661284094681
(61, 60) : 0.0035769450561123554
(62, 26) : 0.004631995052078677
(62, 61) : 0.00493420636011671
(62, 63) : 0.004635238369866512
(63, 62) : 0.004635238369866512
(63, 64) : 0.005108935368489668
(63, 27) : 0.00557967028274665
(64, 28) : 0.005319974574375154
(64, 63) : 0.005108935368489668
(64, 65) : 0.00504164441306421
(65, 64) : 0.00504164441306421
(65, 66) : 0.004287469569209561
(65, 29) : 0.004241671260737909
(66, 67) : 0.004002085754658756
(66, 30) : 0.0047694664095781734
(66, 65) : 0.004287469569209561
(67, 31) : 0.004270959601400711
(67, 66) : 0.004002085754658756
(67, 68) : 0.005038929370357824
(68, 69) : 0.0049713033901717905
(68, 32) : 0.00434356655479204
(68, 67) : 0.005038929370357824
(69, 33) : 0.004932271461150027
(69, 68) : 0.0049713033901717905
(69, 70) : 0.004604125726105795
(70, 71) : 0.0042373726422953355
(70, 34) : 0.003988890048133145
(70, 69) : 0.004604125726105795
(71, 35) : 0.0037694927061969396
(71, 70) : 0.0042373726422953355
(71, 72) : 0.004076070329265855
(72, 71) : 0.004076070329265855
(72, 36) : 0.004485076067571712
(72, 37) : 0.004694665207188693
