(1, 2) : 0.004484896605517986
(1, 36) : 0.004996131753074705
(1, 37) : 0.004670019334848579
(2, 3) : 0.0046860161933492805
(2, 38) : 0.0038143532568280405
(2, 1) : 0.004484896605517986
(3, 2) : 0.0046860161933492805
(3, 4) : 0.004555089255596892
(3, 39) : 0.004246934128265685
(4, 5) : 0.004625884495517792
(4, 40) : 0.005069822399633982
(4, 3) : 0.004555089255596892
(5, 4) : 0.004625884495517792
(5, 6) : 0.005613430720981321
(5, 41) : 0.004708791028477539
(6, 7) : 0.003922972219411612
(6, 42) : 0.004804852204229064
(6, 5) : 0.005613430720981321
(7, 43) : 0.005275314124071596
(7, 6) : 0.003922972219411612
(7, 8) : 0.005193552826736838
(8, 7) : 0.005193552826736838
(8, 9) : 0.0035001721139552256
(8, 44) : 0.005608710179828539
(9, 10) : 0.005227301302497983
(9, 45) : 0.0048384957149952435
(9, 8) : 0.0035001721139552256
(10, 9) : 0.005227301302497983
(10, 11) : 0.004336524373363593
(10, 46) : 0.0055369556648271635
(11, 12) : 0.004689187692729852
(11, 47) : 0.005770596015823034
(11, 10) : 0.004336524373363593
(12, 11) : 0.004689187692729852
(12, 13) : 0.004315210070692134
(12, 48) : 0.004101260784917585
(13, 14) : 0.006110891855864534
(13, 49) : 0.00393957042925992
(13, 12) : 0.004315210070692134
(14, 13) : 0.006110891855864534
(14, 15) : 0.0037373498220263854
(14, 50) : 0.004396265034721451
(15, 16) : 0.00476849952681417
(15, 51) : 0.004860393633054156
(15, 14) : 0.0037373498220263854
(16, 52) : 0.0042313296382891835
(16, 15) : 0.00476849952681417
(16, 17) : 0.004699261377153014
(17, 16) : 0.004699261377153014
(17, 18) : 0.00458036272089111
(17, 53) : 0.004837753319269966
(18, 54) : 0.004809081227865456
(18, 17) : 0.00458036272089111
(18, 19) : 0.005286754616410453
(19, 18) : 0.005286754616410453
(19, 20) : 0.00415712812160482
(19, 55) : 0.005266673620398387
(20, 56) : 0.005420613567231925
(20, 19) : 0.00415712812160482
(20, 21) : 0.0040679020847757905
(21, 20) : 0.0040679020847757905
(21, 22) : 0.004822301553535045
(21, 57) : 0.004906513719318319
(22, 58) : 0.004887194993295464
(22, 21) : 0.004822301553535045
(22, 23) : 0.004542585369051363
(23, 22) : 0.004542585369051363
(23, 24) : 0.005326316024536093
(23, 59) : 0.004143425191021358
(24, 25) : 0.00364577271472187
(24, 60) : 0.004606113913157733
(24, 23) : 0.005326316024536094
(25, 61) : 0.004327670035834171
(25, 24) : 0.00364577271472187
(25, 26) : 0.0044475810030533405
(26, 27) : 0.004033351440955491
(26, 62) : 0.003816126817695638
(26, 25) : 0.0044475810030533405
(27, 26) : 0.004033351440955491
(27, 28) : 0.004517896047721996
(27, 63) : 0.0045669982820906
(28, 29) : 0.0037665078040578846
(28, 64) : 0.004291952091690415
(28, 27) : 0.004517896047721996
(29, 65) : 0.0035106834391692657
(29, 28) : 0.0037665078040578846
(29, 30) : 0.004164953677397218
(30, 31) : 0.004614135767224868
(30, 66) : 0.0041026888158192006
(30, 29) : 0.004164953677397218
(31, 67) : 0.004526332701238667
(31, 30) : 0.004614135767224868
(31, 32) : 0.004602068560094465
(32, 31) : 0.004602068560094465
(32, 33) : 0.004174970922851143
(32, 68) : 0.004756258039303794
(33, 34) : 0.005998510896294191
(33, 69) : 0.004876501849053908
(33, 32) : 0.004174970922851143
(34, 33) : 0.005998510896294191
(34, 35) : 0.0050018262790710874
(34, 70) : 0.004645093921543057
(35, 36) : 0.00711779228139214
(35, 71) : 0.004778527606692014
(35, 34) : 0.0050018262790710874
(36, 1) : 0.004996131753074705
(36, 35) : 0.00711779228139214
(36, 72) : 0.004981148784697804
(37, 38) : 0.0038281818845918164
(37, 72) : 0.004762484601821452
(37, 1) : 0.004670019334848579
(38, 2) : 0.0038143532568280405
(38, 37) : 0.0038281818845918164
(38, 39) : 0.0037912036621238856
(39, 40) : 0.004188929815593661
(39, 3) : 0.004246934128265685
(39, 38) : 0.0037912036621238856
(40, 4) : 0.005069822399633982
(40, 39) : 0.004188929815593661
(40, 41) : 0.0040228929080129315
(41, 40) : 0.0040228929080129315
(41, 42) : 0.004375864083867283
(41, 5) : 0.004708791028477539
(42, 43) : 0.004616159202057773
(42, 6) : 0.004804852204229064
(42, 41) : 0.004375864083867283
(43, 42) : 0.004616159202057773
(43, 44) : 0.004274102939368975
(43, 7) : 0.005275314124071596
(44, 45) : 0.004089064512533341
(44, 8) : 0.005608710179828538
(44, 43) : 0.004274102939368975
(45, 9) : 0.0048384957149952435
(45, 44) : 0.004089064512533341
(45, 46) : 0.005967582606249337
(46, 47) : 0.003980316765378048
(46, 10) : 0.0055369556648271635
(46, 45) : 0.005967582606249337
(47, 11) : 0.005770596015823034
(47, 46) : 0.003980316765378048
(47, 48) : 0.004827156775354521
(48, 49) : 0.004120235248394172
(48, 12) : 0.004101260784917585
(48, 47) : 0.004827156775354521
(49, 13) : 0.00393957042925992
(49, 48) : 0.004120235248394172
(49, 50) : 0.004734790686228609
(50, 49) : 0.004734790686228609
(50, 51) : 0.00421267016894803
(50, 14) : 0.004396265034721451
(51, 15) : 0.004860393633054156
(51, 50) : 0.00421267016894803
(51, 52) : 0.004034964033239453
(52, 51) : 0.004034964033239453
(52, 53) : 0.0051758315564243455
(52, 16) : 0.0042313296382891835
(53, 17) : 0.004837753319269966
(53, 52) : 0.0051758315564243455
(53, 54) : 0.0049309098966806054
(54, 18) : 0.004809081227865456
(54, 53) : 0.0049309098966806054
(54, 55) : 0.005905678547246288
(55, 19) : 0.005266673620398386
(55, 54) : 0.005905678547246288
(55, 56) : 0.0040572787916100745
(56, 20) : 0.005420613567231925
(56, 55) : 0.0040572787916100745
(56, 57) : 0.005378470144888898
(57, 58) : 0.0036588194235112957
(57, 21) : 0.004906513719318319
(57, 56) : 0.005378470144888898
(58, 22) : 0.004887194993295464
(58, 57) : 0.0036588194235112957
(58, 59) : 0.005912785956212617
(59, 60) : 0.004674651827322796
(59, 23) : 0.004143425191021358
(59, 58) : 0.005912785956212617
(60, 24) : 0.004606113913157733
(60, 59) : 0.004674651827322796
(60, 61) : 0.003874759681019832
(61, 62) : 0.003872648599003948
(61, 25) : 0.004327670035834171
(61, 60) : 0.003874759681019832
(62, 26) : 0.003816126817695638
(62, 61) : 0.003872648599003948
(62, 63) : 0.0046572205338049795
(63, 62) : 0.0046572205338049795
(63, 64) : 0.00434475188219047
(63, 27) : 0.0045669982820906
(64, 28) : 0.004291952091690415
(64, 63) : 0.00434475188219047
(64, 65) : 0.004547192949213951
(65, 64) : 0.004547192949213951
(65, 66) : 0.005504414102334072
(65, 29) : 0.0035106834391692657
(66, 67) : 0.004833459823520216
(66, 30) : 0.0041026888158192006
(66, 65) : 0.005504414102334072
(67, 31) : 0.004526332701238667
(67, 66) : 0.004833459823520216
(67, 68) : 0.004910242334278928
(68, 69) : 0.003977066939936744
(68, 32) : 0.004756258039303794
(68, 67) : 0.004910242334278928
(69, 33) : 0.004876501849053908
(69, 68) : 0.003977066939936744
(69, 70) : 0.004233599044529384
(70, 71) : 0.004634548109348224
(70, 34) : 0.004645093921543057
(70, 69) : 0.004233599044529384
(71, 35) : 0.004778527606692014
(71, 70) : 0.004634548109348224
(71, 72) : 0.004826964363777763
(72, 71) : 0.004826964363777763
(72, 36) : 0.004981148784697804
(72, 37) : 0.004762484601821452
