(1, 2) : 0.004193295493267676
(1, 36) : 0.005908687641028101
(1, 37) : 0.004276858900630504
(2, 3) : 0.004970818220175558
(2, 38) : 0.003912611345126787
(2, 1) : 0.004193295493267676
(3, 2) : 0.0049708182201755585
(3, 4) : 0.005173878676408223
(3, 39) : 0.0040279613589819
(4, 5) : 0.005467653119281703
(4, 40) : 0.005259483590955546
(4, 3) : 0.005173878676408223
(5, 4) : 0.005467653119281703
(5, 6) : 0.005183617672240032
(5, 41) : 0.0059908498164501075
(6, 7) : 0.004894684161772827
(6, 42) : 0.005601228682447405
(6, 5) : 0.005183617672240032
(7, 43) : 0.004415808188172893
(7, 6) : 0.004894684161772827
(7, 8) : 0.00580169650466763
(8, 7) : 0.00580169650466763
(8, 9) : 0.004686449657903008
(8, 44) : 0.0040902223992297
(9, 10) : 0.0036868060977328547
(9, 45) : 0.004817886898280807
(9, 8) : 0.004686449657903008
(10, 9) : 0.0036868060977328547
(10, 11) : 0.005994604465153718
(10, 46) : 0.004366840482127571
(11, 12) : 0.004835798607081287
(11, 47) : 0.00433284567272803
(11, 10) : 0.005994604465153718
(12, 11) : 0.004835798607081287
(12, 13) : 0.003967014469052047
(12, 48) : 0.005226863730227004
(13, 14) : 0.004319880504711306
(13, 49) : 0.005042066457272327
(13, 12) : 0.003967014469052047
(14, 13) : 0.004319880504711306
(14, 15) : 0.004494274989274898
(14, 50) : 0.0049652108763692205
(15, 16) : 0.004381145995634234
(15, 51) : 0.004905781804548142
(15, 14) : 0.004494274989274898
(16, 52) : 0.004582845417423328
(16, 15) : 0.004381145995634234
(16, 17) : 0.005020123675739393
(17, 16) : 0.005020123675739393
(17, 18) : 0.004591487360722954
(17, 53) : 0.0038577811802413273
(18, 54) : 0.004261589494737678
(18, 17) : 0.004591487360722954
(18, 19) : 0.0040714485505642
(19, 18) : 0.0040714485505642
(19, 20) : 0.005121625187444509
(19, 55) : 0.005156533125715486
(20, 56) : 0.004687307266425214
(20, 19) : 0.005121625187444509
(20, 21) : 0.004088358547367319
(21, 20) : 0.004088358547367319
(21, 22) : 0.0038473765331494174
(21, 57) : 0.004060687751660405
(22, 58) : 0.004774663940892764
(22, 21) : 0.0038473765331494174
(22, 23) : 0.004304712423863509
(23, 22) : 0.004304712423863509
(23, 24) : 0.0036232728862835
(23, 59) : 0.005034135636601115
(24, 25) : 0.004735246831469823
(24, 60) : 0.0041137981337832155
(24, 23) : 0.0036232728862835
(25, 61) : 0.004029048776039445
(25, 24) : 0.004735246831469823
(25, 26) : 0.005307984508552708
(26, 27) : 0.004356190182982643
(26, 62) : 0.004289592371868874
(26, 25) : 0.005307984508552708
(27, 26) : 0.004356190182982643
(27, 28) : 0.004386873413100179
(27, 63) : 0.004179282207095713
(28, 29) : 0.004337000618374129
(28, 64) : 0.003714210576476351
(28, 27) : 0.004386873413100179
(29, 65) : 0.004014420427767484
(29, 28) : 0.004337000618374129
(29, 30) : 0.0040392556205942395
(30, 31) : 0.0039964113398145715
(30, 66) : 0.004278132195962909
(30, 29) : 0.0040392556205942395
(31, 67) : 0.0034549644418105808
(31, 30) : 0.0039964113398145715
(31, 32) : 0.0037922813233425123
(32, 31) : 0.0037922813233425123
(32, 33) : 0.004683871032080163
(32, 68) : 0.003520155965463199
(33, 34) : 0.004802873969425321
(33, 69) : 0.005100810359595082
(33, 32) : 0.004683871032080163
(34, 33) : 0.004802873969425321
(34, 35) : 0.004607871102911526
(34, 70) : 0.006367969775353093
(35, 36) : 0.005250060904102603
(35, 71) : 0.005299615524474884
(35, 34) : 0.004607871102911526
(36, 1) : 0.005908687641028101
(36, 35) : 0.005250060904102603
(36, 72) : 0.0039547299424185466
(37, 38) : 0.0038788869078748268
(37, 72) : 0.005179856238995181
(37, 1) : 0.004276858900630504
(38, 2) : 0.003912611345126787
(38, 37) : 0.0038788869078748268
(38, 39) : 0.004873642642212043
(39, 40) : 0.0049863279700199
(39, 3) : 0.0040279613589819
(39, 38) : 0.004873642642212043
(40, 4) : 0.005259483590955546
(40, 39) : 0.0049863279700199
(40, 41) : 0.0053232038215566095
(41, 40) : 0.0053232038215566095
(41, 42) : 0.004239872768741032
(41, 5) : 0.0059908498164501075
(42, 43) : 0.005760542385392187
(42, 6) : 0.005601228682447406
(42, 41) : 0.004239872768741032
(43, 42) : 0.005760542385392187
(43, 44) : 0.005397673520703881
(43, 7) : 0.004415808188172893
(44, 45) : 0.005470356107713995
(44, 8) : 0.0040902223992297
(44, 43) : 0.005397673520703881
(45, 9) : 0.004817886898280807
(45, 44) : 0.005470356107713995
(45, 46) : 0.004178790451338844
(46, 47) : 0.006306265878226489
(46, 10) : 0.004366840482127571
(46, 45) : 0.004178790451338844
(47, 11) : 0.00433284567272803
(47, 46) : 0.006306265878226489
(47, 48) : 0.004842382800362925
(48, 49) : 0.004226798619318779
(48, 12) : 0.005226863730227004
(48, 47) : 0.004842382800362925
(49, 13) : 0.005042066457272327
(49, 48) : 0.004226798619318779
(49, 50) : 0.004227893894168814
(50, 49) : 0.004227893894168814
(50, 51) : 0.0044322291428328916
(50, 14) : 0.0049652108763692205
(51, 15) : 0.004905781804548142
(51, 50) : 0.0044322291428328916
(51, 52) : 0.004346132292356439
(52, 51) : 0.004346132292356439
(52, 53) : 0.005168890487962028
(52, 16) : 0.004582845417423328
(53, 17) : 0.0038577811802413273
(53, 52) : 0.005168890487962028
(53, 54) : 0.004875368290659184
(54, 18) : 0.004261589494737679
(54, 53) : 0.004875368290659184
(54, 55) : 0.00503381203454012
(55, 19) : 0.005156533125715486
(55, 54) : 0.00503381203454012
(55, 56) : 0.005823691091147667
(56, 20) : 0.004687307266425214
(56, 55) : 0.005823691091147667
(56, 57) : 0.004899492015069225
(57, 58) : 0.004661384600318077
(57, 21) : 0.004060687751660405
(57, 56) : 0.004899492015069225
(58, 22) : 0.004774663940892764
(58, 57) : 0.004661384600318077
(58, 59) : 0.003732852642315331
(59, 60) : 0.004195969432020616
(59, 23) : 0.005034135636601115
(59, 58) : 0.003732852642315331
(60, 24) : 0.0041137981337832155
(60, 59) : 0.004195969432020616
(60, 61) : 0.004481977769866067
(61, 62) : 0.00524865304144702
(61, 25) : 0.004029048776039445
(61, 60) : 0.004481977769866067
(62, 26) : 0.004289592371868874
(62, 61) : 0.00524865304144702
(62, 63) : 0.005126508834205426
(63, 62) : 0.005126508834205426
(63, 64) : 0.004112732510884711
(63, 27) : 0.004179282207095713
(64, 28) : 0.003714210576476351
(64, 63) : 0.004112732510884711
(64, 65) : 0.004112421861054943
(65, 64) : 0.004112421861054943
(65, 66) : 0.003935129975992514
(65, 29) : 0.004014420427767484
(66, 67) : 0.003732183636428665
(66, 30) : 0.004278132195962909
(66, 65) : 0.003935129975992514
(67, 31) : 0.0034549644418105808
(67, 66) : 0.003732183636428665
(67, 68) : 0.004144300094929561
(68, 69) : 0.004861043246490676
(68, 32) : 0.003520155965463199
(68, 67) : 0.004144300094929561
(69, 33) : 0.005100810359595082
(69, 68) : 0.004861043246490677
(69, 70) : 0.004782817371615906
(70, 71) : 0.00403532880936901
(70, 34) : 0.006367969775353093
(70, 69) : 0.004782817371615906
(71, 35) : 0.005299615524474884
(71, 70) : 0.00403532880936901
(71, 72) : 0.0044751598092435015
(72, 71) : 0.0044751598092435015
(72, 36) : 0.0039547299424185466
(72, 37) : 0.005179856238995181
