(1, 2) : 0.004491104810997741
(1, 36) : 0.004732476621989772
(1, 37) : 0.0053575955357145185
(2, 3) : 0.0053026903705766
(2, 38) : 0.005461316920006173
(2, 1) : 0.00449110481099774
(3, 2) : 0.0053026903705766
(3, 4) : 0.00463775045268853
(3, 39) : 0.004730010660987759
(4, 5) : 0.0037365452877176665
(4, 40) : 0.004405706049033175
(4, 3) : 0.00463775045268853
(5, 4) : 0.0037365452877176665
(5, 6) : 0.004627869913914477
(5, 41) : 0.004523223670201313
(6, 7) : 0.005312683306647821
(6, 42) : 0.00517515637071444
(6, 5) : 0.004627869913914477
(7, 43) : 0.005564218531939564
(7, 6) : 0.005312683306647821
(7, 8) : 0.004464723368237894
(8, 7) : 0.004464723368237894
(8, 9) : 0.004364500378337902
(8, 44) : 0.005042453897514058
(9, 10) : 0.004078790353551193
(9, 45) : 0.003955375841145588
(9, 8) : 0.004364500378337902
(10, 9) : 0.004078790353551193
(10, 11) : 0.0034911967958757436
(10, 46) : 0.003319532734608101
(11, 12) : 0.0035690707960282066
(11, 47) : 0.003948072836789693
(11, 10) : 0.0034911967958757436
(12, 11) : 0.0035690707960282066
(12, 13) : 0.004735210866016355
(12, 48) : 0.004299954023404659
(13, 14) : 0.004580282912757542
(13, 49) : 0.004733424760332258
(13, 12) : 0.004735210866016355
(14, 13) : 0.004580282912757542
(14, 15) : 0.005041790850567567
(14, 50) : 0.0053346286849224635
(15, 16) : 0.005266794818207718
(15, 51) : 0.004548620330863653
(15, 14) : 0.005041790850567567
(16, 52) : 0.004718239716809302
(16, 15) : 0.005266794818207718
(16, 17) : 0.004332698766472201
(17, 16) : 0.004332698766472201
(17, 18) : 0.004390682249936865
(17, 53) : 0.0044106638337659135
(18, 54) : 0.0038209651535005325
(18, 17) : 0.004390682249936865
(18, 19) : 0.005162995790610715
(19, 18) : 0.005162995790610715
(19, 20) : 0.004996121146597702
(19, 55) : 0.004644994878438061
(20, 56) : 0.0048127386042286936
(20, 19) : 0.004996121146597702
(20, 21) : 0.0058974904103087115
(21, 20) : 0.0058974904103087115
(21, 22) : 0.006416378904616626
(21, 57) : 0.004757111270852995
(22, 58) : 0.0050310977966774965
(22, 21) : 0.006416378904616626
(22, 23) : 0.00580546899754389
(23, 22) : 0.00580546899754389
(23, 24) : 0.004956474911613888
(23, 59) : 0.004616716681970792
(24, 25) : 0.00575671269543079
(24, 60) : 0.0037602944199334088
(24, 23) : 0.004956474911613888
(25, 61) : 0.003522974294266973
(25, 24) : 0.00575671269543079
(25, 26) : 0.004944715353525563
(26, 27) : 0.0051640961482696795
(26, 62) : 0.004345816888530084
(26, 25) : 0.004944715353525563
(27, 26) : 0.0051640961482696795
(27, 28) : 0.00477563133568453
(27, 63) : 0.005114096391789422
(28, 29) : 0.005938896419379241
(28, 64) : 0.00602587480940823
(28, 27) : 0.00477563133568453
(29, 65) : 0.005449039666415054
(29, 28) : 0.005938896419379241
(29, 30) : 0.004974723684605102
(30, 31) : 0.004374596430224432
(30, 66) : 0.005085438426167956
(30, 29) : 0.004974723684605102
(31, 67) : 0.005747985302591048
(31, 30) : 0.004374596430224432
(31, 32) : 0.0032993529645251964
(32, 31) : 0.0032993529645251964
(32, 33) : 0.004796741200010605
(32, 68) : 0.004340976244559958
(33, 34) : 0.004795726078051968
(33, 69) : 0.003895625024617742
(33, 32) : 0.004796741200010605
(34, 33) : 0.004795726078051968
(34, 35) : 0.004357622865866916
(34, 70) : 0.004360814753108476
(35, 36) : 0.004906004118709818
(35, 71) : 0.003656653791440252
(35, 34) : 0.004357622865866916
(36, 1) : 0.004732476621989772
(36, 35) : 0.004906004118709818
(36, 72) : 0.004004105781889801
(37, 38) : 0.004095080358517433
(37, 72) : 0.0046826439950112195
(37, 1) : 0.0053575955357145185
(38, 2) : 0.005461316920006173
(38, 37) : 0.004095080358517433
(38, 39) : 0.00542759191514778
(39, 40) : 0.0038375846662720547
(39, 3) : 0.004730010660987759
(39, 38) : 0.00542759191514778
(40, 4) : 0.004405706049033175
(40, 39) : 0.0038375846662720547
(40, 41) : 0.003946853832641104
(41, 40) : 0.003946853832641104
(41, 42) : 0.0046918664325520795
(41, 5) : 0.004523223670201313
(42, 43) : 0.00558615004971373
(42, 6) : 0.00517515637071444
(42, 41) : 0.0046918664325520795
(43, 42) : 0.00558615004971373
(43, 44) : 0.0039656800411975515
(43, 7) : 0.005564218531939564
(44, 45) : 0.003932144273343787
(44, 8) : 0.005042453897514058
(44, 43) : 0.0039656800411975515
(45, 9) : 0.003955375841145588
(45, 44) : 0.003932144273343787
(45, 46) : 0.003341937516695605
(46, 47) : 0.0036018223929304366
(46, 10) : 0.003319532734608101
(46, 45) : 0.003341937516695605
(47, 11) : 0.003948072836789693
(47, 46) : 0.0036018223929304366
(47, 48) : 0.0032799238004419507
(48, 49) : 0.005176729909743628
(48, 12) : 0.004299954023404659
(48, 47) : 0.0032799238004419507
(49, 13) : 0.004733424760332258
(49, 48) : 0.005176729909743628
(49, 50) : 0.0038946764188994925
(50, 49) : 0.0038946764188994925
(50, 51) : 0.0045330124357757
(50, 14) : 0.0053346286849224635
(51, 15) : 0.004548620330863653
(51, 50) : 0.0045330124357757
(51, 52) : 0.0050020788073728145
(52, 51) : 0.0050020788073728145
(52, 53) : 0.0035552639829516926
(52, 16) : 0.004718239716809302
(53, 17) : 0.0044106638337659135
(53, 52) : 0.0035552639829516926
(53, 54) : 0.004312609429235948
(54, 18) : 0.0038209651535005325
(54, 53) : 0.004312609429235948
(54, 55) : 0.004620905789874047
(55, 19) : 0.004644994878438061
(55, 54) : 0.004620905789874047
(55, 56) : 0.003952935482808541
(56, 20) : 0.0048127386042286936
(56, 55) : 0.003952935482808541
(56, 57) : 0.005387356536568544
(57, 58) : 0.004966188077684148
(57, 21) : 0.004757111270852996
(57, 56) : 0.005387356536568544
(58, 22) : 0.0050310977966774965
(58, 57) : 0.004966188077684148
(58, 59) : 0.0050924624834553615
(59, 60) : 0.004418891879178335
(59, 23) : 0.004616716681970792
(59, 58) : 0.0050924624834553615
(60, 24) : 0.0037602944199334088
(60, 59) : 0.004418891879178335
(60, 61) : 0.005000610171050646
(61, 62) : 0.005070849925613389
(61, 25) : 0.003522974294266973
(61, 60) : 0.005000610171050646
(62, 26) : 0.004345816888530084
(62, 61) : 0.005070849925613389
(62, 63) : 0.0038767191241390274
(63, 62) : 0.0038767191241390274
(63, 64) : 0.0051462019877788374
(63, 27) : 0.005114096391789422
(64, 28) : 0.00602587480940823
(64, 63) : 0.0051462019877788374
(64, 65) : 0.004819922907531994
(65, 64) : 0.004819922907531994
(65, 66) : 0.006045492219919215
(65, 29) : 0.005449039666415054
(66, 67) : 0.004356986817950865
(66, 30) : 0.005085438426167956
(66, 65) : 0.006045492219919215
(67, 31) : 0.005747985302591048
(67, 66) : 0.004356986817950865
(67, 68) : 0.0038243619074300344
(68, 69) : 0.0049817577652040874
(68, 32) : 0.004340976244559958
(68, 67) : 0.0038243619074300344
(69, 33) : 0.003895625024617742
(69, 68) : 0.0049817577652040874
(69, 70) : 0.0041552885570012785
(70, 71) : 0.003992610627376778
(70, 34) : 0.004360814753108476
(70, 69) : 0.0041552885570012785
(71, 35) : 0.003656653791440252
(71, 70) : 0.003992610627376778
(71, 72) : 0.00442868052575395
(72, 71) : 0.00442868052575395
(72, 36) : 0.004004105781889801
(72, 37) : 0.0046826439950112195
