(1, 2) : 0.005636337915720804
(1, 36) : 0.0038854692415446674
(1, 37) : 0.003850518506764775
(2, 3) : 0.004855703298558643
(2, 38) : 0.0038291130691764444
(2, 1) : 0.005636337915720804
(3, 2) : 0.004855703298558643
(3, 4) : 0.004942262444615904
(3, 39) : 0.004341083253535662
(4, 5) : 0.004388991400481054
(4, 40) : 0.005007019742438162
(4, 3) : 0.004942262444615904
(5, 4) : 0.004388991400481054
(5, 6) : 0.006728856598370835
(5, 41) : 0.005285130676559926
(6, 7) : 0.004332629415423711
(6, 42) : 0.0048753509503239026
(6, 5) : 0.006728856598370835
(7, 43) : 0.0040902136482401
(7, 6) : 0.004332629415423712
(7, 8) : 0.004474756826249255
(8, 7) : 0.004474756826249255
(8, 9) : 0.0041214613787752185
(8, 44) : 0.004071780980849636
(9, 10) : 0.004582831883209081
(9, 45) : 0.005010537885362986
(9, 8) : 0.0041214613787752185
(10, 9) : 0.004582831883209081
(10, 11) : 0.005867374718195314
(10, 46) : 0.004716621733948152
(11, 12) : 0.004375970667676894
(11, 47) : 0.005041561039404294
(11, 10) : 0.005867374718195314
(12, 11) : 0.004375970667676894
(12, 13) : 0.004253116787708065
(12, 48) : 0.005739591878806547
(13, 14) : 0.005632701302508027
(13, 49) : 0.00488789224005901
(13, 12) : 0.004253116787708065
(14, 13) : 0.005632701302508027
(14, 15) : 0.0038767208447796947
(14, 50) : 0.006075122766239749
(15, 16) : 0.0049497546341139035
(15, 51) : 0.005733934734324805
(15, 14) : 0.0038767208447796947
(16, 52) : 0.0037771532880091457
(16, 15) : 0.0049497546341139035
(16, 17) : 0.004508564571687725
(17, 16) : 0.004508564571687725
(17, 18) : 0.005451534588961119
(17, 53) : 0.004443711553275522
(18, 54) : 0.0049427819672678355
(18, 17) : 0.005451534588961119
(18, 19) : 0.004987281255981961
(19, 18) : 0.004987281255981961
(19, 20) : 0.004832891224515115
(19, 55) : 0.005099906058608366
(20, 56) : 0.004504952266270384
(20, 19) : 0.004832891224515115
(20, 21) : 0.005328981460851522
(21, 20) : 0.005328981460851522
(21, 22) : 0.004455289028617226
(21, 57) : 0.004393981794044346
(22, 58) : 0.004296643535224539
(22, 21) : 0.004455289028617226
(22, 23) : 0.004672270345415652
(23, 22) : 0.004672270345415652
(23, 24) : 0.003971707067744669
(23, 59) : 0.004206596117123515
(24, 25) : 0.004985200917026947
(24, 60) : 0.004562792728562941
(24, 23) : 0.003971707067744669
(25, 61) : 0.004325444720079961
(25, 24) : 0.004985200917026947
(25, 26) : 0.005095995965075717
(26, 27) : 0.004502705273113602
(26, 62) : 0.004887732214027553
(26, 25) : 0.005095995965075717
(27, 26) : 0.004502705273113602
(27, 28) : 0.004011285283746653
(27, 63) : 0.004806424173321976
(28, 29) : 0.004641276061947498
(28, 64) : 0.004387723297080893
(28, 27) : 0.004011285283746653
(29, 65) : 0.004077856616754447
(29, 28) : 0.004641276061947497
(29, 30) : 0.0044722197565277635
(30, 31) : 0.004456980955620038
(30, 66) : 0.004144580034018556
(30, 29) : 0.0044722197565277635
(31, 67) : 0.0044652139746055594
(31, 30) : 0.004456980955620038
(31, 32) : 0.005360033740020659
(32, 31) : 0.005360033740020659
(32, 33) : 0.003986847271887294
(32, 68) : 0.004628945594157063
(33, 34) : 0.00533870767906029
(33, 69) : 0.004161061051709035
(33, 32) : 0.003986847271887294
(34, 33) : 0.00533870767906029
(34, 35) : 0.0035884860815011263
(34, 70) : 0.0038015365019731517
(35, 36) : 0.0037661082898592406
(35, 71) : 0.004611868308229681
(35, 34) : 0.0035884860815011263
(36, 1) : 0.0038854692415446674
(36, 35) : 0.0037661082898592406
(36, 72) : 0.004746115476174455
(37, 38) : 0.005090018508817015
(37, 72) : 0.0038594706387341275
(37, 1) : 0.003850518506764775
(38, 2) : 0.0038291130691764444
(38, 37) : 0.005090018508817015
(38, 39) : 0.004852304337516979
(39, 40) : 0.0032618112004447887
(39, 3) : 0.004341083253535662
(39, 38) : 0.004852304337516979
(40, 4) : 0.005007019742438161
(40, 39) : 0.0032618112004447887
(40, 41) : 0.004997857307874426
(41, 40) : 0.004997857307874426
(41, 42) : 0.004884731004787284
(41, 5) : 0.005285130676559926
(42, 43) : 0.004483528226144949
(42, 6) : 0.0048753509503239026
(42, 41) : 0.004884731004787284
(43, 42) : 0.004483528226144949
(43, 44) : 0.004849400893737367
(43, 7) : 0.0040902136482401
(44, 45) : 0.0038072241019561884
(44, 8) : 0.004071780980849636
(44, 43) : 0.004849400893737367
(45, 9) : 0.005010537885362986
(45, 44) : 0.0038072241019561884
(45, 46) : 0.005305748791190255
(46, 47) : 0.005746998486511819
(46, 10) : 0.004716621733948152
(46, 45) : 0.005305748791190255
(47, 11) : 0.005041561039404294
(47, 46) : 0.005746998486511819
(47, 48) : 0.003932864208469605
(48, 49) : 0.00496850354257335
(48, 12) : 0.005739591878806547
(48, 47) : 0.003932864208469605
(49, 13) : 0.00488789224005901
(49, 48) : 0.00496850354257335
(49, 50) : 0.006247918171239741
(50, 49) : 0.006247918171239741
(50, 51) : 0.005025672029380878
(50, 14) : 0.006075122766239749
(51, 15) : 0.005733934734324805
(51, 50) : 0.005025672029380878
(51, 52) : 0.005266392841383449
(52, 51) : 0.005266392841383449
(52, 53) : 0.004777044617364225
(52, 16) : 0.0037771532880091457
(53, 17) : 0.004443711553275522
(53, 52) : 0.004777044617364225
(53, 54) : 0.004985312066966508
(54, 18) : 0.0049427819672678355
(54, 53) : 0.004985312066966508
(54, 55) : 0.0051911559158046355
(55, 19) : 0.005099906058608366
(55, 54) : 0.0051911559158046355
(55, 56) : 0.0040695248196930996
(56, 20) : 0.004504952266270384
(56, 55) : 0.0040695248196930996
(56, 57) : 0.005234512244509457
(57, 58) : 0.0037429685745872005
(57, 21) : 0.004393981794044346
(57, 56) : 0.005234512244509457
(58, 22) : 0.004296643535224539
(58, 57) : 0.0037429685745872005
(58, 59) : 0.003993653136175726
(59, 60) : 0.0035933748643269406
(59, 23) : 0.004206596117123515
(59, 58) : 0.003993653136175726
(60, 24) : 0.004562792728562941
(60, 59) : 0.0035933748643269406
(60, 61) : 0.004316745470602864
(61, 62) : 0.004678754218538366
(61, 25) : 0.004325444720079961
(61, 60) : 0.004316745470602864
(62, 26) : 0.004887732214027553
(62, 61) : 0.004678754218538366
(62, 63) : 0.003965812675959842
(63, 62) : 0.003965812675959842
(63, 64) : 0.004473786056159041
(63, 27) : 0.004806424173321976
(64, 28) : 0.004387723297080893
(64, 63) : 0.004473786056159041
(64, 65) : 0.004416248521744806
(65, 64) : 0.0044162485217448064
(65, 66) : 0.005452195850452835
(65, 29) : 0.004077856616754447
(66, 67) : 0.004955568974620491
(66, 30) : 0.004144580034018556
(66, 65) : 0.005452195850452833
(67, 31) : 0.0044652139746055594
(67, 66) : 0.004955568974620491
(67, 68) : 0.0043759493744675755
(68, 69) : 0.004858926842313819
(68, 32) : 0.004628945594157063
(68, 67) : 0.0043759493744675755
(69, 33) : 0.004161061051709035
(69, 68) : 0.004858926842313819
(69, 70) : 0.003729644179254014
(70, 71) : 0.004093574309021151
(70, 34) : 0.0038015365019731517
(70, 69) : 0.003729644179254014
(71, 35) : 0.004611868308229681
(71, 70) : 0.004093574309021151
(71, 72) : 0.0033670024430297227
(72, 71) : 0.0033670024430297227
(72, 36) : 0.004746115476174455
(72, 37) : 0.0038594706387341275
