(1, 2) : 0.005032414835746955
(1, 36) : 0.005501281607381011
(1, 37) : 0.005291376506502204
(2, 3) : 0.0063184657130305796
(2, 38) : 0.005119710092525201
(2, 1) : 0.005032414835746955
(3, 2) : 0.0063184657130305796
(3, 4) : 0.005754717949468798
(3, 39) : 0.004395514154079445
(4, 5) : 0.004156038505176225
(4, 40) : 0.005211112728607553
(4, 3) : 0.005754717949468798
(5, 4) : 0.004156038505176225
(5, 6) : 0.0054548415144306936
(5, 41) : 0.004651675162783704
(6, 7) : 0.005342145462587646
(6, 42) : 0.004482740483909598
(6, 5) : 0.005454841514430694
(7, 43) : 0.0045001655347215765
(7, 6) : 0.005342145462587646
(7, 8) : 0.004603439565396891
(8, 7) : 0.004603439565396891
(8, 9) : 0.0044279138117649264
(8, 44) : 0.004154403761621808
(9, 10) : 0.004890497017716128
(9, 45) : 0.004416294405593315
(9, 8) : 0.0044279138117649264
(10, 9) : 0.004890497017716128
(10, 11) : 0.005607029994059283
(10, 46) : 0.0051292975530883664
(11, 12) : 0.005304413383249997
(11, 47) : 0.005729645766277334
(11, 10) : 0.005607029994059283
(12, 11) : 0.005304413383249997
(12, 13) : 0.0062673166084486285
(12, 48) : 0.004225610312909973
(13, 14) : 0.005117815923788547
(13, 49) : 0.003865704706387868
(13, 12) : 0.0062673166084486285
(14, 13) : 0.005117815923788547
(14, 15) : 0.0050224869738957605
(14, 50) : 0.004354264592693133
(15, 16) : 0.004831626223531584
(15, 51) : 0.003922803921174041
(15, 14) : 0.0050224869738957605
(16, 52) : 0.0047278046488409865
(16, 15) : 0.004831626223531585
(16, 17) : 0.004801181796973988
(17, 16) : 0.004801181796973988
(17, 18) : 0.005086220005345873
(17, 53) : 0.00484348602083965
(18, 54) : 0.003968771614749166
(18, 17) : 0.005086220005345873
(18, 19) : 0.004191315996944836
(19, 18) : 0.004191315996944836
(19, 20) : 0.0039232441776569996
(19, 55) : 0.003975786373268405
(20, 56) : 0.0039293099257630346
(20, 19) : 0.0039232441776569996
(20, 21) : 0.003090820583958792
(21, 20) : 0.003090820583958792
(21, 22) : 0.004414000477657027
(21, 57) : 0.0038102136180893412
(22, 58) : 0.004875097733593363
(22, 21) : 0.004414000477657027
(22, 23) : 0.004187809195366635
(23, 22) : 0.004187809195366635
(23, 24) : 0.0041818666020007325
(23, 59) : 0.004764863748142063
(24, 25) : 0.005019987717524455
(24, 60) : 0.003877665850526448
(24, 23) : 0.0041818666020007325
(25, 61) : 0.004380456384431317
(25, 24) : 0.005019987717524455
(25, 26) : 0.005062302728580983
(26, 27) : 0.003710180900099591
(26, 62) : 0.004911109530031206
(26, 25) : 0.005062302728580983
(27, 26) : 0.0037101809000995908
(27, 28) : 0.0045526571188681565
(27, 63) : 0.004278598870585269
(28, 29) : 0.004195238517127994
(28, 64) : 0.0041683839440711775
(28, 27) : 0.0045526571188681565
(29, 65) : 0.004043892402375714
(29, 28) : 0.004195238517127994
(29, 30) : 0.00459830414405255
(30, 31) : 0.0037248111640359434
(30, 66) : 0.0033179920804497836
(30, 29) : 0.00459830414405255
(31, 67) : 0.0038419230248926675
(31, 30) : 0.0037248111640359434
(31, 32) : 0.0043544171299061355
(32, 31) : 0.0043544171299061355
(32, 33) : 0.004238793421595011
(32, 68) : 0.004186485838680741
(33, 34) : 0.004632503197040848
(33, 69) : 0.004915218624835791
(33, 32) : 0.00423879342159501
(34, 33) : 0.004632503197040848
(34, 35) : 0.004508176404031411
(34, 70) : 0.005109338470881844
(35, 36) : 0.004656885556446974
(35, 71) : 0.005090962492588224
(35, 34) : 0.004508176404031411
(36, 1) : 0.005501281607381011
(36, 35) : 0.004656885556446974
(36, 72) : 0.004931546779724369
(37, 38) : 0.00383839980789594
(37, 72) : 0.004989405971580641
(37, 1) : 0.005291376506502204
(38, 2) : 0.005119710092525201
(38, 37) : 0.00383839980789594
(38, 39) : 0.006611285457148634
(39, 40) : 0.005251828759895999
(39, 3) : 0.004395514154079445
(39, 38) : 0.006611285457148634
(40, 4) : 0.005211112728607553
(40, 39) : 0.005251828759895999
(40, 41) : 0.004049243634811294
(41, 40) : 0.004049243634811294
(41, 42) : 0.006113430410103727
(41, 5) : 0.004651675162783704
(42, 43) : 0.005048135489658608
(42, 6) : 0.004482740483909598
(42, 41) : 0.006113430410103727
(43, 42) : 0.005048135489658608
(43, 44) : 0.0058087873205549196
(43, 7) : 0.004500165534721577
(44, 45) : 0.004584982469099343
(44, 8) : 0.004154403761621808
(44, 43) : 0.0058087873205549196
(45, 9) : 0.004416294405593315
(45, 44) : 0.004584982469099343
(45, 46) : 0.005087923566583333
(46, 47) : 0.005425684452007871
(46, 10) : 0.0051292975530883664
(46, 45) : 0.005087923566583333
(47, 11) : 0.005729645766277334
(47, 46) : 0.005425684452007871
(47, 48) : 0.004931866670659631
(48, 49) : 0.005391559168701957
(48, 12) : 0.004225610312909973
(48, 47) : 0.004931866670659631
(49, 13) : 0.003865704706387868
(49, 48) : 0.0053915591687019575
(49, 50) : 0.004528811537755066
(50, 49) : 0.004528811537755066
(50, 51) : 0.0041052274577729675
(50, 14) : 0.004354264592693133
(51, 15) : 0.003922803921174041
(51, 50) : 0.0041052274577729675
(51, 52) : 0.004384306448945503
(52, 51) : 0.004384306448945503
(52, 53) : 0.00415215697331939
(52, 16) : 0.0047278046488409865
(53, 17) : 0.00484348602083965
(53, 52) : 0.00415215697331939
(53, 54) : 0.004705141886141448
(54, 18) : 0.003968771614749166
(54, 53) : 0.004705141886141448
(54, 55) : 0.004462974737946583
(55, 19) : 0.003975786373268406
(55, 54) : 0.004462974737946583
(55, 56) : 0.0037473196613432304
(56, 20) : 0.0039293099257630346
(56, 55) : 0.0037473196613432304
(56, 57) : 0.003906656784104734
(57, 58) : 0.004727934029344414
(57, 21) : 0.0038102136180893412
(57, 56) : 0.003906656784104734
(58, 22) : 0.004875097733593363
(58, 57) : 0.004727934029344414
(58, 59) : 0.004250487733189765
(59, 60) : 0.004376115476724967
(59, 23) : 0.004764863748142063
(59, 58) : 0.004250487733189765
(60, 24) : 0.003877665850526448
(60, 59) : 0.004376115476724967
(60, 61) : 0.004323199713790916
(61, 62) : 0.005510064581414905
(61, 25) : 0.004380456384431317
(61, 60) : 0.004323199713790916
(62, 26) : 0.004911109530031206
(62, 61) : 0.005510064581414905
(62, 63) : 0.003507281043553505
(63, 62) : 0.003507281043553505
(63, 64) : 0.004697976476751086
(63, 27) : 0.004278598870585269
(64, 28) : 0.0041683839440711775
(64, 63) : 0.004697976476751086
(64, 65) : 0.004308807205596802
(65, 64) : 0.004308807205596802
(65, 66) : 0.004238849262867298
(65, 29) : 0.004043892402375714
(66, 67) : 0.004284951605210553
(66, 30) : 0.0033179920804497836
(66, 65) : 0.004238849262867298
(67, 31) : 0.0038419230248926675
(67, 66) : 0.004284951605210554
(67, 68) : 0.003962102745918776
(68, 69) : 0.0055799442266693125
(68, 32) : 0.004186485838680741
(68, 67) : 0.003962102745918776
(69, 33) : 0.004915218624835791
(69, 68) : 0.0055799442266693125
(69, 70) : 0.00435024884175019
(70, 71) : 0.004696288171217975
(70, 34) : 0.005109338470881844
(70, 69) : 0.00435024884175019
(71, 35) : 0.005090962492588224
(71, 70) : 0.004696288171217975
(71, 72) : 0.003898230634844683
(72, 71) : 0.003898230634844683
(72, 36) : 0.004931546779724369
(72, 37) : 0.004989405971580641
