(1, 2) : 0.005553178485232051
(1, 36) : 0.004201300170146318
(1, 37) : 0.004439794779718238
(2, 3) : 0.005042403114805018
(2, 38) : 0.005135825889390292
(2, 1) : 0.005553178485232051
(3, 2) : 0.005042403114805018
(3, 4) : 0.004219480802940088
(3, 39) : 0.005021003527319037
(4, 5) : 0.004703281686269187
(4, 40) : 0.00507324596533528
(4, 3) : 0.004219480802940088
(5, 4) : 0.004703281686269187
(5, 6) : 0.004103645732414544
(5, 41) : 0.0045129516388258085
(6, 7) : 0.004686726001866366
(6, 42) : 0.0044359967268724
(6, 5) : 0.004103645732414544
(7, 43) : 0.004432414714557263
(7, 6) : 0.004686726001866366
(7, 8) : 0.005268301883851285
(8, 7) : 0.005268301883851285
(8, 9) : 0.004085133486828002
(8, 44) : 0.004290331056261765
(9, 10) : 0.004162987754352728
(9, 45) : 0.0043791876559950635
(9, 8) : 0.004085133486828002
(10, 9) : 0.004162987754352728
(10, 11) : 0.004809350870855372
(10, 46) : 0.005084820838695436
(11, 12) : 0.005508140447607756
(11, 47) : 0.005093592112594612
(11, 10) : 0.004809350870855372
(12, 11) : 0.005508140447607756
(12, 13) : 0.003986367386110548
(12, 48) : 0.004498259132058883
(13, 14) : 0.00484610584540506
(13, 49) : 0.004248007035628825
(13, 12) : 0.003986367386110548
(14, 13) : 0.00484610584540506
(14, 15) : 0.004193611370290023
(14, 50) : 0.0038829327438418323
(15, 16) : 0.004826489280211972
(15, 51) : 0.00390076079403503
(15, 14) : 0.004193611370290023
(16, 52) : 0.004025783600657844
(16, 15) : 0.004826489280211972
(16, 17) : 0.00471429700489979
(17, 16) : 0.00471429700489979
(17, 18) : 0.004754492537832005
(17, 53) : 0.004150828282617752
(18, 54) : 0.003976186534591873
(18, 17) : 0.004754492537832005
(18, 19) : 0.006189030462265585
(19, 18) : 0.006189030462265585
(19, 20) : 0.004041467590063109
(19, 55) : 0.004207017015058797
(20, 56) : 0.004015619240823023
(20, 19) : 0.004041467590063109
(20, 21) : 0.005111735833507962
(21, 20) : 0.005111735833507962
(21, 22) : 0.00410136847759895
(21, 57) : 0.004039406310944341
(22, 58) : 0.004128896494080582
(22, 21) : 0.00410136847759895
(22, 23) : 0.0049321724573670655
(23, 22) : 0.004932172457367066
(23, 24) : 0.005532642321799976
(23, 59) : 0.004274220208568083
(24, 25) : 0.005855374351781775
(24, 60) : 0.004576522221720594
(24, 23) : 0.005532642321799976
(25, 61) : 0.005064934395044027
(25, 24) : 0.005855374351781775
(25, 26) : 0.003684311994150923
(26, 27) : 0.004894309547523793
(26, 62) : 0.005438073622710859
(26, 25) : 0.003684311994150923
(27, 26) : 0.004894309547523793
(27, 28) : 0.004192747351322939
(27, 63) : 0.004682651642309357
(28, 29) : 0.004924795678420132
(28, 64) : 0.00458919503272312
(28, 27) : 0.004192747351322939
(29, 65) : 0.004786811974466278
(29, 28) : 0.004924795678420132
(29, 30) : 0.004496170339437469
(30, 31) : 0.004322056818269607
(30, 66) : 0.0055286837664886065
(30, 29) : 0.004496170339437469
(31, 67) : 0.005596526192467058
(31, 30) : 0.004322056818269607
(31, 32) : 0.005531784531128225
(32, 31) : 0.005531784531128225
(32, 33) : 0.00490182217522136
(32, 68) : 0.005231883969735475
(33, 34) : 0.005467735326388497
(33, 69) : 0.004532685674597183
(33, 32) : 0.00490182217522136
(34, 33) : 0.005467735326388497
(34, 35) : 0.0041123858717411746
(34, 70) : 0.0043680521729024535
(35, 36) : 0.003654048522156803
(35, 71) : 0.004282443846470151
(35, 34) : 0.0041123858717411746
(36, 1) : 0.004201300170146318
(36, 35) : 0.003654048522156803
(36, 72) : 0.003602439426002004
(37, 38) : 0.004416986390526988
(37, 72) : 0.0043964506006569
(37, 1) : 0.004439794779718238
(38, 2) : 0.0051358258893902916
(38, 37) : 0.004416986390526988
(38, 39) : 0.004884731429969948
(39, 40) : 0.004164092089283743
(39, 3) : 0.005021003527319036
(39, 38) : 0.004884731429969948
(40, 4) : 0.00507324596533528
(40, 39) : 0.004164092089283743
(40, 41) : 0.004226529148205625
(41, 40) : 0.004226529148205625
(41, 42) : 0.004702850361874308
(41, 5) : 0.0045129516388258085
(42, 43) : 0.004289304092274736
(42, 6) : 0.0044359967268724
(42, 41) : 0.004702850361874308
(43, 42) : 0.004289304092274736
(43, 44) : 0.00421688492998541
(43, 7) : 0.004432414714557263
(44, 45) : 0.0037508503928154525
(44, 8) : 0.004290331056261765
(44, 43) : 0.00421688492998541
(45, 9) : 0.0043791876559950635
(45, 44) : 0.0037508503928154525
(45, 46) : 0.004376412176854903
(46, 47) : 0.005142577463006074
(46, 10) : 0.005084820838695436
(46, 45) : 0.004376412176854903
(47, 11) : 0.005093592112594612
(47, 46) : 0.005142577463006074
(47, 48) : 0.005728718872676097
(48, 49) : 0.004858295247293525
(48, 12) : 0.004498259132058883
(48, 47) : 0.005728718872676097
(49, 13) : 0.004248007035628825
(49, 48) : 0.004858295247293525
(49, 50) : 0.003892660908293647
(50, 49) : 0.003892660908293647
(50, 51) : 0.005057051782616414
(50, 14) : 0.0038829327438418323
(51, 15) : 0.00390076079403503
(51, 50) : 0.005057051782616414
(51, 52) : 0.004150046027102757
(52, 51) : 0.004150046027102757
(52, 53) : 0.00477610028302225
(52, 16) : 0.004025783600657844
(53, 17) : 0.004150828282617752
(53, 52) : 0.00477610028302225
(53, 54) : 0.004533647935978229
(54, 18) : 0.003976186534591873
(54, 53) : 0.004533647935978229
(54, 55) : 0.005418312116600604
(55, 19) : 0.004207017015058797
(55, 54) : 0.005418312116600604
(55, 56) : 0.004207259923377557
(56, 20) : 0.004015619240823023
(56, 55) : 0.004207259923377557
(56, 57) : 0.00465944361849195
(57, 58) : 0.004000185309381177
(57, 21) : 0.004039406310944341
(57, 56) : 0.00465944361849195
(58, 22) : 0.004128896494080582
(58, 57) : 0.004000185309381177
(58, 59) : 0.004924105892987636
(59, 60) : 0.005341746181071798
(59, 23) : 0.004274220208568083
(59, 58) : 0.004924105892987636
(60, 24) : 0.004576522221720594
(60, 59) : 0.005341746181071798
(60, 61) : 0.005634479152478823
(61, 62) : 0.003661767464120585
(61, 25) : 0.005064934395044027
(61, 60) : 0.005634479152478823
(62, 26) : 0.005438073622710859
(62, 61) : 0.003661767464120585
(62, 63) : 0.004552363284032626
(63, 62) : 0.004552363284032626
(63, 64) : 0.004936977464700176
(63, 27) : 0.004682651642309357
(64, 28) : 0.00458919503272312
(64, 63) : 0.004936977464700176
(64, 65) : 0.005132541345305004
(65, 64) : 0.005132541345305004
(65, 66) : 0.0051514064483377435
(65, 29) : 0.004786811974466278
(66, 67) : 0.004290644473412723
(66, 30) : 0.0055286837664886065
(66, 65) : 0.005151406448337744
(67, 31) : 0.005596526192467058
(67, 66) : 0.004290644473412723
(67, 68) : 0.004421178484030569
(68, 69) : 0.005196941833115157
(68, 32) : 0.005231883969735475
(68, 67) : 0.004421178484030569
(69, 33) : 0.004532685674597183
(69, 68) : 0.005196941833115157
(69, 70) : 0.005098724728820169
(70, 71) : 0.004558135104804197
(70, 34) : 0.0043680521729024535
(70, 69) : 0.005098724728820169
(71, 35) : 0.004282443846470151
(71, 70) : 0.004558135104804197
(71, 72) : 0.004110357294321697
(72, 71) : 0.004110357294321697
(72, 36) : 0.003602439426002004
(72, 37) : 0.0043964506006569
