(1, 2) : 0.0041499663351382285
(1, 36) : 0.00463843725031947
(1, 37) : 0.00399829281837512
(2, 3) : 0.005152317004519845
(2, 38) : 0.004154760260944361
(2, 1) : 0.0041499663351382285
(3, 2) : 0.005152317004519845
(3, 4) : 0.005420675809794177
(3, 39) : 0.00420755194621707
(4, 5) : 0.003913025124805371
(4, 40) : 0.005324965135118738
(4, 3) : 0.005420675809794177
(5, 4) : 0.003913025124805371
(5, 6) : 0.004306279252163195
(5, 41) : 0.005080148940336664
(6, 7) : 0.0049384644615321355
(6, 42) : 0.004242012838004807
(6, 5) : 0.004306279252163195
(7, 43) : 0.004884575931184197
(7, 6) : 0.0049384644615321355
(7, 8) : 0.005248156421446243
(8, 7) : 0.005248156421446243
(8, 9) : 0.004683755637333561
(8, 44) : 0.0054719487246126615
(9, 10) : 0.004965992178284238
(9, 45) : 0.0051060133123587695
(9, 8) : 0.004683755637333561
(10, 9) : 0.004965992178284238
(10, 11) : 0.004854238067969054
(10, 46) : 0.004905308697458642
(11, 12) : 0.004630120692097976
(11, 47) : 0.00550438858100448
(11, 10) : 0.004854238067969054
(12, 11) : 0.004630120692097976
(12, 13) : 0.004952818569810086
(12, 48) : 0.005785250988505432
(13, 14) : 0.005002621261931153
(13, 49) : 0.005721074771049333
(13, 12) : 0.004952818569810086
(14, 13) : 0.005002621261931153
(14, 15) : 0.004232019912073371
(14, 50) : 0.005378145696606517
(15, 16) : 0.004217305579577152
(15, 51) : 0.004582213173766623
(15, 14) : 0.004232019912073371
(16, 52) : 0.004061035628603975
(16, 15) : 0.004217305579577152
(16, 17) : 0.003942077319646775
(17, 16) : 0.003942077319646775
(17, 18) : 0.0038944372917605547
(17, 53) : 0.0038259664066988865
(18, 54) : 0.0034723245030232257
(18, 17) : 0.0038944372917605547
(18, 19) : 0.004582823726844809
(19, 18) : 0.004582823726844809
(19, 20) : 0.005518328973414697
(19, 55) : 0.004786269485968515
(20, 56) : 0.004839359013611121
(20, 19) : 0.005518328973414697
(20, 21) : 0.006806518185090163
(21, 20) : 0.006806518185090163
(21, 22) : 0.0051829658189640904
(21, 57) : 0.004525813763722402
(22, 58) : 0.004971395812445836
(22, 21) : 0.0051829658189640904
(22, 23) : 0.005112562330051757
(23, 22) : 0.005112562330051757
(23, 24) : 0.005121686325328508
(23, 59) : 0.004623715623705123
(24, 25) : 0.005387336891856135
(24, 60) : 0.0049647758537166185
(24, 23) : 0.005121686325328508
(25, 61) : 0.0050089906864448225
(25, 24) : 0.005387336891856135
(25, 26) : 0.004267002503447899
(26, 27) : 0.0046438081452557
(26, 62) : 0.00474049139700173
(26, 25) : 0.004267002503447899
(27, 26) : 0.0046438081452557
(27, 28) : 0.004125893355956498
(27, 63) : 0.005362193109034559
(28, 29) : 0.00542777355292469
(28, 64) : 0.0045224866739169145
(28, 27) : 0.004125893355956498
(29, 65) : 0.0035181653571349173
(29, 28) : 0.00542777355292469
(29, 30) : 0.006031435556877125
(30, 31) : 0.005199243618226663
(30, 66) : 0.003953983897584385
(30, 29) : 0.006031435556877124
(31, 67) : 0.003976414485616874
(31, 30) : 0.005199243618226663
(31, 32) : 0.0035806312891880757
(32, 31) : 0.0035806312891880757
(32, 33) : 0.003816547077723088
(32, 68) : 0.004082967140840384
(33, 34) : 0.0033730149509234243
(33, 69) : 0.004125691835945344
(33, 32) : 0.003816547077723088
(34, 33) : 0.0033730149509234243
(34, 35) : 0.0044296060494873855
(34, 70) : 0.0039028522580959323
(35, 36) : 0.004368363747693744
(35, 71) : 0.004176817589030722
(35, 34) : 0.0044296060494873855
(36, 1) : 0.00463843725031947
(36, 35) : 0.004368363747693744
(36, 72) : 0.00421721100571418
(37, 38) : 0.004058676386135411
(37, 72) : 0.0044329699557473555
(37, 1) : 0.00399829281837512
(38, 2) : 0.004154760260944361
(38, 37) : 0.004058676386135411
(38, 39) : 0.005070188859023835
(39, 40) : 0.004367004135395384
(39, 3) : 0.00420755194621707
(39, 38) : 0.005070188859023835
(40, 4) : 0.005324965135118738
(40, 39) : 0.004367004135395385
(40, 41) : 0.0036468558246528916
(41, 40) : 0.0036468558246528916
(41, 42) : 0.00450724607723699
(41, 5) : 0.005080148940336664
(42, 43) : 0.004716839039392591
(42, 6) : 0.004242012838004807
(42, 41) : 0.00450724607723699
(43, 42) : 0.004716839039392591
(43, 44) : 0.0061637770198365105
(43, 7) : 0.004884575931184197
(44, 45) : 0.004519680352734104
(44, 8) : 0.0054719487246126615
(44, 43) : 0.0061637770198365105
(45, 9) : 0.0051060133123587695
(45, 44) : 0.004519680352734104
(45, 46) : 0.0045970263794692925
(46, 47) : 0.004655077019400472
(46, 10) : 0.004905308697458642
(46, 45) : 0.0045970263794692925
(47, 11) : 0.00550438858100448
(47, 46) : 0.004655077019400472
(47, 48) : 0.004304693773358649
(48, 49) : 0.004357508082378485
(48, 12) : 0.005785250988505432
(48, 47) : 0.004304693773358649
(49, 13) : 0.005721074771049333
(49, 48) : 0.004357508082378485
(49, 50) : 0.004747962045303365
(50, 49) : 0.004747962045303365
(50, 51) : 0.0038497902575350645
(50, 14) : 0.005378145696606517
(51, 15) : 0.004582213173766623
(51, 50) : 0.0038497902575350645
(51, 52) : 0.00444062062939215
(52, 51) : 0.00444062062939215
(52, 53) : 0.004334846376340337
(52, 16) : 0.004061035628603975
(53, 17) : 0.0038259664066988865
(53, 52) : 0.004334846376340337
(53, 54) : 0.004232967045131447
(54, 18) : 0.0034723245030232257
(54, 53) : 0.004232967045131447
(54, 55) : 0.00404015859459464
(55, 19) : 0.004786269485968515
(55, 54) : 0.00404015859459464
(55, 56) : 0.004913889752360224
(56, 20) : 0.004839359013611121
(56, 55) : 0.004913889752360224
(56, 57) : 0.00597205754595695
(57, 58) : 0.004117610342322332
(57, 21) : 0.004525813763722402
(57, 56) : 0.00597205754595695
(58, 22) : 0.004971395812445836
(58, 57) : 0.004117610342322332
(58, 59) : 0.004642443718878389
(59, 60) : 0.004350344990944989
(59, 23) : 0.004623715623705123
(59, 58) : 0.004642443718878389
(60, 24) : 0.0049647758537166185
(60, 59) : 0.004350344990944989
(60, 61) : 0.004750586824442341
(61, 62) : 0.0045761217991409356
(61, 25) : 0.0050089906864448225
(61, 60) : 0.004750586824442341
(62, 26) : 0.00474049139700173
(62, 61) : 0.0045761217991409356
(62, 63) : 0.004719120141651393
(63, 62) : 0.004719120141651393
(63, 64) : 0.004295333466551127
(63, 27) : 0.005362193109034559
(64, 28) : 0.0045224866739169145
(64, 63) : 0.004295333466551127
(64, 65) : 0.005602565179643141
(65, 64) : 0.005602565179643141
(65, 66) : 0.005590854260056102
(65, 29) : 0.0035181653571349173
(66, 67) : 0.004335384025342675
(66, 30) : 0.003953983897584385
(66, 65) : 0.005590854260056102
(67, 31) : 0.003976414485616874
(67, 66) : 0.004335384025342675
(67, 68) : 0.003720856947551663
(68, 69) : 0.003449810648335665
(68, 32) : 0.004082967140840384
(68, 67) : 0.003720856947551663
(69, 33) : 0.004125691835945344
(69, 68) : 0.003449810648335665
(69, 70) : 0.004184697895336375
(70, 71) : 0.0045974239866091605
(70, 34) : 0.0039028522580959323
(70, 69) : 0.004184697895336375
(71, 35) : 0.004176817589030722
(71, 70) : 0.0045974239866091605
(71, 72) : 0.005013187008961017
(72, 71) : 0.005013187008961017
(72, 36) : 0.00421721100571418
(72, 37) : 0.0044329699557473555
