(1, 2) : 0.005367869839155872
(1, 36) : 0.004577306231424087
(1, 37) : 0.003389638132934658
(2, 3) : 0.004780859938145674
(2, 38) : 0.004149427733445112
(2, 1) : 0.005367869839155872
(3, 2) : 0.004780859938145674
(3, 4) : 0.0042896500181555585
(3, 39) : 0.004973534083054422
(4, 5) : 0.0036906549053265366
(4, 40) : 0.0044405334104533605
(4, 3) : 0.0042896500181555585
(5, 4) : 0.0036906549053265366
(5, 6) : 0.005021455546297305
(5, 41) : 0.003946851501734003
(6, 7) : 0.004888628194442371
(6, 42) : 0.004458792857660686
(6, 5) : 0.005021455546297305
(7, 43) : 0.0046620441478268555
(7, 6) : 0.004888628194442371
(7, 8) : 0.004796265938701705
(8, 7) : 0.004796265938701705
(8, 9) : 0.00478980399911426
(8, 44) : 0.004877147039567416
(9, 10) : 0.004988134441107731
(9, 45) : 0.004948992511905942
(9, 8) : 0.00478980399911426
(10, 9) : 0.004988134441107731
(10, 11) : 0.004624219013287143
(10, 46) : 0.004418403962395158
(11, 12) : 0.005703138544708981
(11, 47) : 0.004617503979501287
(11, 10) : 0.004624219013287143
(12, 11) : 0.005703138544708981
(12, 13) : 0.004276834279692991
(12, 48) : 0.005366139630630441
(13, 14) : 0.006505590511246216
(13, 49) : 0.005267889195176228
(13, 12) : 0.004276834279692991
(14, 13) : 0.006505590511246216
(14, 15) : 0.004779937724207543
(14, 50) : 0.00511526656792727
(15, 16) : 0.0058090627144005745
(15, 51) : 0.004937053867387134
(15, 14) : 0.004779937724207543
(16, 52) : 0.004142412295364218
(16, 15) : 0.0058090627144005745
(16, 17) : 0.005083959314812538
(17, 16) : 0.005083959314812537
(17, 18) : 0.004733400569627456
(17, 53) : 0.004841239510134596
(18, 54) : 0.0042806104148667735
(18, 17) : 0.004733400569627456
(18, 19) : 0.004837520456540196
(19, 18) : 0.004837520456540196
(19, 20) : 0.004137864327299967
(19, 55) : 0.0036611723520884516
(20, 56) : 0.003925095283529441
(20, 19) : 0.004137864327299967
(20, 21) : 0.0038047258428814046
(21, 20) : 0.0038047258428814046
(21, 22) : 0.0038473928914375495
(21, 57) : 0.0041624897355016935
(22, 58) : 0.004181929409294267
(22, 21) : 0.0038473928914375495
(22, 23) : 0.0038504321828907854
(23, 22) : 0.0038504321828907854
(23, 24) : 0.004487817228900927
(23, 59) : 0.004596670020227658
(24, 25) : 0.0049701997527161505
(24, 60) : 0.004652331003765811
(24, 23) : 0.004487817228900927
(25, 61) : 0.004495590142229813
(25, 24) : 0.0049701997527161505
(25, 26) : 0.004064678418787376
(26, 27) : 0.003869669030883287
(26, 62) : 0.0042727138246299945
(26, 25) : 0.004064678418787376
(27, 26) : 0.003869669030883287
(27, 28) : 0.004943780259726512
(27, 63) : 0.004245950554745839
(28, 29) : 0.005661960159121136
(28, 64) : 0.00598798577742413
(28, 27) : 0.004943780259726512
(29, 65) : 0.005703244408966326
(29, 28) : 0.005661960159121136
(29, 30) : 0.0045784096901876
(30, 31) : 0.005072982700471713
(30, 66) : 0.003956217846099907
(30, 29) : 0.0045784096901876
(31, 67) : 0.003932631849723015
(31, 30) : 0.005072982700471713
(31, 32) : 0.00442437496167786
(32, 31) : 0.00442437496167786
(32, 33) : 0.004139516280000041
(32, 68) : 0.0041818642347002935
(33, 34) : 0.004428877082941763
(33, 69) : 0.004572475120489562
(33, 32) : 0.004139516280000041
(34, 33) : 0.004428877082941763
(34, 35) : 0.004446887757242939
(34, 70) : 0.004942728312304621
(35, 36) : 0.004213267911758345
(35, 71) : 0.004672133132381322
(35, 34) : 0.004446887757242939
(36, 1) : 0.004577306231424087
(36, 35) : 0.004213267911758345
(36, 72) : 0.004158964060120985
(37, 38) : 0.005540178214258244
(37, 72) : 0.0049686146988803
(37, 1) : 0.003389638132934658
(38, 2) : 0.004149427733445112
(38, 37) : 0.005540178214258244
(38, 39) : 0.004578681958307105
(39, 40) : 0.00426017990071459
(39, 3) : 0.004973534083054422
(39, 38) : 0.004578681958307105
(40, 4) : 0.0044405334104533605
(40, 39) : 0.00426017990071459
(40, 41) : 0.0035021470004477045
(41, 40) : 0.0035021470004477045
(41, 42) : 0.005103279837768386
(41, 5) : 0.003946851501734003
(42, 43) : 0.004242559325757657
(42, 6) : 0.004458792857660686
(42, 41) : 0.005103279837768386
(43, 42) : 0.004242559325757657
(43, 44) : 0.004331033871417474
(43, 7) : 0.0046620441478268555
(44, 45) : 0.0036964445484336836
(44, 8) : 0.004877147039567416
(44, 43) : 0.004331033871417474
(45, 9) : 0.004948992511905943
(45, 44) : 0.0036964445484336836
(45, 46) : 0.004564654025308209
(46, 47) : 0.004672813233524352
(46, 10) : 0.004418403962395158
(46, 45) : 0.004564654025308209
(47, 11) : 0.004617503979501287
(47, 46) : 0.004672813233524352
(47, 48) : 0.00559963377065209
(48, 49) : 0.0053641893477319475
(48, 12) : 0.005366139630630441
(48, 47) : 0.00559963377065209
(49, 13) : 0.005267889195176228
(49, 48) : 0.0053641893477319475
(49, 50) : 0.004755382920458424
(50, 49) : 0.004755382920458424
(50, 51) : 0.005784059941953258
(50, 14) : 0.005115266567927269
(51, 15) : 0.004937053867387134
(51, 50) : 0.005784059941953258
(51, 52) : 0.005184736085877099
(52, 51) : 0.005184736085877099
(52, 53) : 0.005459127642195897
(52, 16) : 0.004142412295364218
(53, 17) : 0.004841239510134596
(53, 52) : 0.005459127642195897
(53, 54) : 0.005765797781207092
(54, 18) : 0.0042806104148667735
(54, 53) : 0.005765797781207092
(54, 55) : 0.0052323992919864944
(55, 19) : 0.0036611723520884516
(55, 54) : 0.0052323992919864944
(55, 56) : 0.003902726639456768
(56, 20) : 0.003925095283529441
(56, 55) : 0.003902726639456768
(56, 57) : 0.004347870330869189
(57, 58) : 0.003254956245909134
(57, 21) : 0.0041624897355016935
(57, 56) : 0.004347870330869189
(58, 22) : 0.004181929409294267
(58, 57) : 0.003254956245909134
(58, 59) : 0.004164759343385123
(59, 60) : 0.0043661153625567765
(59, 23) : 0.004596670020227658
(59, 58) : 0.004164759343385123
(60, 24) : 0.004652331003765811
(60, 59) : 0.0043661153625567765
(60, 61) : 0.00645130983995057
(61, 62) : 0.004298938746591032
(61, 25) : 0.004495590142229813
(61, 60) : 0.00645130983995057
(62, 26) : 0.0042727138246299945
(62, 61) : 0.004298938746591032
(62, 63) : 0.004862737685442321
(63, 62) : 0.004862737685442321
(63, 64) : 0.004873556883864541
(63, 27) : 0.004245950554745839
(64, 28) : 0.00598798577742413
(64, 63) : 0.004873556883864541
(64, 65) : 0.0047571296717744856
(65, 64) : 0.0047571296717744856
(65, 66) : 0.004066574216957778
(65, 29) : 0.005703244408966326
(66, 67) : 0.004111222699530583
(66, 30) : 0.003956217846099907
(66, 65) : 0.004066574216957778
(67, 31) : 0.003932631849723015
(67, 66) : 0.004111222699530583
(67, 68) : 0.004623914850648487
(68, 69) : 0.004286838820591473
(68, 32) : 0.004181864234700293
(68, 67) : 0.004623914850648486
(69, 33) : 0.004572475120489562
(69, 68) : 0.004286838820591473
(69, 70) : 0.004437307456503468
(70, 71) : 0.00499886829751108
(70, 34) : 0.004942728312304621
(70, 69) : 0.004437307456503468
(71, 35) : 0.004672133132381322
(71, 70) : 0.00499886829751108
(71, 72) : 0.003966462942068655
(72, 71) : 0.003966462942068655
(72, 36) : 0.004158964060120985
(72, 37) : 0.0049686146988803
