(1, 2) : 0.004031784000046625
(1, 36) : 0.005430718648815046
(1, 37) : 0.004357424201935742
(2, 3) : 0.004705157990854016
(2, 38) : 0.005020146202355203
(2, 1) : 0.004031784000046625
(3, 2) : 0.004705157990854016
(3, 4) : 0.004797057049077758
(3, 39) : 0.0045358535481769095
(4, 5) : 0.00434465082540477
(4, 40) : 0.005135982407310083
(4, 3) : 0.004797057049077758
(5, 4) : 0.00434465082540477
(5, 6) : 0.004475220944296699
(5, 41) : 0.005428879238271346
(6, 7) : 0.004064640389598555
(6, 42) : 0.004413611613930355
(6, 5) : 0.004475220944296699
(7, 43) : 0.0041409120295143
(7, 6) : 0.004064640389598555
(7, 8) : 0.0037946465062310645
(8, 7) : 0.0037946465062310645
(8, 9) : 0.004263689431445372
(8, 44) : 0.004241959084851369
(9, 10) : 0.003764402797050373
(9, 45) : 0.004196297838830435
(9, 8) : 0.004263689431445372
(10, 9) : 0.003764402797050373
(10, 11) : 0.003798762044740193
(10, 46) : 0.00376030304896024
(11, 12) : 0.004159258687223183
(11, 47) : 0.0030697301822812037
(11, 10) : 0.003798762044740193
(12, 11) : 0.004159258687223183
(12, 13) : 0.0038222067464384834
(12, 48) : 0.004538738437302697
(13, 14) : 0.005928998815238826
(13, 49) : 0.005110760973540032
(13, 12) : 0.0038222067464384834
(14, 13) : 0.005928998815238825
(14, 15) : 0.005945304315243062
(14, 50) : 0.003911525520335592
(15, 16) : 0.004348740644983136
(15, 51) : 0.004193891601381836
(15, 14) : 0.005945304315243062
(16, 52) : 0.004772429121384476
(16, 15) : 0.004348740644983136
(16, 17) : 0.0060242444433690106
(17, 16) : 0.0060242444433690106
(17, 18) : 0.004337738372725578
(17, 53) : 0.004614638633966817
(18, 54) : 0.003878056854283292
(18, 17) : 0.004337738372725578
(18, 19) : 0.0045247161692320926
(19, 18) : 0.0045247161692320926
(19, 20) : 0.004288005330487666
(19, 55) : 0.0037928761687853075
(20, 56) : 0.00510632767260748
(20, 19) : 0.004288005330487666
(20, 21) : 0.004028088955955306
(21, 20) : 0.004028088955955306
(21, 22) : 0.004600320023240246
(21, 57) : 0.005309978133793833
(22, 58) : 0.005235012593775555
(22, 21) : 0.004600320023240246
(22, 23) : 0.0040821046198625905
(23, 22) : 0.0040821046198625905
(23, 24) : 0.005087599699784656
(23, 59) : 0.005429733973558556
(24, 25) : 0.004596723879066384
(24, 60) : 0.00497482786703379
(24, 23) : 0.005087599699784656
(25, 61) : 0.00480483911110327
(25, 24) : 0.004596723879066384
(25, 26) : 0.004500999437936342
(26, 27) : 0.003953317872497885
(26, 62) : 0.0039189757474214
(26, 25) : 0.004500999437936342
(27, 26) : 0.003953317872497885
(27, 28) : 0.004182142255468762
(27, 63) : 0.004662097124919077
(28, 29) : 0.006587233419698601
(28, 64) : 0.006182012360235247
(28, 27) : 0.004182142255468762
(29, 65) : 0.0050678022333079204
(29, 28) : 0.006587233419698601
(29, 30) : 0.005633182405804205
(30, 31) : 0.003941338332231006
(30, 66) : 0.004476226780593794
(30, 29) : 0.005633182405804205
(31, 67) : 0.004318644946850125
(31, 30) : 0.003941338332231006
(31, 32) : 0.005035902705564211
(32, 31) : 0.005035902705564211
(32, 33) : 0.004836873021412342
(32, 68) : 0.00380349526678511
(33, 34) : 0.0062551355197645745
(33, 69) : 0.0044326244907547776
(33, 32) : 0.004836873021412342
(34, 33) : 0.0062551355197645745
(34, 35) : 0.004960654067030904
(34, 70) : 0.005313936262442929
(35, 36) : 0.005111810961890622
(35, 71) : 0.005101100490096438
(35, 34) : 0.004960654067030904
(36, 1) : 0.005430718648815045
(36, 35) : 0.005111810961890622
(36, 72) : 0.004046068370817046
(37, 38) : 0.004087378527014368
(37, 72) : 0.004657029622449814
(37, 1) : 0.004357424201935742
(38, 2) : 0.005020146202355203
(38, 37) : 0.004087378527014368
(38, 39) : 0.003971225296399885
(39, 40) : 0.005317986461501392
(39, 3) : 0.0045358535481769095
(39, 38) : 0.003971225296399885
(40, 4) : 0.005135982407310083
(40, 39) : 0.00531798646150139
(40, 41) : 0.005187172307665732
(41, 40) : 0.005187172307665732
(41, 42) : 0.004169593224340227
(41, 5) : 0.005428879238271346
(42, 43) : 0.00423675518291435
(42, 6) : 0.004413611613930355
(42, 41) : 0.004169593224340227
(43, 42) : 0.00423675518291435
(43, 44) : 0.0037386079842433553
(43, 7) : 0.0041409120295143
(44, 45) : 0.004137438984918152
(44, 8) : 0.004241959084851369
(44, 43) : 0.0037386079842433553
(45, 9) : 0.004196297838830435
(45, 44) : 0.004137438984918152
(45, 46) : 0.004106450256774848
(46, 47) : 0.004116007858956363
(46, 10) : 0.00376030304896024
(46, 45) : 0.004106450256774848
(47, 11) : 0.0030697301822812037
(47, 46) : 0.004116007858956363
(47, 48) : 0.003990908322014113
(48, 49) : 0.004074176765700215
(48, 12) : 0.004538738437302697
(48, 47) : 0.003990908322014113
(49, 13) : 0.005110760973540032
(49, 48) : 0.004074176765700215
(49, 50) : 0.005485708201424024
(50, 49) : 0.005485708201424024
(50, 51) : 0.005217957065991096
(50, 14) : 0.003911525520335592
(51, 15) : 0.004193891601381836
(51, 50) : 0.005217957065991096
(51, 52) : 0.005091142423295992
(52, 51) : 0.005091142423295992
(52, 53) : 0.00422078150311415
(52, 16) : 0.004772429121384476
(53, 17) : 0.004614638633966817
(53, 52) : 0.00422078150311415
(53, 54) : 0.0052246306307890365
(54, 18) : 0.003878056854283292
(54, 53) : 0.0052246306307890365
(54, 55) : 0.003945239860995172
(55, 19) : 0.0037928761687853075
(55, 54) : 0.003945239860995172
(55, 56) : 0.004432927195732202
(56, 20) : 0.00510632767260748
(56, 55) : 0.004432927195732202
(56, 57) : 0.004451545585191327
(57, 58) : 0.004835199083919447
(57, 21) : 0.005309978133793833
(57, 56) : 0.004451545585191327
(58, 22) : 0.005235012593775555
(58, 57) : 0.004835199083919447
(58, 59) : 0.004370806814800088
(59, 60) : 0.004337860042034919
(59, 23) : 0.005429733973558556
(59, 58) : 0.004370806814800088
(60, 24) : 0.00497482786703379
(60, 59) : 0.004337860042034919
(60, 61) : 0.005312801717431498
(61, 62) : 0.003988175196953028
(61, 25) : 0.00480483911110327
(61, 60) : 0.005312801717431498
(62, 26) : 0.0039189757474214
(62, 61) : 0.003988175196953028
(62, 63) : 0.004612345622821532
(63, 62) : 0.004612345622821532
(63, 64) : 0.005163349895740152
(63, 27) : 0.004662097124919077
(64, 28) : 0.006182012360235247
(64, 63) : 0.005163349895740152
(64, 65) : 0.006457886478564391
(65, 64) : 0.006457886478564391
(65, 66) : 0.00590349458981594
(65, 29) : 0.0050678022333079204
(66, 67) : 0.0041531393704086345
(66, 30) : 0.004476226780593794
(66, 65) : 0.00590349458981594
(67, 31) : 0.004318644946850125
(67, 66) : 0.0041531393704086345
(67, 68) : 0.004143163046788657
(68, 69) : 0.005030452372720239
(68, 32) : 0.00380349526678511
(68, 67) : 0.004143163046788657
(69, 33) : 0.0044326244907547776
(69, 68) : 0.005030452372720239
(69, 70) : 0.005082967141366487
(70, 71) : 0.004939721679819408
(70, 34) : 0.005313936262442929
(70, 69) : 0.005082967141366487
(71, 35) : 0.005101100490096438
(71, 70) : 0.004939721679819408
(71, 72) : 0.004266882222185861
(72, 71) : 0.004266882222185861
(72, 36) : 0.004046068370817046
(72, 37) : 0.004657029622449814
