(1, 2) : 0.004864932078767959
(1, 36) : 0.0037998064663262126
(1, 37) : 0.005534726851318845
(2, 3) : 0.0042924457316709606
(2, 38) : 0.005434260598526658
(2, 1) : 0.004864932078767959
(3, 2) : 0.0042924457316709606
(3, 4) : 0.004873235172679767
(3, 39) : 0.006149249522172023
(4, 5) : 0.004863005868362184
(4, 40) : 0.005459320561012531
(4, 3) : 0.004873235172679767
(5, 4) : 0.004863005868362184
(5, 6) : 0.005025401401483439
(5, 41) : 0.004305562500871077
(6, 7) : 0.0035677574536058156
(6, 42) : 0.004569575174603313
(6, 5) : 0.005025401401483439
(7, 43) : 0.004808622708752539
(7, 6) : 0.0035677574536058156
(7, 8) : 0.004042306498800809
(8, 7) : 0.004042306498800809
(8, 9) : 0.0039579218505199736
(8, 44) : 0.004271380700401261
(9, 10) : 0.004397063782620981
(9, 45) : 0.004304531816382572
(9, 8) : 0.0039579218505199736
(10, 9) : 0.004397063782620981
(10, 11) : 0.004300650494672531
(10, 46) : 0.005127472779772583
(11, 12) : 0.005822305186506745
(11, 47) : 0.005366172002390981
(11, 10) : 0.004300650494672531
(12, 11) : 0.005822305186506745
(12, 13) : 0.004766312127391988
(12, 48) : 0.004823557377555618
(13, 14) : 0.0052728515634402956
(13, 49) : 0.004352140189258613
(13, 12) : 0.004766312127391988
(14, 13) : 0.0052728515634402956
(14, 15) : 0.005437519018281273
(14, 50) : 0.004387995972171949
(15, 16) : 0.00493980539373944
(15, 51) : 0.00411484554972666
(15, 14) : 0.005437519018281273
(16, 52) : 0.003934968136166288
(16, 15) : 0.00493980539373944
(16, 17) : 0.005413706938222073
(17, 16) : 0.005413706938222073
(17, 18) : 0.0048227726184459085
(17, 53) : 0.005151569837524716
(18, 54) : 0.005342696292428726
(18, 17) : 0.004822772618445908
(18, 19) : 0.004396618830209581
(19, 18) : 0.004396618830209581
(19, 20) : 0.00469877751608248
(19, 55) : 0.0043851852421782685
(20, 56) : 0.00414492295235763
(20, 19) : 0.00469877751608248
(20, 21) : 0.004145432673939477
(21, 20) : 0.004145432673939477
(21, 22) : 0.004012720885871133
(21, 57) : 0.0043581877583467625
(22, 58) : 0.004225219365173752
(22, 21) : 0.004012720885871133
(22, 23) : 0.00500623623193695
(23, 22) : 0.00500623623193695
(23, 24) : 0.00508988491525751
(23, 59) : 0.005126182603266667
(24, 25) : 0.004794324975275168
(24, 60) : 0.005611504219681343
(24, 23) : 0.00508988491525751
(25, 61) : 0.004431241205548852
(25, 24) : 0.004794324975275168
(25, 26) : 0.004209642688275528
(26, 27) : 0.00458276033802439
(26, 62) : 0.0039372005596316996
(26, 25) : 0.004209642688275528
(27, 26) : 0.00458276033802439
(27, 28) : 0.0046773762414099185
(27, 63) : 0.004061805838789113
(28, 29) : 0.0049320852098616195
(28, 64) : 0.00407481646833423
(28, 27) : 0.0046773762414099185
(29, 65) : 0.003947125716758171
(29, 28) : 0.00493208520986162
(29, 30) : 0.0041082054024377005
(30, 31) : 0.004203094183994464
(30, 66) : 0.004585217415323009
(30, 29) : 0.0041082054024377005
(31, 67) : 0.004641223878170437
(31, 30) : 0.004203094183994464
(31, 32) : 0.0037146744860173594
(32, 31) : 0.0037146744860173594
(32, 33) : 0.004279249150883222
(32, 68) : 0.004893042033041943
(33, 34) : 0.005285805539411403
(33, 69) : 0.005145812457331449
(33, 32) : 0.004279249150883222
(34, 33) : 0.005285805539411403
(34, 35) : 0.0048399262520973695
(34, 70) : 0.004348982493257481
(35, 36) : 0.0035339505593860016
(35, 71) : 0.0044649974660017355
(35, 34) : 0.0048399262520973695
(36, 1) : 0.0037998064663262126
(36, 35) : 0.0035339505593860016
(36, 72) : 0.005480605338991829
(37, 38) : 0.004798356457128641
(37, 72) : 0.004585358121953757
(37, 1) : 0.005534726851318845
(38, 2) : 0.005434260598526658
(38, 37) : 0.004798356457128641
(38, 39) : 0.0055635694210586055
(39, 40) : 0.004270155255930245
(39, 3) : 0.006149249522172023
(39, 38) : 0.0055635694210586055
(40, 4) : 0.005459320561012531
(40, 39) : 0.004270155255930245
(40, 41) : 0.00556437864517158
(41, 40) : 0.00556437864517158
(41, 42) : 0.005013791910047257
(41, 5) : 0.004305562500871077
(42, 43) : 0.004421037359880545
(42, 6) : 0.004569575174603313
(42, 41) : 0.005013791910047257
(43, 42) : 0.004421037359880545
(43, 44) : 0.0035610827901768763
(43, 7) : 0.004808622708752539
(44, 45) : 0.0038219687184759903
(44, 8) : 0.004271380700401261
(44, 43) : 0.0035610827901768763
(45, 9) : 0.004304531816382572
(45, 44) : 0.0038219687184759903
(45, 46) : 0.003466567271481618
(46, 47) : 0.004015582226453584
(46, 10) : 0.005127472779772583
(46, 45) : 0.003466567271481618
(47, 11) : 0.005366172002390981
(47, 46) : 0.004015582226453584
(47, 48) : 0.004426006408027677
(48, 49) : 0.004607804410367795
(48, 12) : 0.004823557377555618
(48, 47) : 0.004426006408027677
(49, 13) : 0.004352140189258613
(49, 48) : 0.004607804410367795
(49, 50) : 0.003930488093666918
(50, 49) : 0.003930488093666918
(50, 51) : 0.005057178992289567
(50, 14) : 0.004387995972171949
(51, 15) : 0.00411484554972666
(51, 50) : 0.005057178992289567
(51, 52) : 0.0049828367705556
(52, 51) : 0.0049828367705556
(52, 53) : 0.004950871386053461
(52, 16) : 0.003934968136166288
(53, 17) : 0.005151569837524716
(53, 52) : 0.004950871386053461
(53, 54) : 0.004800008665306904
(54, 18) : 0.005342696292428725
(54, 53) : 0.004800008665306904
(54, 55) : 0.003840895099583351
(55, 19) : 0.004385185242178269
(55, 54) : 0.003840895099583351
(55, 56) : 0.0040220870797562655
(56, 20) : 0.00414492295235763
(56, 55) : 0.0040220870797562655
(56, 57) : 0.004252249523711775
(57, 58) : 0.0037497195328141013
(57, 21) : 0.0043581877583467625
(57, 56) : 0.004252249523711775
(58, 22) : 0.004225219365173752
(58, 57) : 0.0037497195328141013
(58, 59) : 0.004879961869073901
(59, 60) : 0.004936503654007946
(59, 23) : 0.005126182603266667
(59, 58) : 0.004879961869073901
(60, 24) : 0.005611504219681343
(60, 59) : 0.004936503654007945
(60, 61) : 0.005221359269209811
(61, 62) : 0.004259887018633836
(61, 25) : 0.004431241205548853
(61, 60) : 0.005221359269209811
(62, 26) : 0.0039372005596316996
(62, 61) : 0.004259887018633836
(62, 63) : 0.004762671751956463
(63, 62) : 0.004762671751956463
(63, 64) : 0.005236003785869672
(63, 27) : 0.004061805838789113
(64, 28) : 0.00407481646833423
(64, 63) : 0.005236003785869672
(64, 65) : 0.0042197192038139686
(65, 64) : 0.0042197192038139686
(65, 66) : 0.00545620377878605
(65, 29) : 0.003947125716758171
(66, 67) : 0.003935444367324557
(66, 30) : 0.004585217415323009
(66, 65) : 0.00545620377878605
(67, 31) : 0.004641223878170437
(67, 66) : 0.003935444367324557
(67, 68) : 0.004880535238646666
(68, 69) : 0.00441066107411564
(68, 32) : 0.004893042033041943
(68, 67) : 0.004880535238646666
(69, 33) : 0.005145812457331449
(69, 68) : 0.00441066107411564
(69, 70) : 0.006188466338881636
(70, 71) : 0.004980550022434612
(70, 34) : 0.004348982493257481
(70, 69) : 0.006188466338881636
(71, 35) : 0.0044649974660017355
(71, 70) : 0.004980550022434612
(71, 72) : 0.00465755117822206
(72, 71) : 0.00465755117822206
(72, 36) : 0.005480605338991829
(72, 37) : 0.004585358121953757
