(1, 2) : 0.0041607761825844195
(1, 36) : 0.004845935663200102
(1, 37) : 0.005289557599589313
(2, 3) : 0.004343045270201996
(2, 38) : 0.004472604371316607
(2, 1) : 0.0041607761825844195
(3, 2) : 0.004343045270201996
(3, 4) : 0.0043474091661256965
(3, 39) : 0.003927620909337531
(4, 5) : 0.003970955447946122
(4, 40) : 0.004119213909507287
(4, 3) : 0.0043474091661256965
(5, 4) : 0.003970955447946122
(5, 6) : 0.003770753039414043
(5, 41) : 0.004119703596432408
(6, 7) : 0.003320776888853592
(6, 42) : 0.004297192201277049
(6, 5) : 0.003770753039414043
(7, 43) : 0.004637585996258556
(7, 6) : 0.003320776888853592
(7, 8) : 0.004219940423589569
(8, 7) : 0.004219940423589569
(8, 9) : 0.004168834192119552
(8, 44) : 0.005247422730384638
(9, 10) : 0.00433667966567122
(9, 45) : 0.005046002228759977
(9, 8) : 0.004168834192119552
(10, 9) : 0.00433667966567122
(10, 11) : 0.0039733491748752325
(10, 46) : 0.0038562048538959295
(11, 12) : 0.005688089232298958
(11, 47) : 0.00411890004387426
(11, 10) : 0.0039733491748752325
(12, 11) : 0.005688089232298958
(12, 13) : 0.005137814548644627
(12, 48) : 0.005792573085846141
(13, 14) : 0.004300175149878527
(13, 49) : 0.0058510388713683215
(13, 12) : 0.005137814548644627
(14, 13) : 0.004300175149878527
(14, 15) : 0.00354914935756763
(14, 50) : 0.00473151155764688
(15, 16) : 0.0032539766967623934
(15, 51) : 0.004118099290782759
(15, 14) : 0.00354914935756763
(16, 52) : 0.004111654602778349
(16, 15) : 0.0032539766967623934
(16, 17) : 0.003503043526690917
(17, 16) : 0.003503043526690917
(17, 18) : 0.004063633684141657
(17, 53) : 0.00424051219462563
(18, 54) : 0.0037786071457735276
(18, 17) : 0.004063633684141657
(18, 19) : 0.004465187475575682
(19, 18) : 0.004465187475575682
(19, 20) : 0.004605406214041861
(19, 55) : 0.004181900930706249
(20, 56) : 0.0047015994978475886
(20, 19) : 0.004605406214041861
(20, 21) : 0.005321920538148799
(21, 20) : 0.005321920538148799
(21, 22) : 0.005588606553943341
(21, 57) : 0.004843826251217702
(22, 58) : 0.004702555478343451
(22, 21) : 0.005588606553943341
(22, 23) : 0.005463709131057094
(23, 22) : 0.005463709131057094
(23, 24) : 0.004383765231816545
(23, 59) : 0.004589227540410927
(24, 25) : 0.004293050455879741
(24, 60) : 0.004742711731230531
(24, 23) : 0.004383765231816545
(25, 61) : 0.00421783194559319
(25, 24) : 0.004293050455879741
(25, 26) : 0.004442124882143069
(26, 27) : 0.003869185323953115
(26, 62) : 0.004602707679610874
(26, 25) : 0.004442124882143069
(27, 26) : 0.003869185323953115
(27, 28) : 0.004928021066956013
(27, 63) : 0.0049450069895079435
(28, 29) : 0.004724000875885409
(28, 64) : 0.005460930382150058
(28, 27) : 0.004928021066956013
(29, 65) : 0.004615867146867742
(29, 28) : 0.004724000875885409
(29, 30) : 0.005294443483681124
(30, 31) : 0.003901590922718622
(30, 66) : 0.004241265032982355
(30, 29) : 0.005294443483681124
(31, 67) : 0.006090702817459209
(31, 30) : 0.003901590922718622
(31, 32) : 0.005087515164694187
(32, 31) : 0.005087515164694187
(32, 33) : 0.006226429395353171
(32, 68) : 0.005524705052560299
(33, 34) : 0.00526295420491177
(33, 69) : 0.004691125241684429
(33, 32) : 0.006226429395353171
(34, 33) : 0.00526295420491177
(34, 35) : 0.005607075654494268
(34, 70) : 0.004983402441983883
(35, 36) : 0.004902269814552625
(35, 71) : 0.00490827991637855
(35, 34) : 0.005607075654494268
(36, 1) : 0.004845935663200102
(36, 35) : 0.004902269814552625
(36, 72) : 0.005188584474863089
(37, 38) : 0.005207308127348011
(37, 72) : 0.00499435385486793
(37, 1) : 0.005289557599589313
(38, 2) : 0.004472604371316607
(38, 37) : 0.005207308127348011
(38, 39) : 0.004884418159273373
(39, 40) : 0.004665414288729265
(39, 3) : 0.003927620909337531
(39, 38) : 0.004884418159273373
(40, 4) : 0.004119213909507287
(40, 39) : 0.004665414288729265
(40, 41) : 0.0048292447711077505
(41, 40) : 0.0048292447711077505
(41, 42) : 0.003976066459298308
(41, 5) : 0.004119703596432408
(42, 43) : 0.004107985825845291
(42, 6) : 0.004297192201277049
(42, 41) : 0.003976066459298308
(43, 42) : 0.004107985825845291
(43, 44) : 0.004455001775303584
(43, 7) : 0.004637585996258556
(44, 45) : 0.005180774128027152
(44, 8) : 0.005247422730384636
(44, 43) : 0.004455001775303584
(45, 9) : 0.005046002228759977
(45, 44) : 0.005180774128027152
(45, 46) : 0.004348658694702899
(46, 47) : 0.004805426682326058
(46, 10) : 0.0038562048538959295
(46, 45) : 0.0043486586947029
(47, 11) : 0.00411890004387426
(47, 46) : 0.004805426682326058
(47, 48) : 0.00571286978381457
(48, 49) : 0.0057271230818333125
(48, 12) : 0.005792573085846141
(48, 47) : 0.00571286978381457
(49, 13) : 0.0058510388713683215
(49, 48) : 0.0057271230818333125
(49, 50) : 0.005081254676520445
(50, 49) : 0.005081254676520445
(50, 51) : 0.0037163885355912052
(50, 14) : 0.00473151155764688
(51, 15) : 0.004118099290782759
(51, 50) : 0.0037163885355912052
(51, 52) : 0.004485626022366458
(52, 51) : 0.004485626022366458
(52, 53) : 0.0037315706021608043
(52, 16) : 0.004111654602778349
(53, 17) : 0.00424051219462563
(53, 52) : 0.0037315706021608043
(53, 54) : 0.004241816367163093
(54, 18) : 0.0037786071457735276
(54, 53) : 0.004241816367163093
(54, 55) : 0.00495437819625368
(55, 19) : 0.004181900930706249
(55, 54) : 0.00495437819625368
(55, 56) : 0.004566524868654502
(56, 20) : 0.0047015994978475886
(56, 55) : 0.004566524868654502
(56, 57) : 0.00525942075080722
(57, 58) : 0.005059767113676083
(57, 21) : 0.004843826251217702
(57, 56) : 0.00525942075080722
(58, 22) : 0.004702555478343451
(58, 57) : 0.005059767113676083
(58, 59) : 0.004387811822578986
(59, 60) : 0.0039025723357439483
(59, 23) : 0.004589227540410927
(59, 58) : 0.004387811822578986
(60, 24) : 0.004742711731230531
(60, 59) : 0.0039025723357439483
(60, 61) : 0.0036888440429071736
(61, 62) : 0.003972685051186524
(61, 25) : 0.00421783194559319
(61, 60) : 0.0036888440429071736
(62, 26) : 0.004602707679610874
(62, 61) : 0.003972685051186524
(62, 63) : 0.0042037416106260285
(63, 62) : 0.0042037416106260285
(63, 64) : 0.004974862551374523
(63, 27) : 0.0049450069895079435
(64, 28) : 0.005460930382150058
(64, 63) : 0.004974862551374523
(64, 65) : 0.004745905239515549
(65, 64) : 0.004745905239515549
(65, 66) : 0.005315853880505684
(65, 29) : 0.004615867146867742
(66, 67) : 0.004193619693981054
(66, 30) : 0.004241265032982355
(66, 65) : 0.005315853880505684
(67, 31) : 0.006090702817459209
(67, 66) : 0.004193619693981054
(67, 68) : 0.003920350748572432
(68, 69) : 0.005431373693940095
(68, 32) : 0.005524705052560299
(68, 67) : 0.003920350748572432
(69, 33) : 0.004691125241684429
(69, 68) : 0.005431373693940095
(69, 70) : 0.004973933480273306
(70, 71) : 0.004358698453854072
(70, 34) : 0.004983402441983883
(70, 69) : 0.004973933480273306
(71, 35) : 0.00490827991637855
(71, 70) : 0.004358698453854072
(71, 72) : 0.005628525188043719
(72, 71) : 0.005628525188043719
(72, 36) : 0.005188584474863089
(72, 37) : 0.00499435385486793
