(1, 2) : 0.00437765918102596
(1, 36) : 0.003959521781496318
(1, 37) : 0.004190634541365734
(2, 3) : 0.004391366915079518
(2, 38) : 0.005119013863362608
(2, 1) : 0.00437765918102596
(3, 2) : 0.004391366915079518
(3, 4) : 0.003795427778119967
(3, 39) : 0.005368627723755574
(4, 5) : 0.004613714276505276
(4, 40) : 0.00424300900500657
(4, 3) : 0.003795427778119967
(5, 4) : 0.004613714276505276
(5, 6) : 0.003894126018572339
(5, 41) : 0.0042954427454721215
(6, 7) : 0.00430006548288625
(6, 42) : 0.004903100489809222
(6, 5) : 0.003894126018572339
(7, 43) : 0.0040445261210038
(7, 6) : 0.00430006548288625
(7, 8) : 0.003938216085328796
(8, 7) : 0.003938216085328796
(8, 9) : 0.004599854198977011
(8, 44) : 0.00401020796408473
(9, 10) : 0.0051517734611095664
(9, 45) : 0.004468067465658677
(9, 8) : 0.004599854198977011
(10, 9) : 0.0051517734611095664
(10, 11) : 0.005038424953254897
(10, 46) : 0.005237940639653032
(11, 12) : 0.005508090287051489
(11, 47) : 0.005185376694588529
(11, 10) : 0.005038424953254897
(12, 11) : 0.005508090287051489
(12, 13) : 0.005487777958819044
(12, 48) : 0.0044843132483023
(13, 14) : 0.00533053788525608
(13, 49) : 0.004588405139327652
(13, 12) : 0.005487777958819044
(14, 13) : 0.00533053788525608
(14, 15) : 0.004452777299022673
(14, 50) : 0.004187462362164401
(15, 16) : 0.0034308596461803636
(15, 51) : 0.0038396984407215377
(15, 14) : 0.004452777299022673
(16, 52) : 0.004184080855450389
(16, 15) : 0.0034308596461803636
(16, 17) : 0.0039486893093932125
(17, 16) : 0.0039486893093932125
(17, 18) : 0.003435082910895119
(17, 53) : 0.004295462778130625
(18, 54) : 0.004021285017798688
(18, 17) : 0.003435082910895119
(18, 19) : 0.004831125363344906
(19, 18) : 0.004831125363344906
(19, 20) : 0.004812797100284133
(19, 55) : 0.004913387778657781
(20, 56) : 0.00550843893582162
(20, 19) : 0.004812797100284133
(20, 21) : 0.004535953158345986
(21, 20) : 0.004535953158345986
(21, 22) : 0.005001959179382979
(21, 57) : 0.005049862446179133
(22, 58) : 0.004847818519890911
(22, 21) : 0.005001959179382979
(22, 23) : 0.004295079821995409
(23, 22) : 0.004295079821995409
(23, 24) : 0.004085809681213584
(23, 59) : 0.005290673748897013
(24, 25) : 0.004915464576184797
(24, 60) : 0.004626771715713378
(24, 23) : 0.004085809681213583
(25, 61) : 0.004624149129051164
(25, 24) : 0.004915464576184797
(25, 26) : 0.003884541162927897
(26, 27) : 0.005205764000692644
(26, 62) : 0.005492810858139033
(26, 25) : 0.003884541162927897
(27, 26) : 0.005205764000692644
(27, 28) : 0.005901530794246015
(27, 63) : 0.004320825205074329
(28, 29) : 0.004739834497549247
(28, 64) : 0.004035410034274469
(28, 27) : 0.005901530794246015
(29, 65) : 0.004151353214421454
(29, 28) : 0.004739834497549247
(29, 30) : 0.004170583835488065
(30, 31) : 0.004591165658223093
(30, 66) : 0.003623070703194318
(30, 29) : 0.004170583835488065
(31, 67) : 0.0044668051887659585
(31, 30) : 0.004591165658223093
(31, 32) : 0.003959368161824129
(32, 31) : 0.003959368161824129
(32, 33) : 0.00367682186038634
(32, 68) : 0.004492353077950484
(33, 34) : 0.0037430232475586717
(33, 69) : 0.004178619784743662
(33, 32) : 0.00367682186038634
(34, 33) : 0.0037430232475586717
(34, 35) : 0.005058889239321267
(34, 70) : 0.004844117862987103
(35, 36) : 0.00472413602045458
(35, 71) : 0.004763904667692161
(35, 34) : 0.005058889239321267
(36, 1) : 0.003959521781496318
(36, 35) : 0.00472413602045458
(36, 72) : 0.004226690501434694
(37, 38) : 0.004219609692359647
(37, 72) : 0.004864284215213241
(37, 1) : 0.004190634541365734
(38, 2) : 0.005119013863362608
(38, 37) : 0.004219609692359647
(38, 39) : 0.0044886886164561615
(39, 40) : 0.003786736332890597
(39, 3) : 0.005368627723755574
(39, 38) : 0.0044886886164561615
(40, 4) : 0.00424300900500657
(40, 39) : 0.003786736332890597
(40, 41) : 0.004693986233483453
(41, 40) : 0.004693986233483453
(41, 42) : 0.004085308589526008
(41, 5) : 0.0042954427454721215
(42, 43) : 0.004033846970452516
(42, 6) : 0.004903100489809222
(42, 41) : 0.004085308589526008
(43, 42) : 0.004033846970452516
(43, 44) : 0.004368660207805162
(43, 7) : 0.0040445261210038
(44, 45) : 0.004231194618542372
(44, 8) : 0.00401020796408473
(44, 43) : 0.004368660207805162
(45, 9) : 0.004468067465658677
(45, 44) : 0.004231194618542372
(45, 46) : 0.005657075099034645
(46, 47) : 0.004248793226731303
(46, 10) : 0.005237940639653032
(46, 45) : 0.005657075099034645
(47, 11) : 0.005185376694588529
(47, 46) : 0.004248793226731303
(47, 48) : 0.005412472944214898
(48, 49) : 0.004861182425045389
(48, 12) : 0.0044843132483023
(48, 47) : 0.005412472944214898
(49, 13) : 0.004588405139327652
(49, 48) : 0.004861182425045389
(49, 50) : 0.005476229959964628
(50, 49) : 0.005476229959964628
(50, 51) : 0.005044125003408773
(50, 14) : 0.004187462362164401
(51, 15) : 0.0038396984407215377
(51, 50) : 0.005044125003408773
(51, 52) : 0.004482784355650874
(52, 51) : 0.004482784355650874
(52, 53) : 0.003926096374949822
(52, 16) : 0.004184080855450389
(53, 17) : 0.004295462778130625
(53, 52) : 0.003926096374949822
(53, 54) : 0.004353199506218774
(54, 18) : 0.004021285017798688
(54, 53) : 0.004353199506218774
(54, 55) : 0.00490542787809032
(55, 19) : 0.004913387778657781
(55, 54) : 0.00490542787809032
(55, 56) : 0.005182171310431366
(56, 20) : 0.00550843893582162
(56, 55) : 0.005182171310431366
(56, 57) : 0.006363377515734628
(57, 58) : 0.0055747134024517605
(57, 21) : 0.005049862446179133
(57, 56) : 0.006363377515734628
(58, 22) : 0.004847818519890911
(58, 57) : 0.0055747134024517605
(58, 59) : 0.005976600636844503
(59, 60) : 0.004679365229250906
(59, 23) : 0.005290673748897013
(59, 58) : 0.005976600636844503
(60, 24) : 0.004626771715713378
(60, 59) : 0.004679365229250906
(60, 61) : 0.004824782656357299
(61, 62) : 0.0041807991861561086
(61, 25) : 0.004624149129051164
(61, 60) : 0.004824782656357299
(62, 26) : 0.005492810858139033
(62, 61) : 0.0041807991861561086
(62, 63) : 0.0043414045924679776
(63, 62) : 0.0043414045924679776
(63, 64) : 0.0058810670943941126
(63, 27) : 0.004320825205074329
(64, 28) : 0.004035410034274469
(64, 63) : 0.0058810670943941126
(64, 65) : 0.004206765937654394
(65, 64) : 0.004206765937654394
(65, 66) : 0.004254601844098159
(65, 29) : 0.004151353214421454
(66, 67) : 0.005543278729177299
(66, 30) : 0.003623070703194318
(66, 65) : 0.004254601844098159
(67, 31) : 0.0044668051887659585
(67, 66) : 0.005543278729177299
(67, 68) : 0.0043481178801677905
(68, 69) : 0.00522801865228386
(68, 32) : 0.004492353077950484
(68, 67) : 0.004348117880167791
(69, 33) : 0.004178619784743662
(69, 68) : 0.00522801865228386
(69, 70) : 0.004637531823371919
(70, 71) : 0.0063378384803537136
(70, 34) : 0.004844117862987103
(70, 69) : 0.004637531823371919
(71, 35) : 0.004763904667692161
(71, 70) : 0.0063378384803537136
(71, 72) : 0.005388331521822949
(72, 71) : 0.005388331521822949
(72, 36) : 0.004226690501434694
(72, 37) : 0.004864284215213241
