(1, 2) : 0.003688902801245458
(1, 36) : 0.004801008007590396
(1, 37) : 0.004987889903972549
(2, 3) : 0.004019127285093254
(2, 38) : 0.004609414250107367
(2, 1) : 0.003688902801245458
(3, 2) : 0.004019127285093254
(3, 4) : 0.004165429802425213
(3, 39) : 0.004099053911937867
(4, 5) : 0.003987650586813392
(4, 40) : 0.005079242259829226
(4, 3) : 0.004165429802425213
(5, 4) : 0.003987650586813392
(5, 6) : 0.00448980257719379
(5, 41) : 0.0055593376078349995
(6, 7) : 0.005608595775455816
(6, 42) : 0.005245280044204823
(6, 5) : 0.00448980257719379
(7, 43) : 0.005640439217714412
(7, 6) : 0.005608595775455816
(7, 8) : 0.005975244558558852
(8, 7) : 0.005975244558558852
(8, 9) : 0.004092408691571169
(8, 44) : 0.0063070789981379705
(9, 10) : 0.005040895021857347
(9, 45) : 0.004984759277651307
(9, 8) : 0.004092408691571169
(10, 9) : 0.005040895021857347
(10, 11) : 0.004188077161541871
(10, 46) : 0.0051039179323483
(11, 12) : 0.00524862613581584
(11, 47) : 0.0049631724910164645
(11, 10) : 0.004188077161541871
(12, 11) : 0.00524862613581584
(12, 13) : 0.004210680763541557
(12, 48) : 0.0032237067917426825
(13, 14) : 0.004728563736105067
(13, 49) : 0.003683158663280913
(13, 12) : 0.004210680763541557
(14, 13) : 0.004728563736105067
(14, 15) : 0.005310723569015455
(14, 50) : 0.004753306840935242
(15, 16) : 0.004747294003824381
(15, 51) : 0.006015037456567483
(15, 14) : 0.005310723569015455
(16, 52) : 0.005822060519366951
(16, 15) : 0.004747294003824381
(16, 17) : 0.004834049987672408
(17, 16) : 0.004834049987672408
(17, 18) : 0.00434432939250841
(17, 53) : 0.004269524471718902
(18, 54) : 0.0036449349052434183
(18, 17) : 0.00434432939250841
(18, 19) : 0.004204582929275644
(19, 18) : 0.004204582929275644
(19, 20) : 0.004688121310151068
(19, 55) : 0.0038734957421797376
(20, 56) : 0.004470677080627744
(20, 19) : 0.004688121310151068
(20, 21) : 0.0039819220776914944
(21, 20) : 0.0039819220776914944
(21, 22) : 0.004274188118604033
(21, 57) : 0.004549735473703001
(22, 58) : 0.0038086709385060378
(22, 21) : 0.004274188118604033
(22, 23) : 0.005151577944208302
(23, 22) : 0.005151577944208302
(23, 24) : 0.0035055426964164618
(23, 59) : 0.005086242389586389
(24, 25) : 0.005898080515076842
(24, 60) : 0.005736258403020563
(24, 23) : 0.0035055426964164618
(25, 61) : 0.004693497960754335
(25, 24) : 0.005898080515076842
(25, 26) : 0.004180994316533934
(26, 27) : 0.005071501823626525
(26, 62) : 0.005123937204202013
(26, 25) : 0.004180994316533934
(27, 26) : 0.005071501823626525
(27, 28) : 0.0052410904453913
(27, 63) : 0.005079591888562024
(28, 29) : 0.004238288871077825
(28, 64) : 0.004767895522695487
(28, 27) : 0.0052410904453913
(29, 65) : 0.004378324414058089
(29, 28) : 0.004238288871077825
(29, 30) : 0.005009385638857324
(30, 31) : 0.0034888209724350185
(30, 66) : 0.004708461229738827
(30, 29) : 0.005009385638857324
(31, 67) : 0.00434873554624004
(31, 30) : 0.0034888209724350185
(31, 32) : 0.003962488245550677
(32, 31) : 0.003962488245550677
(32, 33) : 0.003887319175629719
(32, 68) : 0.003945289816813145
(33, 34) : 0.004012046465998301
(33, 69) : 0.004124754530670369
(33, 32) : 0.003887319175629719
(34, 33) : 0.004012046465998301
(34, 35) : 0.004579269258250923
(34, 70) : 0.0042391835241329945
(35, 36) : 0.005293742659583709
(35, 71) : 0.004471602278960974
(35, 34) : 0.004579269258250923
(36, 1) : 0.004801008007590396
(36, 35) : 0.005293742659583709
(36, 72) : 0.004460759728512433
(37, 38) : 0.004016546238609864
(37, 72) : 0.004355442848497121
(37, 1) : 0.004987889903972549
(38, 2) : 0.004609414250107367
(38, 37) : 0.004016546238609864
(38, 39) : 0.004090249183263298
(39, 40) : 0.004433358856970983
(39, 3) : 0.004099053911937867
(39, 38) : 0.004090249183263298
(40, 4) : 0.005079242259829226
(40, 39) : 0.004433358856970983
(40, 41) : 0.004472701954860812
(41, 40) : 0.004472701954860812
(41, 42) : 0.004628081137211401
(41, 5) : 0.0055593376078349995
(42, 43) : 0.006037718465234762
(42, 6) : 0.005245280044204823
(42, 41) : 0.004628081137211401
(43, 42) : 0.006037718465234762
(43, 44) : 0.005838997918863112
(43, 7) : 0.005640439217714412
(44, 45) : 0.004138375527752942
(44, 8) : 0.0063070789981379705
(44, 43) : 0.005838997918863111
(45, 9) : 0.004984759277651307
(45, 44) : 0.004138375527752942
(45, 46) : 0.005556683998723658
(46, 47) : 0.0043450297429040875
(46, 10) : 0.0051039179323483
(46, 45) : 0.00555668399872366
(47, 11) : 0.0049631724910164645
(47, 46) : 0.0043450297429040875
(47, 48) : 0.006096141909206168
(48, 49) : 0.004236835922976711
(48, 12) : 0.0032237067917426825
(48, 47) : 0.006096141909206168
(49, 13) : 0.003683158663280913
(49, 48) : 0.004236835922976711
(49, 50) : 0.0043653158079274374
(50, 49) : 0.0043653158079274374
(50, 51) : 0.00517088700685505
(50, 14) : 0.004753306840935242
(51, 15) : 0.006015037456567483
(51, 50) : 0.00517088700685505
(51, 52) : 0.004308211688837061
(52, 51) : 0.004308211688837061
(52, 53) : 0.004571261950138206
(52, 16) : 0.005822060519366951
(53, 17) : 0.004269524471718902
(53, 52) : 0.004571261950138206
(53, 54) : 0.0040210393817891555
(54, 18) : 0.0036449349052434183
(54, 53) : 0.0040210393817891555
(54, 55) : 0.004027449549942373
(55, 19) : 0.0038734957421797376
(55, 54) : 0.004027449549942373
(55, 56) : 0.004088976524862748
(56, 20) : 0.004470677080627744
(56, 55) : 0.004088976524862748
(56, 57) : 0.0033865203362586083
(57, 58) : 0.004001790425753525
(57, 21) : 0.004549735473703002
(57, 56) : 0.0033865203362586083
(58, 22) : 0.0038086709385060378
(58, 57) : 0.004001790425753525
(58, 59) : 0.0045609962378952255
(59, 60) : 0.004010682154384558
(59, 23) : 0.005086242389586389
(59, 58) : 0.0045609962378952255
(60, 24) : 0.005736258403020563
(60, 59) : 0.004010682154384558
(60, 61) : 0.004960452066297548
(61, 62) : 0.005374466700811944
(61, 25) : 0.004693497960754335
(61, 60) : 0.004960452066297548
(62, 26) : 0.005123937204202013
(62, 61) : 0.0053744667008119446
(62, 63) : 0.004956022037888712
(63, 62) : 0.004956022037888712
(63, 64) : 0.0055239841061954665
(63, 27) : 0.005079591888562024
(64, 28) : 0.004767895522695487
(64, 63) : 0.0055239841061954665
(64, 65) : 0.0058430863276072295
(65, 64) : 0.0058430863276072295
(65, 66) : 0.00458270722128909
(65, 29) : 0.004378324414058089
(66, 67) : 0.00417080386655123
(66, 30) : 0.004708461229738827
(66, 65) : 0.00458270722128909
(67, 31) : 0.00434873554624004
(67, 66) : 0.00417080386655123
(67, 68) : 0.004521755894655967
(68, 69) : 0.0037769686407382883
(68, 32) : 0.003945289816813145
(68, 67) : 0.004521755894655967
(69, 33) : 0.004124754530670369
(69, 68) : 0.0037769686407382883
(69, 70) : 0.0045598609697832145
(70, 71) : 0.003825125203787116
(70, 34) : 0.0042391835241329945
(70, 69) : 0.0045598609697832145
(71, 35) : 0.004471602278960974
(71, 70) : 0.003825125203787116
(71, 72) : 0.005136669655911875
(72, 71) : 0.005136669655911875
(72, 36) : 0.004460759728512433
(72, 37) : 0.004355442848497121
