(1, 2) : 0.004140500109798819
(1, 36) : 0.004256269668020384
(1, 37) : 0.005345344910069127
(2, 3) : 0.004799173370082475
(2, 38) : 0.004903354810812423
(2, 1) : 0.004140500109798819
(3, 2) : 0.004799173370082475
(3, 4) : 0.004297070227517131
(3, 39) : 0.004351413142932628
(4, 5) : 0.0042393646563457016
(4, 40) : 0.004313540938935907
(4, 3) : 0.004297070227517131
(5, 4) : 0.0042393646563457016
(5, 6) : 0.004064415164238155
(5, 41) : 0.0053071997587941545
(6, 7) : 0.005942698201820383
(6, 42) : 0.004740963509902319
(6, 5) : 0.004064415164238155
(7, 43) : 0.004808248071895245
(7, 6) : 0.005942698201820383
(7, 8) : 0.00482411567515536
(8, 7) : 0.00482411567515536
(8, 9) : 0.005250296987201588
(8, 44) : 0.005601845762860411
(9, 10) : 0.004495091455777685
(9, 45) : 0.005076277430072549
(9, 8) : 0.005250296987201588
(10, 9) : 0.004495091455777685
(10, 11) : 0.0042905559492981875
(10, 46) : 0.00478068243868382
(11, 12) : 0.005160368300566784
(11, 47) : 0.004106462535784443
(11, 10) : 0.0042905559492981875
(12, 11) : 0.005160368300566784
(12, 13) : 0.004638120100751087
(12, 48) : 0.004323868072656987
(13, 14) : 0.0038989323832080403
(13, 49) : 0.0046420615117091025
(13, 12) : 0.004638120100751087
(14, 13) : 0.0038989323832080403
(14, 15) : 0.003999849172478581
(14, 50) : 0.004065034676221195
(15, 16) : 0.004476308306940632
(15, 51) : 0.004559402614956096
(15, 14) : 0.003999849172478581
(16, 52) : 0.005171154450077569
(16, 15) : 0.004476308306940632
(16, 17) : 0.004158331916400104
(17, 16) : 0.004158331916400104
(17, 18) : 0.004504075988346961
(17, 53) : 0.005299286645288459
(18, 54) : 0.0048909211038873955
(18, 17) : 0.004504075988346961
(18, 19) : 0.0052582677254876765
(19, 18) : 0.0052582677254876765
(19, 20) : 0.004694106409540124
(19, 55) : 0.004180256679312096
(20, 56) : 0.004477339274999763
(20, 19) : 0.004694106409540124
(20, 21) : 0.004312142464361896
(21, 20) : 0.004312142464361896
(21, 22) : 0.0039905693355985206
(21, 57) : 0.005393626114604741
(22, 58) : 0.004933232634386094
(22, 21) : 0.0039905693355985206
(22, 23) : 0.004715586642976153
(23, 22) : 0.004715586642976153
(23, 24) : 0.004589595219774772
(23, 59) : 0.004202831950245556
(24, 25) : 0.0037737597081885224
(24, 60) : 0.004486940801280633
(24, 23) : 0.004589595219774772
(25, 61) : 0.004518972673798712
(25, 24) : 0.0037737597081885224
(25, 26) : 0.0039430289093736635
(26, 27) : 0.004580607001512372
(26, 62) : 0.004145893118414345
(26, 25) : 0.0039430289093736635
(27, 26) : 0.004580607001512372
(27, 28) : 0.004767693327664734
(27, 63) : 0.00403517527662066
(28, 29) : 0.004127465299868891
(28, 64) : 0.004156677813655973
(28, 27) : 0.004767693327664734
(29, 65) : 0.0041118664380211745
(29, 28) : 0.004127465299868891
(29, 30) : 0.004729656386873753
(30, 31) : 0.005867847242763854
(30, 66) : 0.003888726110478577
(30, 29) : 0.004729656386873753
(31, 67) : 0.004304471019666057
(31, 30) : 0.005867847242763854
(31, 32) : 0.004452270389882585
(32, 31) : 0.004452270389882585
(32, 33) : 0.004812576382771428
(32, 68) : 0.004688667295633314
(33, 34) : 0.00451214190170113
(33, 69) : 0.0041933316067868055
(33, 32) : 0.004812576382771428
(34, 33) : 0.00451214190170113
(34, 35) : 0.003935706235689151
(34, 70) : 0.004474052680960066
(35, 36) : 0.004054665898742066
(35, 71) : 0.004441470989987737
(35, 34) : 0.003935706235689151
(36, 1) : 0.004256269668020384
(36, 35) : 0.004054665898742066
(36, 72) : 0.0048699832677724444
(37, 38) : 0.005150774395411297
(37, 72) : 0.004082585240099002
(37, 1) : 0.005345344910069127
(38, 2) : 0.004903354810812423
(38, 37) : 0.005150774395411297
(38, 39) : 0.004354065408891374
(39, 40) : 0.0051608467807449975
(39, 3) : 0.004351413142932628
(39, 38) : 0.004354065408891374
(40, 4) : 0.004313540938935907
(40, 39) : 0.0051608467807449975
(40, 41) : 0.0043738998813422185
(41, 40) : 0.0043738998813422185
(41, 42) : 0.004325313577928939
(41, 5) : 0.0053071997587941545
(42, 43) : 0.005729538389663595
(42, 6) : 0.004740963509902319
(42, 41) : 0.004325313577928939
(43, 42) : 0.005729538389663595
(43, 44) : 0.0052075231539441295
(43, 7) : 0.004808248071895245
(44, 45) : 0.006172761533936437
(44, 8) : 0.005601845762860411
(44, 43) : 0.0052075231539441295
(45, 9) : 0.005076277430072549
(45, 44) : 0.006172761533936437
(45, 46) : 0.005623637424693834
(46, 47) : 0.005389335489929874
(46, 10) : 0.00478068243868382
(46, 45) : 0.005623637424693834
(47, 11) : 0.004106462535784443
(47, 46) : 0.005389335489929874
(47, 48) : 0.0062675908801526166
(48, 49) : 0.004197564822188102
(48, 12) : 0.004323868072656987
(48, 47) : 0.0062675908801526166
(49, 13) : 0.0046420615117091025
(49, 48) : 0.004197564822188102
(49, 50) : 0.0037850381330246223
(50, 49) : 0.0037850381330246223
(50, 51) : 0.004267902933424121
(50, 14) : 0.004065034676221195
(51, 15) : 0.004559402614956096
(51, 50) : 0.004267902933424121
(51, 52) : 0.0037488208988460405
(52, 51) : 0.0037488208988460405
(52, 53) : 0.004788932871737317
(52, 16) : 0.005171154450077569
(53, 17) : 0.005299286645288459
(53, 52) : 0.004788932871737317
(53, 54) : 0.003936455048584427
(54, 18) : 0.0048909211038873955
(54, 53) : 0.003936455048584427
(54, 55) : 0.004587415329835638
(55, 19) : 0.004180256679312096
(55, 54) : 0.004587415329835638
(55, 56) : 0.004731530861545851
(56, 20) : 0.004477339274999763
(56, 55) : 0.004731530861545851
(56, 57) : 0.003802207164529824
(57, 58) : 0.003995072466432001
(57, 21) : 0.005393626114604741
(57, 56) : 0.003802207164529824
(58, 22) : 0.004933232634386094
(58, 57) : 0.003995072466432001
(58, 59) : 0.0051494610973889365
(59, 60) : 0.004708043894085281
(59, 23) : 0.004202831950245556
(59, 58) : 0.0051494610973889365
(60, 24) : 0.004486940801280633
(60, 59) : 0.004708043894085281
(60, 61) : 0.0045505953623043525
(61, 62) : 0.004571041524007912
(61, 25) : 0.004518972673798712
(61, 60) : 0.0045505953623043525
(62, 26) : 0.004145893118414345
(62, 61) : 0.004571041524007912
(62, 63) : 0.005333543931714845
(63, 62) : 0.005333543931714845
(63, 64) : 0.0046471152700856356
(63, 27) : 0.00403517527662066
(64, 28) : 0.004156677813655973
(64, 63) : 0.0046471152700856356
(64, 65) : 0.004085786246237715
(65, 64) : 0.004085786246237715
(65, 66) : 0.004380863403466053
(65, 29) : 0.0041118664380211745
(66, 67) : 0.005059515477743989
(66, 30) : 0.003888726110478577
(66, 65) : 0.004380863403466053
(67, 31) : 0.004304471019666057
(67, 66) : 0.005059515477743989
(67, 68) : 0.005002111259939323
(68, 69) : 0.005188505225251863
(68, 32) : 0.004688667295633314
(68, 67) : 0.005002111259939323
(69, 33) : 0.0041933316067868055
(69, 68) : 0.005188505225251863
(69, 70) : 0.005462001640995092
(70, 71) : 0.0049204946023359945
(70, 34) : 0.004474052680960066
(70, 69) : 0.005462001640995092
(71, 35) : 0.004441470989987737
(71, 70) : 0.0049204946023359945
(71, 72) : 0.0049183061286730756
(72, 71) : 0.0049183061286730756
(72, 36) : 0.0048699832677724444
(72, 37) : 0.004082585240099002
