(1, 2) : 0.005607478131211249
(1, 36) : 0.005453474277770035
(1, 37) : 0.006129285054719415
(2, 3) : 0.006329726680659252
(2, 38) : 0.005104282680440737
(2, 1) : 0.005607478131211249
(3, 2) : 0.006329726680659252
(3, 4) : 0.0052389885742778605
(3, 39) : 0.004504439821320619
(4, 5) : 0.0046916644295716525
(4, 40) : 0.0039322594547136006
(4, 3) : 0.0052389885742778605
(5, 4) : 0.0046916644295716525
(5, 6) : 0.004390881368380184
(5, 41) : 0.0036611109926221594
(6, 7) : 0.00464575288516336
(6, 42) : 0.003330552541642389
(6, 5) : 0.004390881368380184
(7, 43) : 0.004292089414252343
(7, 6) : 0.00464575288516336
(7, 8) : 0.00395354474990175
(8, 7) : 0.00395354474990175
(8, 9) : 0.004632971382338963
(8, 44) : 0.004860404037552017
(9, 10) : 0.005091145102035946
(9, 45) : 0.004880715962506199
(9, 8) : 0.004632971382338963
(10, 9) : 0.005091145102035946
(10, 11) : 0.004577856028692635
(10, 46) : 0.006129826755699279
(11, 12) : 0.004724991986591526
(11, 47) : 0.005349665715651436
(11, 10) : 0.004577856028692635
(12, 11) : 0.004724991986591526
(12, 13) : 0.005078516553955949
(12, 48) : 0.0037916023327075475
(13, 14) : 0.0038865706485921784
(13, 49) : 0.004373722358697687
(13, 12) : 0.00507851655395595
(14, 13) : 0.0038865706485921784
(14, 15) : 0.005472518727881942
(14, 50) : 0.005060043254894881
(15, 16) : 0.005210954856796214
(15, 51) : 0.004334703338850878
(15, 14) : 0.005472518727881942
(16, 52) : 0.004577940332260882
(16, 15) : 0.005210954856796214
(16, 17) : 0.0046348805829286395
(17, 16) : 0.0046348805829286395
(17, 18) : 0.003644354518337968
(17, 53) : 0.0054256803209068805
(18, 54) : 0.0056086030027350095
(18, 17) : 0.003644354518337968
(18, 19) : 0.003997994836098174
(19, 18) : 0.003997994836098174
(19, 20) : 0.004193731491794365
(19, 55) : 0.0052912495095844584
(20, 56) : 0.004566751214359855
(20, 19) : 0.004193731491794365
(20, 21) : 0.004100616515648648
(21, 20) : 0.004100616515648648
(21, 22) : 0.004244019574561446
(21, 57) : 0.0036562014847247104
(22, 58) : 0.0034572331775316123
(22, 21) : 0.004244019574561446
(22, 23) : 0.004721624011116667
(23, 22) : 0.004721624011116668
(23, 24) : 0.005121431043470159
(23, 59) : 0.003911577942549422
(24, 25) : 0.004370168296764268
(24, 60) : 0.0047861833272457716
(24, 23) : 0.005121431043470159
(25, 61) : 0.0049821695591243985
(25, 24) : 0.004370168296764268
(25, 26) : 0.004439966404352862
(26, 27) : 0.004037100474033151
(26, 62) : 0.0042288724316653275
(26, 25) : 0.004439966404352862
(27, 26) : 0.004037100474033151
(27, 28) : 0.00508218981841452
(27, 63) : 0.004033586976225793
(28, 29) : 0.0037728726645257877
(28, 64) : 0.004551215349197725
(28, 27) : 0.00508218981841452
(29, 65) : 0.0038536475310801117
(29, 28) : 0.0037728726645257877
(29, 30) : 0.005191146763306626
(30, 31) : 0.0046780878891635415
(30, 66) : 0.004114150386089517
(30, 29) : 0.005191146763306626
(31, 67) : 0.00415399158478917
(31, 30) : 0.0046780878891635415
(31, 32) : 0.004706618671736085
(32, 31) : 0.004706618671736085
(32, 33) : 0.0034716122945473715
(32, 68) : 0.003785606015274738
(33, 34) : 0.0038434565856917467
(33, 69) : 0.004516810509104384
(33, 32) : 0.0034716122945473715
(34, 33) : 0.0038434565856917467
(34, 35) : 0.003422137405462792
(34, 70) : 0.0048972059006634015
(35, 36) : 0.005578987956685227
(35, 71) : 0.00443039843127074
(35, 34) : 0.003422137405462792
(36, 1) : 0.005453474277770035
(36, 35) : 0.005578987956685227
(36, 72) : 0.005136416379819658
(37, 38) : 0.004790626186210084
(37, 72) : 0.004325226739029114
(37, 1) : 0.006129285054719415
(38, 2) : 0.005104282680440737
(38, 37) : 0.004790626186210084
(38, 39) : 0.004572115593431888
(39, 40) : 0.004396777550626907
(39, 3) : 0.004504439821320619
(39, 38) : 0.004572115593431888
(40, 4) : 0.0039322594547136006
(40, 39) : 0.004396777550626907
(40, 41) : 0.004164954079363051
(41, 40) : 0.004164954079363051
(41, 42) : 0.0042872987427093915
(41, 5) : 0.0036611109926221594
(42, 43) : 0.005034648216945583
(42, 6) : 0.003330552541642389
(42, 41) : 0.0042872987427093915
(43, 42) : 0.005034648216945583
(43, 44) : 0.003633585144645272
(43, 7) : 0.004292089414252343
(44, 45) : 0.005686452186307504
(44, 8) : 0.004860404037552017
(44, 43) : 0.003633585144645272
(45, 9) : 0.004880715962506199
(45, 44) : 0.005686452186307504
(45, 46) : 0.004949630218408268
(46, 47) : 0.005327476912533665
(46, 10) : 0.006129826755699279
(46, 45) : 0.004949630218408268
(47, 11) : 0.005349665715651436
(47, 46) : 0.005327476912533666
(47, 48) : 0.0048300537554184534
(48, 49) : 0.004616361828923465
(48, 12) : 0.0037916023327075475
(48, 47) : 0.0048300537554184534
(49, 13) : 0.004373722358697687
(49, 48) : 0.004616361828923465
(49, 50) : 0.00444987899524414
(50, 49) : 0.0044498789952441406
(50, 51) : 0.004909753951480343
(50, 14) : 0.005060043254894881
(51, 15) : 0.0043347033388508776
(51, 50) : 0.004909753951480343
(51, 52) : 0.00617468049965112
(52, 51) : 0.00617468049965112
(52, 53) : 0.005678218191728344
(52, 16) : 0.004577940332260882
(53, 17) : 0.00542568032090688
(53, 52) : 0.005678218191728344
(53, 54) : 0.0046348162011443875
(54, 18) : 0.0056086030027350095
(54, 53) : 0.004634816201144387
(54, 55) : 0.004888949466331101
(55, 19) : 0.005291249509584459
(55, 54) : 0.004888949466331101
(55, 56) : 0.004811394110995073
(56, 20) : 0.004566751214359855
(56, 55) : 0.004811394110995073
(56, 57) : 0.004610882087877985
(57, 58) : 0.0039927848709652046
(57, 21) : 0.0036562014847247104
(57, 56) : 0.004610882087877985
(58, 22) : 0.0034572331775316123
(58, 57) : 0.0039927848709652046
(58, 59) : 0.005327390523807035
(59, 60) : 0.004870144695949685
(59, 23) : 0.003911577942549422
(59, 58) : 0.0053273905238070355
(60, 24) : 0.0047861833272457716
(60, 59) : 0.004870144695949685
(60, 61) : 0.004839852464200005
(61, 62) : 0.0036206747391371572
(61, 25) : 0.0049821695591243985
(61, 60) : 0.004839852464200005
(62, 26) : 0.0042288724316653275
(62, 61) : 0.0036206747391371572
(62, 63) : 0.004946512770142248
(63, 62) : 0.004946512770142248
(63, 64) : 0.0046396044429201306
(63, 27) : 0.004033586976225793
(64, 28) : 0.004551215349197725
(64, 63) : 0.0046396044429201306
(64, 65) : 0.004408085575760804
(65, 64) : 0.004408085575760804
(65, 66) : 0.004674456701389537
(65, 29) : 0.0038536475310801117
(66, 67) : 0.004737739025633226
(66, 30) : 0.004114150386089516
(66, 65) : 0.004674456701389537
(67, 31) : 0.00415399158478917
(67, 66) : 0.004737739025633226
(67, 68) : 0.005156316876863015
(68, 69) : 0.0039814130915891725
(68, 32) : 0.003785606015274738
(68, 67) : 0.005156316876863015
(69, 33) : 0.004516810509104384
(69, 68) : 0.0039814130915891725
(69, 70) : 0.004528179559018498
(70, 71) : 0.004269441871845773
(70, 34) : 0.0048972059006634015
(70, 69) : 0.004528179559018498
(71, 35) : 0.00443039843127074
(71, 70) : 0.004269441871845773
(71, 72) : 0.005293392866837694
(72, 71) : 0.005293392866837694
(72, 36) : 0.005136416379819658
(72, 37) : 0.004325226739029114
