(1, 2) : 0.005389752307980013
(1, 36) : 0.004773679206668731
(1, 37) : 0.004479999464087497
(2, 3) : 0.0052329554708429584
(2, 38) : 0.004474116178252829
(2, 1) : 0.005389752307980013
(3, 2) : 0.0052329554708429584
(3, 4) : 0.005028998453404761
(3, 39) : 0.004433319526357819
(4, 5) : 0.004719478386911252
(4, 40) : 0.004249409460209503
(4, 3) : 0.005028998453404761
(5, 4) : 0.004719478386911252
(5, 6) : 0.0050956340901502735
(5, 41) : 0.0038197021832357555
(6, 7) : 0.004408347385845716
(6, 42) : 0.004029911301938375
(6, 5) : 0.0050956340901502735
(7, 43) : 0.004508588792952525
(7, 6) : 0.004408347385845716
(7, 8) : 0.004052688633955121
(8, 7) : 0.004052688633955121
(8, 9) : 0.004421299454182405
(8, 44) : 0.004282366413298835
(9, 10) : 0.004209581628201496
(9, 45) : 0.004641715283292159
(9, 8) : 0.004421299454182406
(10, 9) : 0.004209581628201496
(10, 11) : 0.005383481876685576
(10, 46) : 0.005183824751283046
(11, 12) : 0.005229893310945098
(11, 47) : 0.005293497637793205
(11, 10) : 0.005383481876685576
(12, 11) : 0.005229893310945098
(12, 13) : 0.005926382295929994
(12, 48) : 0.004697241775146691
(13, 14) : 0.005032498260815414
(13, 49) : 0.004170856085156244
(13, 12) : 0.005926382295929994
(14, 13) : 0.005032498260815414
(14, 15) : 0.006357995287643946
(14, 50) : 0.004532058536373807
(15, 16) : 0.0057136926945065775
(15, 51) : 0.004801503604845589
(15, 14) : 0.006357995287643946
(16, 52) : 0.004389005056240819
(16, 15) : 0.0057136926945065775
(16, 17) : 0.0053814600722715015
(17, 16) : 0.0053814600722715015
(17, 18) : 0.004574662565053048
(17, 53) : 0.004573282520452352
(18, 54) : 0.0049643769127312
(18, 17) : 0.004574662565053048
(18, 19) : 0.00391727983128339
(19, 18) : 0.00391727983128339
(19, 20) : 0.005103969503095336
(19, 55) : 0.004613470995265659
(20, 56) : 0.0047773714659941156
(20, 19) : 0.005103969503095336
(20, 21) : 0.004921840848507873
(21, 20) : 0.004921840848507873
(21, 22) : 0.00451431780731647
(21, 57) : 0.004545726620219707
(22, 58) : 0.004236241955450476
(22, 21) : 0.00451431780731647
(22, 23) : 0.005333636431737
(23, 22) : 0.005333636431737
(23, 24) : 0.00389327683056826
(23, 59) : 0.005020460705524535
(24, 25) : 0.00432431809245251
(24, 60) : 0.004491250884636903
(24, 23) : 0.00389327683056826
(25, 61) : 0.0033995493195843793
(25, 24) : 0.00432431809245251
(25, 26) : 0.004640635529261256
(26, 27) : 0.004628224197160763
(26, 62) : 0.003855283685245856
(26, 25) : 0.004640635529261256
(27, 26) : 0.004628224197160763
(27, 28) : 0.004894576250915166
(27, 63) : 0.004251586037124958
(28, 29) : 0.004992003165655332
(28, 64) : 0.0037477360920560475
(28, 27) : 0.004894576250915166
(29, 65) : 0.0035495049223344373
(29, 28) : 0.004992003165655332
(29, 30) : 0.004866205181872627
(30, 31) : 0.004316802420297463
(30, 66) : 0.003999378628289548
(30, 29) : 0.004866205181872627
(31, 67) : 0.003824170609028929
(31, 30) : 0.004316802420297463
(31, 32) : 0.004087900946230942
(32, 31) : 0.004087900946230942
(32, 33) : 0.004547425055628509
(32, 68) : 0.0037565646024834685
(33, 34) : 0.0038894129564782743
(33, 69) : 0.0056525018729645625
(33, 32) : 0.004547425055628509
(34, 33) : 0.0038894129564782743
(34, 35) : 0.00398974994957911
(34, 70) : 0.005527396586132303
(35, 36) : 0.005079015234566503
(35, 71) : 0.004016458600014492
(35, 34) : 0.00398974994957911
(36, 1) : 0.004773679206668731
(36, 35) : 0.005079015234566503
(36, 72) : 0.004445890643138947
(37, 38) : 0.0041818068488896
(37, 72) : 0.004533143025557108
(37, 1) : 0.004479999464087497
(38, 2) : 0.004474116178252829
(38, 37) : 0.0041818068488896
(38, 39) : 0.004232876944980747
(39, 40) : 0.005303094394729001
(39, 3) : 0.004433319526357819
(39, 38) : 0.004232876944980747
(40, 4) : 0.004249409460209503
(40, 39) : 0.005303094394729001
(40, 41) : 0.004501169600628061
(41, 40) : 0.004501169600628061
(41, 42) : 0.00506095077608768
(41, 5) : 0.0038197021832357555
(42, 43) : 0.0038220334812650316
(42, 6) : 0.004029911301938375
(42, 41) : 0.00506095077608768
(43, 42) : 0.0038220334812650316
(43, 44) : 0.0038997582509468073
(43, 7) : 0.004508588792952525
(44, 45) : 0.004258037839134625
(44, 8) : 0.004282366413298835
(44, 43) : 0.0038997582509468073
(45, 9) : 0.004641715283292159
(45, 44) : 0.004258037839134625
(45, 46) : 0.005061961614845136
(46, 47) : 0.005201323546595183
(46, 10) : 0.005183824751283046
(46, 45) : 0.005061961614845136
(47, 11) : 0.005293497637793206
(47, 46) : 0.005201323546595183
(47, 48) : 0.005599041877770026
(48, 49) : 0.0044754650334319435
(48, 12) : 0.004697241775146691
(48, 47) : 0.005599041877770025
(49, 13) : 0.004170856085156244
(49, 48) : 0.0044754650334319435
(49, 50) : 0.004487653260201767
(50, 49) : 0.004487653260201767
(50, 51) : 0.004652217101914916
(50, 14) : 0.004532058536373807
(51, 15) : 0.004801503604845589
(51, 50) : 0.004652217101914916
(51, 52) : 0.004579628111468718
(52, 51) : 0.004579628111468718
(52, 53) : 0.004721667193006567
(52, 16) : 0.004389005056240819
(53, 17) : 0.004573282520452352
(53, 52) : 0.004721667193006567
(53, 54) : 0.003941255098300381
(54, 18) : 0.0049643769127312
(54, 53) : 0.003941255098300381
(54, 55) : 0.0043185172769197285
(55, 19) : 0.004613470995265659
(55, 54) : 0.0043185172769197285
(55, 56) : 0.005598653387036485
(56, 20) : 0.0047773714659941156
(56, 55) : 0.005598653387036483
(56, 57) : 0.004572281770126019
(57, 58) : 0.005272742976553734
(57, 21) : 0.004545726620219707
(57, 56) : 0.004572281770126019
(58, 22) : 0.004236241955450476
(58, 57) : 0.005272742976553734
(58, 59) : 0.005086261286496493
(59, 60) : 0.004188612471455087
(59, 23) : 0.005020460705524535
(59, 58) : 0.005086261286496493
(60, 24) : 0.004491250884636903
(60, 59) : 0.004188612471455087
(60, 61) : 0.0045057474775482805
(61, 62) : 0.005829710269101294
(61, 25) : 0.0033995493195843793
(61, 60) : 0.0045057474775482805
(62, 26) : 0.003855283685245856
(62, 61) : 0.005829710269101294
(62, 63) : 0.005111301127322634
(63, 62) : 0.005111301127322634
(63, 64) : 0.005547395538771745
(63, 27) : 0.004251586037124958
(64, 28) : 0.0037477360920560475
(64, 63) : 0.005547395538771745
(64, 65) : 0.005200305150824223
(65, 64) : 0.005200305150824223
(65, 66) : 0.004709153927922995
(65, 29) : 0.0035495049223344373
(66, 67) : 0.003987562072795378
(66, 30) : 0.003999378628289548
(66, 65) : 0.004709153927922995
(67, 31) : 0.003824170609028929
(67, 66) : 0.003987562072795378
(67, 68) : 0.004683032034557491
(68, 69) : 0.0045753261888231795
(68, 32) : 0.0037565646024834685
(68, 67) : 0.004683032034557491
(69, 33) : 0.005652501872964564
(69, 68) : 0.0045753261888231795
(69, 70) : 0.0038909392305002412
(70, 71) : 0.004523139912222511
(70, 34) : 0.005527396586132303
(70, 69) : 0.0038909392305002412
(71, 35) : 0.004016458600014492
(71, 70) : 0.004523139912222511
(71, 72) : 0.0037778425775311796
(72, 71) : 0.0037778425775311796
(72, 36) : 0.004445890643138947
(72, 37) : 0.0045331430255571075
