(1, 2) : 0.003940820967078099
(1, 36) : 0.0041247358257599015
(1, 37) : 0.003512902858055514
(2, 3) : 0.0040685142575771546
(2, 38) : 0.003989113821037499
(2, 1) : 0.003940820967078099
(3, 2) : 0.0040685142575771546
(3, 4) : 0.005152792882492711
(3, 39) : 0.005164119099788997
(4, 5) : 0.006896072567948297
(4, 40) : 0.005430645506360687
(4, 3) : 0.005152792882492711
(5, 4) : 0.006896072567948297
(5, 6) : 0.005165646053308087
(5, 41) : 0.005303776498741087
(6, 7) : 0.005771576917504511
(6, 42) : 0.0053590214747541755
(6, 5) : 0.005165646053308087
(7, 43) : 0.006282855699697405
(7, 6) : 0.005771576917504511
(7, 8) : 0.0048577453339554485
(8, 7) : 0.0048577453339554485
(8, 9) : 0.005277821696916319
(8, 44) : 0.004836287302883644
(9, 10) : 0.0032639101022235834
(9, 45) : 0.003858467176991848
(9, 8) : 0.005277821696916319
(10, 9) : 0.0032639101022235834
(10, 11) : 0.004524935388811351
(10, 46) : 0.004319321304321159
(11, 12) : 0.003784600572534932
(11, 47) : 0.0044571228482811615
(11, 10) : 0.004524935388811351
(12, 11) : 0.003784600572534932
(12, 13) : 0.003938859487772997
(12, 48) : 0.003980943596871044
(13, 14) : 0.0041146282872324014
(13, 49) : 0.003342908406099112
(13, 12) : 0.003938859487772997
(14, 13) : 0.0041146282872324014
(14, 15) : 0.004783774371705878
(14, 50) : 0.004120229167332695
(15, 16) : 0.005302962730937856
(15, 51) : 0.00433303019288704
(15, 14) : 0.004783774371705878
(16, 52) : 0.004427963694895885
(16, 15) : 0.005302962730937856
(16, 17) : 0.004143226368308339
(17, 16) : 0.004143226368308339
(17, 18) : 0.004888663821029255
(17, 53) : 0.004348684799659345
(18, 54) : 0.003534621667943265
(18, 17) : 0.004888663821029255
(18, 19) : 0.00580400951376629
(19, 18) : 0.00580400951376629
(19, 20) : 0.004573456442269586
(19, 55) : 0.004426292058004067
(20, 56) : 0.004844258674312301
(20, 19) : 0.004573456442269586
(20, 21) : 0.006319592099260211
(21, 20) : 0.006319592099260213
(21, 22) : 0.0054650114550121405
(21, 57) : 0.004714879370604312
(22, 58) : 0.005138940213345216
(22, 21) : 0.0054650114550121405
(22, 23) : 0.00495524885273848
(23, 22) : 0.00495524885273848
(23, 24) : 0.005812062542272832
(23, 59) : 0.00474976242242071
(24, 25) : 0.005966577753277615
(24, 60) : 0.005542218980530861
(24, 23) : 0.005812062542272832
(25, 61) : 0.005757520240230507
(25, 24) : 0.005966577753277613
(25, 26) : 0.0053413649355197185
(26, 27) : 0.005256864789853424
(26, 62) : 0.005220585151201288
(26, 25) : 0.0053413649355197185
(27, 26) : 0.005256864789853424
(27, 28) : 0.004697773915630864
(27, 63) : 0.004825165971957046
(28, 29) : 0.004529463013813149
(28, 64) : 0.004652465218217177
(28, 27) : 0.004697773915630864
(29, 65) : 0.005805744239437658
(29, 28) : 0.004529463013813148
(29, 30) : 0.004000594855177645
(30, 31) : 0.004034465243952893
(30, 66) : 0.005327267243994148
(30, 29) : 0.004000594855177645
(31, 67) : 0.003797430178073634
(31, 30) : 0.004034465243952893
(31, 32) : 0.003489690515669577
(32, 31) : 0.003489690515669577
(32, 33) : 0.0042645625892185615
(32, 68) : 0.0038715203978454877
(33, 34) : 0.004333495747225968
(33, 69) : 0.004705939116292264
(33, 32) : 0.0042645625892185615
(34, 33) : 0.004333495747225968
(34, 35) : 0.004224879569880244
(34, 70) : 0.003980934322747168
(35, 36) : 0.003851631038454458
(35, 71) : 0.003276243356281665
(35, 34) : 0.004224879569880244
(36, 1) : 0.0041247358257599015
(36, 35) : 0.003851631038454458
(36, 72) : 0.0036730960000335663
(37, 38) : 0.004459704445419913
(37, 72) : 0.004099285673555504
(37, 1) : 0.003512902858055514
(38, 2) : 0.003989113821037499
(38, 37) : 0.004459704445419913
(38, 39) : 0.0035591713993633916
(39, 40) : 0.006059961111686199
(39, 3) : 0.005164119099788997
(39, 38) : 0.0035591713993633916
(40, 4) : 0.005430645506360687
(40, 39) : 0.006059961111686199
(40, 41) : 0.0054876747320154046
(41, 40) : 0.0054876747320154046
(41, 42) : 0.005617715161285618
(41, 5) : 0.005303776498741087
(42, 43) : 0.004686402796046342
(42, 6) : 0.0053590214747541755
(42, 41) : 0.005617715161285618
(43, 42) : 0.004686402796046342
(43, 44) : 0.005135654850922246
(43, 7) : 0.006282855699697405
(44, 45) : 0.0050342006345530325
(44, 8) : 0.004836287302883644
(44, 43) : 0.005135654850922246
(45, 9) : 0.003858467176991848
(45, 44) : 0.0050342006345530325
(45, 46) : 0.0033916291862910062
(46, 47) : 0.004305908451299031
(46, 10) : 0.004319321304321159
(46, 45) : 0.0033916291862910062
(47, 11) : 0.0044571228482811615
(47, 46) : 0.004305908451299031
(47, 48) : 0.00391468761457853
(48, 49) : 0.0035011449794604297
(48, 12) : 0.003980943596871044
(48, 47) : 0.00391468761457853
(49, 13) : 0.003342908406099112
(49, 48) : 0.0035011449794604297
(49, 50) : 0.003458149425892337
(50, 49) : 0.003458149425892337
(50, 51) : 0.0047825576472193855
(50, 14) : 0.004120229167332695
(51, 15) : 0.00433303019288704
(51, 50) : 0.0047825576472193855
(51, 52) : 0.004723300456621273
(52, 51) : 0.004723300456621273
(52, 53) : 0.0039855607344061635
(52, 16) : 0.004427963694895885
(53, 17) : 0.004348684799659345
(53, 52) : 0.0039855607344061635
(53, 54) : 0.004889011575729877
(54, 18) : 0.003534621667943265
(54, 53) : 0.004889011575729877
(54, 55) : 0.0043033018902608085
(55, 19) : 0.004426292058004067
(55, 54) : 0.0043033018902608085
(55, 56) : 0.0038732840734787073
(56, 20) : 0.004844258674312301
(56, 55) : 0.0038732840734787073
(56, 57) : 0.005447972790791812
(57, 58) : 0.004752028967445241
(57, 21) : 0.004714879370604312
(57, 56) : 0.005447972790791812
(58, 22) : 0.005138940213345216
(58, 57) : 0.004752028967445241
(58, 59) : 0.00478673758971804
(59, 60) : 0.006540179320437934
(59, 23) : 0.00474976242242071
(59, 58) : 0.00478673758971804
(60, 24) : 0.005542218980530861
(60, 59) : 0.006540179320437936
(60, 61) : 0.0050346344212501785
(61, 62) : 0.0062861546927705245
(61, 25) : 0.005757520240230507
(61, 60) : 0.005034634421250179
(62, 26) : 0.005220585151201287
(62, 61) : 0.0062861546927705245
(62, 63) : 0.004423509144795585
(63, 62) : 0.004423509144795585
(63, 64) : 0.004644050541707829
(63, 27) : 0.004825165971957046
(64, 28) : 0.004652465218217177
(64, 63) : 0.004644050541707829
(64, 65) : 0.004020447440373997
(65, 64) : 0.004020447440373997
(65, 66) : 0.004535042657847003
(65, 29) : 0.005805744239437658
(66, 67) : 0.004072065397701485
(66, 30) : 0.005327267243994148
(66, 65) : 0.004535042657847003
(67, 31) : 0.003797430178073634
(67, 66) : 0.004072065397701485
(67, 68) : 0.00420837344714649
(68, 69) : 0.0039703176241197395
(68, 32) : 0.0038715203978454877
(68, 67) : 0.00420837344714649
(69, 33) : 0.004705939116292264
(69, 68) : 0.00397031762411974
(69, 70) : 0.004417327061450425
(70, 71) : 0.003989848483818015
(70, 34) : 0.003980934322747168
(70, 69) : 0.004417327061450425
(71, 35) : 0.003276243356281665
(71, 70) : 0.003989848483818015
(71, 72) : 0.003768692800318966
(72, 71) : 0.003768692800318966
(72, 36) : 0.0036730960000335663
(72, 37) : 0.004099285673555504
