(1, 2) : 0.004140453913824826
(1, 36) : 0.0048382647390899656
(1, 37) : 0.004247982935729022
(2, 3) : 0.003890506838320106
(2, 38) : 0.0045190944482941635
(2, 1) : 0.004140453913824826
(3, 2) : 0.003890506838320106
(3, 4) : 0.004784609196732225
(3, 39) : 0.003707130840795505
(4, 5) : 0.004088666421623268
(4, 40) : 0.004196461957945815
(4, 3) : 0.004784609196732225
(5, 4) : 0.004088666421623269
(5, 6) : 0.004941717954623458
(5, 41) : 0.005091591281504341
(6, 7) : 0.004734521420481525
(6, 42) : 0.004369175763169069
(6, 5) : 0.004941717954623458
(7, 43) : 0.003933612793482308
(7, 6) : 0.004734521420481525
(7, 8) : 0.004106025956228494
(8, 7) : 0.004106025956228494
(8, 9) : 0.004545476345879902
(8, 44) : 0.004127553465909178
(9, 10) : 0.0049040322910781885
(9, 45) : 0.004397749956945501
(9, 8) : 0.004545476345879902
(10, 9) : 0.0049040322910781885
(10, 11) : 0.004890912196463596
(10, 46) : 0.005146201295039659
(11, 12) : 0.005832047106031906
(11, 47) : 0.004886197867649181
(11, 10) : 0.004890912196463596
(12, 11) : 0.005832047106031906
(12, 13) : 0.004798584250890609
(12, 48) : 0.004972521055852516
(13, 14) : 0.0047450306687732416
(13, 49) : 0.005618621192381698
(13, 12) : 0.004798584250890609
(14, 13) : 0.0047450306687732416
(14, 15) : 0.005021081541717394
(14, 50) : 0.0052551583108496275
(15, 16) : 0.005820364413571069
(15, 51) : 0.005528776378382392
(15, 14) : 0.005021081541717394
(16, 52) : 0.0059430406454115325
(16, 15) : 0.005820364413571069
(16, 17) : 0.00566071093690192
(17, 16) : 0.00566071093690192
(17, 18) : 0.005481579047388624
(17, 53) : 0.005241361389855006
(18, 54) : 0.004899605342746696
(18, 17) : 0.005481579047388624
(18, 19) : 0.004102868104499756
(19, 18) : 0.004102868104499756
(19, 20) : 0.004422272015126826
(19, 55) : 0.00465034290542777
(20, 56) : 0.004265058761177166
(20, 19) : 0.004422272015126826
(20, 21) : 0.003944882745964158
(21, 20) : 0.003944882745964158
(21, 22) : 0.0038636187564302146
(21, 57) : 0.004123940941915337
(22, 58) : 0.003447707342410943
(22, 21) : 0.0038636187564302146
(22, 23) : 0.005471243173749376
(23, 22) : 0.005471243173749376
(23, 24) : 0.0045491382865726565
(23, 59) : 0.003701037335987157
(24, 25) : 0.005018582493780956
(24, 60) : 0.0037108532259543803
(24, 23) : 0.0045491382865726565
(25, 61) : 0.0038864174549121597
(25, 24) : 0.005018582493780956
(25, 26) : 0.004639944809991096
(26, 27) : 0.004142752576990231
(26, 62) : 0.004726612223238233
(26, 25) : 0.004639944809991096
(27, 26) : 0.004142752576990231
(27, 28) : 0.004641005546129047
(27, 63) : 0.004474932412410898
(28, 29) : 0.005016354289921553
(28, 64) : 0.004716346035244424
(28, 27) : 0.004641005546129047
(29, 65) : 0.005236338171702693
(29, 28) : 0.005016354289921553
(29, 30) : 0.004859109576460371
(30, 31) : 0.0049301913243564085
(30, 66) : 0.0045267672593371526
(30, 29) : 0.004859109576460371
(31, 67) : 0.0042977608915144416
(31, 30) : 0.0049301913243564085
(31, 32) : 0.004956086989057556
(32, 31) : 0.004956086989057556
(32, 33) : 0.005581617017273609
(32, 68) : 0.005103874717310808
(33, 34) : 0.005052985955847071
(33, 69) : 0.004483649027358216
(33, 32) : 0.005581617017273609
(34, 33) : 0.005052985955847071
(34, 35) : 0.0048149721230179385
(34, 70) : 0.0041361849840840965
(35, 36) : 0.0037140485768828346
(35, 71) : 0.004781102921551534
(35, 34) : 0.0048149721230179385
(36, 1) : 0.0048382647390899656
(36, 35) : 0.0037140485768828346
(36, 72) : 0.0043215012348773365
(37, 38) : 0.00394424035117965
(37, 72) : 0.004159998844655794
(37, 1) : 0.004247982935729022
(38, 2) : 0.0045190944482941635
(38, 37) : 0.00394424035117965
(38, 39) : 0.0038400323575694694
(39, 40) : 0.0044939030087818325
(39, 3) : 0.003707130840795505
(39, 38) : 0.0038400323575694694
(40, 4) : 0.004196461957945815
(40, 39) : 0.0044939030087818325
(40, 41) : 0.0038243430979279765
(41, 40) : 0.0038243430979279765
(41, 42) : 0.004155074219936807
(41, 5) : 0.005091591281504341
(42, 43) : 0.0043026171671838665
(42, 6) : 0.004369175763169069
(42, 41) : 0.004155074219936807
(43, 42) : 0.0043026171671838665
(43, 44) : 0.0033682692231844355
(43, 7) : 0.003933612793482308
(44, 45) : 0.0037916731997322045
(44, 8) : 0.004127553465909178
(44, 43) : 0.0033682692231844355
(45, 9) : 0.004397749956945501
(45, 44) : 0.0037916731997322045
(45, 46) : 0.0042413113189203825
(46, 47) : 0.00388301164192051
(46, 10) : 0.005146201295039659
(46, 45) : 0.0042413113189203825
(47, 11) : 0.004886197867649181
(47, 46) : 0.00388301164192051
(47, 48) : 0.005568225306045076
(48, 49) : 0.004496091914094697
(48, 12) : 0.004972521055852517
(48, 47) : 0.005568225306045076
(49, 13) : 0.005618621192381698
(49, 48) : 0.004496091914094697
(49, 50) : 0.00486594887109965
(50, 49) : 0.00486594887109965
(50, 51) : 0.005292370881679206
(50, 14) : 0.0052551583108496275
(51, 15) : 0.005528776378382392
(51, 50) : 0.005292370881679206
(51, 52) : 0.005922067382118641
(52, 51) : 0.005922067382118641
(52, 53) : 0.005479627750275007
(52, 16) : 0.0059430406454115325
(53, 17) : 0.005241361389855006
(53, 52) : 0.005479627750275007
(53, 54) : 0.005097919180049607
(54, 18) : 0.004899605342746696
(54, 53) : 0.005097919180049607
(54, 55) : 0.003991769761675581
(55, 19) : 0.00465034290542777
(55, 54) : 0.003991769761675581
(55, 56) : 0.004461771258106628
(56, 20) : 0.004265058761177166
(56, 55) : 0.004461771258106628
(56, 57) : 0.003838009740933388
(57, 58) : 0.004230288451080143
(57, 21) : 0.004123940941915337
(57, 56) : 0.003838009740933388
(58, 22) : 0.003447707342410943
(58, 57) : 0.004230288451080143
(58, 59) : 0.0047837820632795035
(59, 60) : 0.00456055097682448
(59, 23) : 0.003701037335987157
(59, 58) : 0.0047837820632795035
(60, 24) : 0.0037108532259543803
(60, 59) : 0.00456055097682448
(60, 61) : 0.005266291456332716
(61, 62) : 0.004687493170493683
(61, 25) : 0.0038864174549121597
(61, 60) : 0.005266291456332716
(62, 26) : 0.004726612223238233
(62, 61) : 0.004687493170493683
(62, 63) : 0.004532709591184922
(63, 62) : 0.004532709591184922
(63, 64) : 0.005305783690899376
(63, 27) : 0.004474932412410898
(64, 28) : 0.004716346035244424
(64, 63) : 0.005305783690899376
(64, 65) : 0.0048351037926565605
(65, 64) : 0.0048351037926565605
(65, 66) : 0.005009431221583115
(65, 29) : 0.005236338171702693
(66, 67) : 0.004124807590302462
(66, 30) : 0.0045267672593371526
(66, 65) : 0.005009431221583115
(67, 31) : 0.0042977608915144416
(67, 66) : 0.004124807590302462
(67, 68) : 0.004958625178657622
(68, 69) : 0.005097753160330796
(68, 32) : 0.005103874717310808
(68, 67) : 0.004958625178657622
(69, 33) : 0.004483649027358216
(69, 68) : 0.005097753160330796
(69, 70) : 0.005895295259788652
(70, 71) : 0.00447489376236545
(70, 34) : 0.0041361849840840965
(70, 69) : 0.005895295259788652
(71, 35) : 0.004781102921551534
(71, 70) : 0.00447489376236545
(71, 72) : 0.0036003897871205153
(72, 71) : 0.0036003897871205153
(72, 36) : 0.0043215012348773365
(72, 37) : 0.004159998844655794
