(1, 2) : 0.0032787333161829104
(1, 36) : 0.004453176499353967
(1, 37) : 0.005152021940050862
(2, 3) : 0.003986504819713881
(2, 38) : 0.0049421925224377205
(2, 1) : 0.0032787333161829104
(3, 2) : 0.003986504819713881
(3, 4) : 0.004175417119366635
(3, 39) : 0.004680135099791235
(4, 5) : 0.004604802637245352
(4, 40) : 0.00491968414393305
(4, 3) : 0.004175417119366635
(5, 4) : 0.004604802637245352
(5, 6) : 0.004056146335452232
(5, 41) : 0.004775458087975865
(6, 7) : 0.0043362778232708355
(6, 42) : 0.0050698938748013405
(6, 5) : 0.004056146335452232
(7, 43) : 0.004716411205931436
(7, 6) : 0.0043362778232708355
(7, 8) : 0.004927027610785989
(8, 7) : 0.004927027610785989
(8, 9) : 0.005299385627301506
(8, 44) : 0.004341179261443249
(9, 10) : 0.005073982336385905
(9, 45) : 0.00481422467341702
(9, 8) : 0.005299385627301505
(10, 9) : 0.005073982336385905
(10, 11) : 0.0053268806972134935
(10, 46) : 0.005106891055109516
(11, 12) : 0.0040493456600780445
(11, 47) : 0.005261982895870176
(11, 10) : 0.0053268806972134935
(12, 11) : 0.0040493456600780445
(12, 13) : 0.003830690046711617
(12, 48) : 0.005033672505310144
(13, 14) : 0.004264308642233197
(13, 49) : 0.004614991888944656
(13, 12) : 0.003830690046711617
(14, 13) : 0.004264308642233197
(14, 15) : 0.0051198273965795986
(14, 50) : 0.004305454748447467
(15, 16) : 0.0035934755954957803
(15, 51) : 0.005038314606153522
(15, 14) : 0.0051198273965795986
(16, 52) : 0.004521553765849415
(16, 15) : 0.0035934755954957803
(16, 17) : 0.006043170841368262
(17, 16) : 0.006043170841368262
(17, 18) : 0.004481804623914376
(17, 53) : 0.004016080637443996
(18, 54) : 0.005268632365734933
(18, 17) : 0.004481804623914376
(18, 19) : 0.005451839266585842
(19, 18) : 0.005451839266585842
(19, 20) : 0.0049068392341419876
(19, 55) : 0.004707935008224921
(20, 56) : 0.0045460269023176875
(20, 19) : 0.0049068392341419876
(20, 21) : 0.0037290174858635545
(21, 20) : 0.0037290174858635545
(21, 22) : 0.004764407942373089
(21, 57) : 0.0047044637019863335
(22, 58) : 0.004588830828384212
(22, 21) : 0.004764407942373089
(22, 23) : 0.004584302465823799
(23, 22) : 0.004584302465823799
(23, 24) : 0.0058116902024931485
(23, 59) : 0.0048722266300686
(24, 25) : 0.0049096260379720485
(24, 60) : 0.004722485958908787
(24, 23) : 0.0058116902024931485
(25, 61) : 0.004024857763385498
(25, 24) : 0.0049096260379720485
(25, 26) : 0.004105938032350785
(26, 27) : 0.0036497089072213772
(26, 62) : 0.003535122183468478
(26, 25) : 0.004105938032350785
(27, 26) : 0.0036497089072213772
(27, 28) : 0.0039095220191162645
(27, 63) : 0.0045558824978718096
(28, 29) : 0.004986111521072628
(28, 64) : 0.004925445075121373
(28, 27) : 0.0039095220191162645
(29, 65) : 0.004467576847628826
(29, 28) : 0.004986111521072628
(29, 30) : 0.00524817562130549
(30, 31) : 0.0046421185089565355
(30, 66) : 0.00525997353579369
(30, 29) : 0.00524817562130549
(31, 67) : 0.005137032848388089
(31, 30) : 0.0046421185089565355
(31, 32) : 0.004787881005030259
(32, 31) : 0.004787881005030259
(32, 33) : 0.004002179292345374
(32, 68) : 0.004146741414169164
(33, 34) : 0.004571255100959686
(33, 69) : 0.00378244177120439
(33, 32) : 0.004002179292345374
(34, 33) : 0.004571255100959686
(34, 35) : 0.004353691365220562
(34, 70) : 0.004188299880746279
(35, 36) : 0.004863330512932807
(35, 71) : 0.004565426713551362
(35, 34) : 0.004353691365220562
(36, 1) : 0.004453176499353967
(36, 35) : 0.004863330512932807
(36, 72) : 0.004523164494558703
(37, 38) : 0.004243880380919517
(37, 72) : 0.0045188830954461575
(37, 1) : 0.005152021940050862
(38, 2) : 0.0049421925224377205
(38, 37) : 0.004243880380919517
(38, 39) : 0.005317490440893096
(39, 40) : 0.005096131482669945
(39, 3) : 0.004680135099791235
(39, 38) : 0.005317490440893096
(40, 4) : 0.004919684143933049
(40, 39) : 0.005096131482669945
(40, 41) : 0.005154496164844445
(41, 40) : 0.005154496164844445
(41, 42) : 0.004447868054930661
(41, 5) : 0.004775458087975864
(42, 43) : 0.0033190480631286267
(42, 6) : 0.0050698938748013405
(42, 41) : 0.004447868054930661
(43, 42) : 0.0033190480631286267
(43, 44) : 0.004536164507175101
(43, 7) : 0.004716411205931436
(44, 45) : 0.004330733200089548
(44, 8) : 0.004341179261443249
(44, 43) : 0.004536164507175101
(45, 9) : 0.00481422467341702
(45, 44) : 0.004330733200089548
(45, 46) : 0.00476601047178569
(46, 47) : 0.006025639441385542
(46, 10) : 0.005106891055109516
(46, 45) : 0.00476601047178569
(47, 11) : 0.005261982895870176
(47, 46) : 0.006025639441385542
(47, 48) : 0.005430025123762866
(48, 49) : 0.004928263040368032
(48, 12) : 0.005033672505310144
(48, 47) : 0.005430025123762866
(49, 13) : 0.004614991888944656
(49, 48) : 0.004928263040368032
(49, 50) : 0.005115626678597426
(50, 49) : 0.005115626678597426
(50, 51) : 0.00534392205355869
(50, 14) : 0.004305454748447467
(51, 15) : 0.005038314606153522
(51, 50) : 0.00534392205355869
(51, 52) : 0.003452340976922046
(52, 51) : 0.003452340976922046
(52, 53) : 0.004905681400177794
(52, 16) : 0.004521553765849415
(53, 17) : 0.004016080637443997
(53, 52) : 0.004905681400177794
(53, 54) : 0.005026959800701555
(54, 18) : 0.005268632365734933
(54, 53) : 0.005026959800701555
(54, 55) : 0.004419080376342265
(55, 19) : 0.004707935008224921
(55, 54) : 0.004419080376342265
(55, 56) : 0.004808905781756994
(56, 20) : 0.0045460269023176875
(56, 55) : 0.004808905781756994
(56, 57) : 0.0038804183872948555
(57, 58) : 0.003692647422202767
(57, 21) : 0.0047044637019863335
(57, 56) : 0.0038804183872948555
(58, 22) : 0.004588830828384212
(58, 57) : 0.003692647422202767
(58, 59) : 0.004395262645446737
(59, 60) : 0.004572219148327699
(59, 23) : 0.004872226630068601
(59, 58) : 0.004395262645446737
(60, 24) : 0.004722485958908787
(60, 59) : 0.004572219148327699
(60, 61) : 0.004957610688435875
(61, 62) : 0.0037368033068203885
(61, 25) : 0.004024857763385498
(61, 60) : 0.004957610688435875
(62, 26) : 0.003535122183468478
(62, 61) : 0.0037368033068203885
(62, 63) : 0.004302054171959837
(63, 62) : 0.004302054171959837
(63, 64) : 0.00405984353274919
(63, 27) : 0.0045558824978718096
(64, 28) : 0.004925445075121373
(64, 63) : 0.00405984353274919
(64, 65) : 0.006473142549262664
(65, 64) : 0.006473142549262664
(65, 66) : 0.005963520228409275
(65, 29) : 0.004467576847628826
(66, 67) : 0.004967987277114746
(66, 30) : 0.005259973535793691
(66, 65) : 0.005963520228409275
(67, 31) : 0.005137032848388089
(67, 66) : 0.004967987277114746
(67, 68) : 0.004872767650553502
(68, 69) : 0.003915002203063085
(68, 32) : 0.004146741414169164
(68, 67) : 0.004872767650553502
(69, 33) : 0.00378244177120439
(69, 68) : 0.003915002203063085
(69, 70) : 0.0036925679553155458
(70, 71) : 0.0045484935537356466
(70, 34) : 0.004188299880746279
(70, 69) : 0.0036925679553155458
(71, 35) : 0.004565426713551362
(71, 70) : 0.0045484935537356466
(71, 72) : 0.004771207259009621
(72, 71) : 0.004771207259009621
(72, 36) : 0.004523164494558703
(72, 37) : 0.0045188830954461575
