(1, 2) : 0.004040056894710457
(1, 36) : 0.0049085660692979845
(1, 37) : 0.004540726309760588
(2, 3) : 0.004522028540791499
(2, 38) : 0.004589630638954703
(2, 1) : 0.004040056894710457
(3, 2) : 0.004522028540791499
(3, 4) : 0.0036148351677952545
(3, 39) : 0.004524084162650658
(4, 5) : 0.0037551910996104086
(4, 40) : 0.003835282372321928
(4, 3) : 0.0036148351677952545
(5, 4) : 0.0037551910996104086
(5, 6) : 0.004765302041881344
(5, 41) : 0.003932172067283531
(6, 7) : 0.004492963971492991
(6, 42) : 0.00549430753601562
(6, 5) : 0.004765302041881344
(7, 43) : 0.005947014258132448
(7, 6) : 0.004492963971492991
(7, 8) : 0.005314165645322776
(8, 7) : 0.005314165645322776
(8, 9) : 0.004009195874923
(8, 44) : 0.005473530130438712
(9, 10) : 0.004044984333835135
(9, 45) : 0.0041442145716951906
(9, 8) : 0.004009195874923
(10, 9) : 0.004044984333835135
(10, 11) : 0.0035601961830536003
(10, 46) : 0.0033317177496821272
(11, 12) : 0.003544613071998083
(11, 47) : 0.004124698704567718
(11, 10) : 0.0035601961830536003
(12, 11) : 0.003544613071998083
(12, 13) : 0.0036952028207484565
(12, 48) : 0.004260675064110396
(13, 14) : 0.0037126798110420594
(13, 49) : 0.004331247847390147
(13, 12) : 0.0036952028207484565
(14, 13) : 0.0037126798110420594
(14, 15) : 0.004738540817045702
(14, 50) : 0.004491437879238012
(15, 16) : 0.005567779794945787
(15, 51) : 0.004882963011336343
(15, 14) : 0.004738540817045702
(16, 52) : 0.004692560704913961
(16, 15) : 0.005567779794945787
(16, 17) : 0.0056762556907792765
(17, 16) : 0.005676255690779277
(17, 18) : 0.003894367787952765
(17, 53) : 0.004274036064098989
(18, 54) : 0.004289687436196496
(18, 17) : 0.003894367787952765
(18, 19) : 0.004177473082513929
(19, 18) : 0.004177473082513929
(19, 20) : 0.004377150315585449
(19, 55) : 0.003872341348712998
(20, 56) : 0.004381441440099335
(20, 19) : 0.004377150315585449
(20, 21) : 0.0047796876439867375
(21, 20) : 0.0047796876439867375
(21, 22) : 0.004654480102584938
(21, 57) : 0.00419973322752001
(22, 58) : 0.003581437422977077
(22, 21) : 0.004654480102584938
(22, 23) : 0.003839437149623919
(23, 22) : 0.003839437149623919
(23, 24) : 0.00444901241286701
(23, 59) : 0.003932263442027506
(24, 25) : 0.003537206986555262
(24, 60) : 0.00404257824828184
(24, 23) : 0.00444901241286701
(25, 61) : 0.004274536997164273
(25, 24) : 0.003537206986555262
(25, 26) : 0.0038840417847242677
(26, 27) : 0.00360239325377072
(26, 62) : 0.004548703137487794
(26, 25) : 0.0038840417847242677
(27, 26) : 0.00360239325377072
(27, 28) : 0.0041526305406080245
(27, 63) : 0.005483136259033978
(28, 29) : 0.004893032836741604
(28, 64) : 0.005487058904040493
(28, 27) : 0.0041526305406080245
(29, 65) : 0.004754661047189628
(29, 28) : 0.004893032836741604
(29, 30) : 0.004603807236751732
(30, 31) : 0.005044666100153406
(30, 66) : 0.005915801631417458
(30, 29) : 0.004603807236751732
(31, 67) : 0.0059432367058550855
(31, 30) : 0.005044666100153406
(31, 32) : 0.006026891324162519
(32, 31) : 0.006026891324162519
(32, 33) : 0.004971664263636645
(32, 68) : 0.005765858611466689
(33, 34) : 0.005358306978386449
(33, 69) : 0.005700323789809109
(33, 32) : 0.004971664263636645
(34, 33) : 0.005358306978386449
(34, 35) : 0.005265539110977863
(34, 70) : 0.004528593722894124
(35, 36) : 0.004923754534815416
(35, 71) : 0.004918171733250223
(35, 34) : 0.005265539110977863
(36, 1) : 0.0049085660692979845
(36, 35) : 0.004923754534815416
(36, 72) : 0.004919253089533184
(37, 38) : 0.00525293631554821
(37, 72) : 0.004888846937829819
(37, 1) : 0.004540726309760588
(38, 2) : 0.004589630638954703
(38, 37) : 0.00525293631554821
(38, 39) : 0.005454000749236216
(39, 40) : 0.004294970199641868
(39, 3) : 0.004524084162650658
(39, 38) : 0.005454000749236216
(40, 4) : 0.003835282372321928
(40, 39) : 0.004294970199641868
(40, 41) : 0.005134465024031853
(41, 40) : 0.005134465024031853
(41, 42) : 0.005088416127551551
(41, 5) : 0.003932172067283531
(42, 43) : 0.005860599555939146
(42, 6) : 0.00549430753601562
(42, 41) : 0.005088416127551551
(43, 42) : 0.005860599555939146
(43, 44) : 0.00554811202540945
(43, 7) : 0.005947014258132448
(44, 45) : 0.004504502924019895
(44, 8) : 0.00547353013043871
(44, 43) : 0.00554811202540945
(45, 9) : 0.0041442145716951906
(45, 44) : 0.004504502924019895
(45, 46) : 0.003724790068581162
(46, 47) : 0.0043470167970985985
(46, 10) : 0.0033317177496821272
(46, 45) : 0.003724790068581161
(47, 11) : 0.004124698704567718
(47, 46) : 0.0043470167970985985
(47, 48) : 0.003752061214833726
(48, 49) : 0.005621152455372985
(48, 12) : 0.004260675064110396
(48, 47) : 0.003752061214833726
(49, 13) : 0.004331247847390147
(49, 48) : 0.005621152455372985
(49, 50) : 0.004743967625350585
(50, 49) : 0.004743967625350585
(50, 51) : 0.005370068994900763
(50, 14) : 0.004491437879238012
(51, 15) : 0.004882963011336343
(51, 50) : 0.005370068994900763
(51, 52) : 0.00602994109739149
(52, 51) : 0.00602994109739149
(52, 53) : 0.0049569369283460375
(52, 16) : 0.004692560704913961
(53, 17) : 0.004274036064098989
(53, 52) : 0.0049569369283460375
(53, 54) : 0.00367851801037008
(54, 18) : 0.004289687436196496
(54, 53) : 0.00367851801037008
(54, 55) : 0.0036967622541882656
(55, 19) : 0.003872341348712998
(55, 54) : 0.0036967622541882656
(55, 56) : 0.0046046048353650245
(56, 20) : 0.004381441440099335
(56, 55) : 0.0046046048353650245
(56, 57) : 0.004238887737182755
(57, 58) : 0.004499796943778122
(57, 21) : 0.00419973322752001
(57, 56) : 0.004238887737182755
(58, 22) : 0.003581437422977077
(58, 57) : 0.004499796943778122
(58, 59) : 0.004163142444021551
(59, 60) : 0.003981110950935815
(59, 23) : 0.003932263442027506
(59, 58) : 0.004163142444021551
(60, 24) : 0.00404257824828184
(60, 59) : 0.003981110950935815
(60, 61) : 0.004694060068309852
(61, 62) : 0.003460141309475958
(61, 25) : 0.004274536997164273
(61, 60) : 0.004694060068309852
(62, 26) : 0.004548703137487794
(62, 61) : 0.003460141309475958
(62, 63) : 0.005252300981099371
(63, 62) : 0.005252300981099371
(63, 64) : 0.004667048060734265
(63, 27) : 0.005483136259033978
(64, 28) : 0.005487058904040493
(64, 63) : 0.004667048060734265
(64, 65) : 0.004994548904898968
(65, 64) : 0.004994548904898968
(65, 66) : 0.005853758027646187
(65, 29) : 0.004754661047189628
(66, 67) : 0.004365492508436307
(66, 30) : 0.005915801631417458
(66, 65) : 0.005853758027646187
(67, 31) : 0.0059432367058550855
(67, 66) : 0.004365492508436307
(67, 68) : 0.005805105982581386
(68, 69) : 0.004777996690831528
(68, 32) : 0.005765858611466689
(68, 67) : 0.0058051059825813866
(69, 33) : 0.005700323789809109
(69, 68) : 0.004777996690831528
(69, 70) : 0.004920149917121795
(70, 71) : 0.004683777579615627
(70, 34) : 0.004528593722894124
(70, 69) : 0.004920149917121795
(71, 35) : 0.004918171733250223
(71, 70) : 0.004683777579615627
(71, 72) : 0.005282793209102589
(72, 71) : 0.005282793209102589
(72, 36) : 0.004919253089533184
(72, 37) : 0.0048888469378298195
