(1, 2) : 0.005785501301342393
(1, 36) : 0.0034606547514838878
(1, 37) : 0.005455884090438335
(2, 3) : 0.0036421502227094865
(2, 38) : 0.005598502883140459
(2, 1) : 0.005785501301342394
(3, 2) : 0.0036421502227094865
(3, 4) : 0.004566144117613903
(3, 39) : 0.005114118943373954
(4, 5) : 0.004386423164973654
(4, 40) : 0.0037252029720570372
(4, 3) : 0.004566144117613903
(5, 4) : 0.004386423164973654
(5, 6) : 0.004820059151744814
(5, 41) : 0.004683511045925331
(6, 7) : 0.004079742061774711
(6, 42) : 0.005258038207975
(6, 5) : 0.004820059151744814
(7, 43) : 0.005366013675880238
(7, 6) : 0.004079742061774711
(7, 8) : 0.005091562674715524
(8, 7) : 0.005091562674715524
(8, 9) : 0.004538873439292468
(8, 44) : 0.004914765317718014
(9, 10) : 0.004828022762076926
(9, 45) : 0.0038444372446866026
(9, 8) : 0.004538873439292468
(10, 9) : 0.004828022762076926
(10, 11) : 0.004189601274904981
(10, 46) : 0.003714441704453295
(11, 12) : 0.005359150131754264
(11, 47) : 0.00482120005951711
(11, 10) : 0.004189601274904981
(12, 11) : 0.005359150131754264
(12, 13) : 0.005149274737190914
(12, 48) : 0.006215744064887436
(13, 14) : 0.005715544256908977
(13, 49) : 0.005877984155033784
(13, 12) : 0.005149274737190914
(14, 13) : 0.005715544256908977
(14, 15) : 0.0045888750247578165
(14, 50) : 0.004414452626757051
(15, 16) : 0.0046411481874515815
(15, 51) : 0.004441489516723383
(15, 14) : 0.0045888750247578165
(16, 52) : 0.004665274944765941
(16, 15) : 0.0046411481874515815
(16, 17) : 0.004963410649788073
(17, 16) : 0.004963410649788074
(17, 18) : 0.00403047093589704
(17, 53) : 0.004342436256548281
(18, 54) : 0.004322158249418773
(18, 17) : 0.00403047093589704
(18, 19) : 0.004086723337912315
(19, 18) : 0.004086723337912315
(19, 20) : 0.005039665470841816
(19, 55) : 0.004568807062603305
(20, 56) : 0.005243081146025014
(20, 19) : 0.005039665470841816
(20, 21) : 0.0038747625627505453
(21, 20) : 0.0038747625627505453
(21, 22) : 0.004324906938607203
(21, 57) : 0.005098051219597111
(22, 58) : 0.004251979647011398
(22, 21) : 0.004324906938607203
(22, 23) : 0.0038835347815649396
(23, 22) : 0.0038835347815649396
(23, 24) : 0.004481028828826424
(23, 59) : 0.0046604317809573635
(24, 25) : 0.0043170803409002855
(24, 60) : 0.005128160664589198
(24, 23) : 0.004481028828826424
(25, 61) : 0.005397937085259886
(25, 24) : 0.0043170803409002855
(25, 26) : 0.004107771034599819
(26, 27) : 0.00388544549556112
(26, 62) : 0.005599341765088954
(26, 25) : 0.004107771034599819
(27, 26) : 0.00388544549556112
(27, 28) : 0.0049290100515250925
(27, 63) : 0.00456929697300522
(28, 29) : 0.00537032303338588
(28, 64) : 0.0038186366354284198
(28, 27) : 0.0049290100515250925
(29, 65) : 0.004909123484692353
(29, 28) : 0.00537032303338588
(29, 30) : 0.0036574274329553708
(30, 31) : 0.00471500263635985
(30, 66) : 0.0051258390317788834
(30, 29) : 0.0036574274329553708
(31, 67) : 0.004360792220330495
(31, 30) : 0.00471500263635985
(31, 32) : 0.0036725821428791904
(32, 31) : 0.0036725821428791904
(32, 33) : 0.004488432595143065
(32, 68) : 0.00428780283701425
(33, 34) : 0.004214618555650438
(33, 69) : 0.004929128788843885
(33, 32) : 0.004488432595143065
(34, 33) : 0.004214618555650438
(34, 35) : 0.004573477712658
(34, 70) : 0.005547463216460048
(35, 36) : 0.005770060348751621
(35, 71) : 0.005211788517424345
(35, 34) : 0.004573477712658
(36, 1) : 0.0034606547514838878
(36, 35) : 0.005770060348751621
(36, 72) : 0.005969776798784792
(37, 38) : 0.004478532255202207
(37, 72) : 0.004642353125627902
(37, 1) : 0.005455884090438335
(38, 2) : 0.005598502883140459
(38, 37) : 0.004478532255202207
(38, 39) : 0.0040041808771928275
(39, 40) : 0.004117863308799257
(39, 3) : 0.005114118943373954
(39, 38) : 0.0040041808771928275
(40, 4) : 0.0037252029720570372
(40, 39) : 0.004117863308799257
(40, 41) : 0.00419819749659197
(41, 40) : 0.00419819749659197
(41, 42) : 0.0036603414783601394
(41, 5) : 0.004683511045925331
(42, 43) : 0.004610656845102166
(42, 6) : 0.005258038207975
(42, 41) : 0.0036603414783601394
(43, 42) : 0.004610656845102166
(43, 44) : 0.0038804346874086225
(43, 7) : 0.005366013675880238
(44, 45) : 0.004939689842165382
(44, 8) : 0.004914765317718014
(44, 43) : 0.0038804346874086225
(45, 9) : 0.0038444372446866026
(45, 44) : 0.004939689842165382
(45, 46) : 0.00420573210124951
(46, 47) : 0.004574784787551327
(46, 10) : 0.003714441704453295
(46, 45) : 0.00420573210124951
(47, 11) : 0.00482120005951711
(47, 46) : 0.004574784787551328
(47, 48) : 0.004021988353950715
(48, 49) : 0.006082424922303499
(48, 12) : 0.006215744064887436
(48, 47) : 0.004021988353950715
(49, 13) : 0.005877984155033784
(49, 48) : 0.006082424922303499
(49, 50) : 0.004459567980634857
(50, 49) : 0.004459567980634857
(50, 51) : 0.0050683243233596706
(50, 14) : 0.004414452626757051
(51, 15) : 0.004441489516723383
(51, 50) : 0.0050683243233596706
(51, 52) : 0.004393790720061711
(52, 51) : 0.004393790720061711
(52, 53) : 0.004298853306296386
(52, 16) : 0.004665274944765941
(53, 17) : 0.004342436256548281
(53, 52) : 0.004298853306296386
(53, 54) : 0.003561946638935023
(54, 18) : 0.004322158249418773
(54, 53) : 0.003561946638935023
(54, 55) : 0.0040242487887357774
(55, 19) : 0.004568807062603305
(55, 54) : 0.0040242487887357774
(55, 56) : 0.004181915998323261
(56, 20) : 0.005243081146025014
(56, 55) : 0.004181915998323261
(56, 57) : 0.00491710826002849
(57, 58) : 0.004139791447967845
(57, 21) : 0.005098051219597111
(57, 56) : 0.00491710826002849
(58, 22) : 0.004251979647011398
(58, 57) : 0.004139791447967845
(58, 59) : 0.005203885470042205
(59, 60) : 0.004792681229139926
(59, 23) : 0.0046604317809573635
(59, 58) : 0.005203885470042205
(60, 24) : 0.005128160664589198
(60, 59) : 0.004792681229139926
(60, 61) : 0.006166581351203041
(61, 62) : 0.004114130848020578
(61, 25) : 0.005397937085259886
(61, 60) : 0.006166581351203041
(62, 26) : 0.005599341765088954
(62, 61) : 0.004114130848020578
(62, 63) : 0.004527690798268255
(63, 62) : 0.004527690798268255
(63, 64) : 0.004868764449221364
(63, 27) : 0.00456929697300522
(64, 28) : 0.0038186366354284198
(64, 63) : 0.004868764449221364
(64, 65) : 0.005441136968684846
(65, 64) : 0.005441136968684846
(65, 66) : 0.004131986748996461
(65, 29) : 0.004909123484692353
(66, 67) : 0.00427626891705334
(66, 30) : 0.0051258390317788834
(66, 65) : 0.004131986748996461
(67, 31) : 0.004360792220330495
(67, 66) : 0.00427626891705334
(67, 68) : 0.0035845890787109375
(68, 69) : 0.004157475461075876
(68, 32) : 0.00428780283701425
(68, 67) : 0.0035845890787109375
(69, 33) : 0.004929128788843885
(69, 68) : 0.004157475461075876
(69, 70) : 0.0036364631571729647
(70, 71) : 0.005477461403331096
(70, 34) : 0.005547463216460048
(70, 69) : 0.0036364631571729647
(71, 35) : 0.005211788517424345
(71, 70) : 0.005477461403331096
(71, 72) : 0.004476599591781799
(72, 71) : 0.004476599591781799
(72, 36) : 0.005969776798784792
(72, 37) : 0.004642353125627902
