(1, 2) : 0.004477044576586065
(1, 36) : 0.005256823930209449
(1, 37) : 0.004523945939816137
(2, 3) : 0.004154300823368268
(2, 38) : 0.006168273889562541
(2, 1) : 0.004477044576586065
(3, 2) : 0.004154300823368268
(3, 4) : 0.006445137485106401
(3, 39) : 0.005004438253464459
(4, 5) : 0.0047436388855457865
(4, 40) : 0.005641297232226494
(4, 3) : 0.006445137485106401
(5, 4) : 0.0047436388855457865
(5, 6) : 0.006519993667509521
(5, 41) : 0.0056448598709186735
(6, 7) : 0.0054698132792646795
(6, 42) : 0.00390666959881596
(6, 5) : 0.006519993667509521
(7, 43) : 0.004728461849526318
(7, 6) : 0.0054698132792646795
(7, 8) : 0.004307596078964039
(8, 7) : 0.004307596078964039
(8, 9) : 0.004450899249988191
(8, 44) : 0.0049771344455707325
(9, 10) : 0.00493761064475297
(9, 45) : 0.0036544125299284654
(9, 8) : 0.004450899249988191
(10, 9) : 0.00493761064475297
(10, 11) : 0.0040187655688133945
(10, 46) : 0.003464082571795756
(11, 12) : 0.004482965684653381
(11, 47) : 0.003563736955976377
(11, 10) : 0.0040187655688133945
(12, 11) : 0.004482965684653381
(12, 13) : 0.003861018175657194
(12, 48) : 0.004514661719412498
(13, 14) : 0.0041207849370703984
(13, 49) : 0.004765513179937213
(13, 12) : 0.003861018175657194
(14, 13) : 0.004120784937070398
(14, 15) : 0.0040239398031205725
(14, 50) : 0.0038826156554428466
(15, 16) : 0.0037305183946655038
(15, 51) : 0.004636854417926603
(15, 14) : 0.0040239398031205725
(16, 52) : 0.004489404084542387
(16, 15) : 0.0037305183946655038
(16, 17) : 0.005376720651445348
(17, 16) : 0.005376720651445348
(17, 18) : 0.003521511215066731
(17, 53) : 0.005407794170980082
(18, 54) : 0.005342924502317914
(18, 17) : 0.003521511215066731
(18, 19) : 0.005720697234802274
(19, 18) : 0.005720697234802274
(19, 20) : 0.0043580966254060894
(19, 55) : 0.004891309607901971
(20, 56) : 0.005520387700958837
(20, 19) : 0.0043580966254060894
(20, 21) : 0.004754004012226487
(21, 20) : 0.004754004012226487
(21, 22) : 0.004771944254050944
(21, 57) : 0.004867663928129886
(22, 58) : 0.004718481238223584
(22, 21) : 0.004771944254050944
(22, 23) : 0.00591033403554497
(23, 22) : 0.00591033403554497
(23, 24) : 0.0047880296282062276
(23, 59) : 0.004831097561856182
(24, 25) : 0.0057578730082875704
(24, 60) : 0.00412194423770192
(24, 23) : 0.0047880296282062276
(25, 61) : 0.0032995392716098425
(25, 24) : 0.0057578730082875704
(25, 26) : 0.0055842349583699975
(26, 27) : 0.00523228832029098
(26, 62) : 0.0049221637914107315
(26, 25) : 0.0055842349583699975
(27, 26) : 0.00523228832029098
(27, 28) : 0.005029953102282429
(27, 63) : 0.005616871393188971
(28, 29) : 0.0041809151097472975
(28, 64) : 0.005108044086657198
(28, 27) : 0.005029953102282429
(29, 65) : 0.005315621983156286
(29, 28) : 0.0041809151097472975
(29, 30) : 0.0038545705285756657
(30, 31) : 0.004088272260455078
(30, 66) : 0.00434056239813101
(30, 29) : 0.0038545705285756657
(31, 67) : 0.004107666399900834
(31, 30) : 0.004088272260455078
(31, 32) : 0.0036796016559978097
(32, 31) : 0.0036796016559978097
(32, 33) : 0.0034852622517481057
(32, 68) : 0.004328960836103395
(33, 34) : 0.004635128669316141
(33, 69) : 0.0035133918938370424
(33, 32) : 0.0034852622517481057
(34, 33) : 0.004635128669316141
(34, 35) : 0.004317868857210205
(34, 70) : 0.004179572014010652
(35, 36) : 0.004669911848564419
(35, 71) : 0.004953223957690204
(35, 34) : 0.004317868857210205
(36, 1) : 0.005256823930209449
(36, 35) : 0.004669911848564419
(36, 72) : 0.0037640967225541977
(37, 38) : 0.004582288661098446
(37, 72) : 0.00528466473276149
(37, 1) : 0.004523945939816137
(38, 2) : 0.00616827388956254
(38, 37) : 0.004582288661098446
(38, 39) : 0.004094909390438214
(39, 40) : 0.005607301023983175
(39, 3) : 0.005004438253464459
(39, 38) : 0.004094909390438214
(40, 4) : 0.005641297232226494
(40, 39) : 0.005607301023983175
(40, 41) : 0.0048888051312095645
(41, 40) : 0.0048888051312095645
(41, 42) : 0.004974395882042975
(41, 5) : 0.005644859870918672
(42, 43) : 0.005769497671952527
(42, 6) : 0.00390666959881596
(42, 41) : 0.004974395882042975
(43, 42) : 0.005769497671952527
(43, 44) : 0.00370291543340392
(43, 7) : 0.004728461849526318
(44, 45) : 0.0046651277999015285
(44, 8) : 0.0049771344455707325
(44, 43) : 0.00370291543340392
(45, 9) : 0.0036544125299284654
(45, 44) : 0.0046651277999015285
(45, 46) : 0.005181616885463582
(46, 47) : 0.0039860646178976715
(46, 10) : 0.003464082571795756
(46, 45) : 0.005181616885463582
(47, 11) : 0.003563736955976377
(47, 46) : 0.0039860646178976715
(47, 48) : 0.00482162121245002
(48, 49) : 0.0034838468896423685
(48, 12) : 0.004514661719412498
(48, 47) : 0.00482162121245002
(49, 13) : 0.004765513179937213
(49, 48) : 0.0034838468896423685
(49, 50) : 0.004495597173103479
(50, 49) : 0.004495597173103478
(50, 51) : 0.004211921474709866
(50, 14) : 0.0038826156554428466
(51, 15) : 0.004636854417926603
(51, 50) : 0.004211921474709865
(51, 52) : 0.004578362476349717
(52, 51) : 0.004578362476349717
(52, 53) : 0.005357495878282052
(52, 16) : 0.004489404084542387
(53, 17) : 0.005407794170980082
(53, 52) : 0.005357495878282052
(53, 54) : 0.0035472521365441743
(54, 18) : 0.005342924502317914
(54, 53) : 0.0035472521365441743
(54, 55) : 0.004761744771564522
(55, 19) : 0.004891309607901971
(55, 54) : 0.0047617447715645215
(55, 56) : 0.004155699742901415
(56, 20) : 0.005520387700958837
(56, 55) : 0.004155699742901415
(56, 57) : 0.00460723527961083
(57, 58) : 0.004555577692698438
(57, 21) : 0.004867663928129886
(57, 56) : 0.00460723527961083
(58, 22) : 0.004718481238223584
(58, 57) : 0.004555577692698438
(58, 59) : 0.005197898413143745
(59, 60) : 0.004383320529803027
(59, 23) : 0.004831097561856182
(59, 58) : 0.005197898413143745
(60, 24) : 0.004121944237701921
(60, 59) : 0.004383320529803027
(60, 61) : 0.004686004808738942
(61, 62) : 0.005562752996846429
(61, 25) : 0.0032995392716098425
(61, 60) : 0.004686004808738942
(62, 26) : 0.0049221637914107315
(62, 61) : 0.005562752996846429
(62, 63) : 0.004795531772062026
(63, 62) : 0.004795531772062026
(63, 64) : 0.0053935854022752455
(63, 27) : 0.005616871393188971
(64, 28) : 0.005108044086657198
(64, 63) : 0.0053935854022752455
(64, 65) : 0.0041934170415131805
(65, 64) : 0.0041934170415131805
(65, 66) : 0.0044618943838339266
(65, 29) : 0.005315621983156284
(66, 67) : 0.004600114108481367
(66, 30) : 0.00434056239813101
(66, 65) : 0.0044618943838339266
(67, 31) : 0.004107666399900834
(67, 66) : 0.004600114108481367
(67, 68) : 0.003520931728869409
(68, 69) : 0.0037604585364378173
(68, 32) : 0.004328960836103395
(68, 67) : 0.003520931728869409
(69, 33) : 0.0035133918938370424
(69, 68) : 0.0037604585364378173
(69, 70) : 0.0038354768377004186
(70, 71) : 0.004465021562452809
(70, 34) : 0.004179572014010652
(70, 69) : 0.0038354768377004186
(71, 35) : 0.004953223957690204
(71, 70) : 0.004465021562452809
(71, 72) : 0.004393900615776899
(72, 71) : 0.004393900615776899
(72, 36) : 0.0037640967225541977
(72, 37) : 0.00528466473276149
