(1, 2) : 0.005341922935186957
(1, 36) : 0.0049347644635023245
(1, 37) : 0.004161587136286259
(2, 3) : 0.0059036528142612675
(2, 38) : 0.0048718835818792085
(2, 1) : 0.005341922935186957
(3, 2) : 0.0059036528142612675
(3, 4) : 0.005492758580637011
(3, 39) : 0.0055948883512617195
(4, 5) : 0.005038188078661769
(4, 40) : 0.004628368020122388
(4, 3) : 0.005492758580637011
(5, 4) : 0.005038188078661769
(5, 6) : 0.003782505471717811
(5, 41) : 0.003973307039910941
(6, 7) : 0.003655274890833564
(6, 42) : 0.003950824366946598
(6, 5) : 0.003782505471717811
(7, 43) : 0.003444556196098704
(7, 6) : 0.003655274890833564
(7, 8) : 0.0032164283374410303
(8, 7) : 0.0032164283374410303
(8, 9) : 0.004165383604979425
(8, 44) : 0.0037313532085151368
(9, 10) : 0.0044290873086389486
(9, 45) : 0.004430923342031047
(9, 8) : 0.004165383604979425
(10, 9) : 0.0044290873086389486
(10, 11) : 0.005976882510305193
(10, 46) : 0.004779320402265389
(11, 12) : 0.005966124430536573
(11, 47) : 0.005616394795592736
(11, 10) : 0.005976882510305193
(12, 11) : 0.005966124430536573
(12, 13) : 0.006062813212666181
(12, 48) : 0.005194642478108356
(13, 14) : 0.004186756476208861
(13, 49) : 0.004158644093595155
(13, 12) : 0.006062813212666181
(14, 13) : 0.004186756476208861
(14, 15) : 0.004874356258992629
(14, 50) : 0.003871695656459477
(15, 16) : 0.0049536069520529045
(15, 51) : 0.0041647212491546445
(15, 14) : 0.00487435625899263
(16, 52) : 0.004961023801270908
(16, 15) : 0.0049536069520529045
(16, 17) : 0.005301382206359554
(17, 16) : 0.005301382206359554
(17, 18) : 0.004507016880789125
(17, 53) : 0.005597776610996637
(18, 54) : 0.005358291592140843
(18, 17) : 0.004507016880789125
(18, 19) : 0.005286215621810875
(19, 18) : 0.005286215621810875
(19, 20) : 0.004282981519535656
(19, 55) : 0.005179196168733192
(20, 56) : 0.00433242979140515
(20, 19) : 0.004282981519535656
(20, 21) : 0.004258339450567036
(21, 20) : 0.004258339450567036
(21, 22) : 0.0034065178616980714
(21, 57) : 0.003986465187307964
(22, 58) : 0.004154641025350728
(22, 21) : 0.0034065178616980714
(22, 23) : 0.0044816441446267905
(23, 22) : 0.0044816441446267905
(23, 24) : 0.004060118856341702
(23, 59) : 0.003986947400606481
(24, 25) : 0.004700405741778817
(24, 60) : 0.004854984791205398
(24, 23) : 0.004060118856341702
(25, 61) : 0.004955244584820814
(25, 24) : 0.004700405741778817
(25, 26) : 0.0037628726947428475
(26, 27) : 0.004379679016756312
(26, 62) : 0.00460168880440869
(26, 25) : 0.0037628726947428475
(27, 26) : 0.004379679016756312
(27, 28) : 0.003686755817528232
(27, 63) : 0.0044842709803087745
(28, 29) : 0.004903339362444806
(28, 64) : 0.0038238143454996406
(28, 27) : 0.003686755817528232
(29, 65) : 0.0033717415521156324
(29, 28) : 0.004903339362444806
(29, 30) : 0.004231680973122745
(30, 31) : 0.003935384367964022
(30, 66) : 0.004426389624294784
(30, 29) : 0.004231680973122745
(31, 67) : 0.004899904150056381
(31, 30) : 0.003935384367964022
(31, 32) : 0.005582133204195021
(32, 31) : 0.005582133204195021
(32, 33) : 0.004694599287262538
(32, 68) : 0.004656789870630308
(33, 34) : 0.005246864003578262
(33, 69) : 0.004694169771850861
(33, 32) : 0.004694599287262538
(34, 33) : 0.005246864003578262
(34, 35) : 0.005242644612936453
(34, 70) : 0.004426822955842171
(35, 36) : 0.005257586144538492
(35, 71) : 0.004346556727262756
(35, 34) : 0.005242644612936453
(36, 1) : 0.0049347644635023245
(36, 35) : 0.005257586144538492
(36, 72) : 0.004192904497158372
(37, 38) : 0.004565677186406592
(37, 72) : 0.004318831678256778
(37, 1) : 0.004161587136286259
(38, 2) : 0.0048718835818792085
(38, 37) : 0.004565677186406592
(38, 39) : 0.004365441306289666
(39, 40) : 0.005686693034583945
(39, 3) : 0.005594888351261718
(39, 38) : 0.004365441306289666
(40, 4) : 0.004628368020122388
(40, 39) : 0.005686693034583943
(40, 41) : 0.004865920621591664
(41, 40) : 0.004865920621591664
(41, 42) : 0.004336348829146075
(41, 5) : 0.003973307039910941
(42, 43) : 0.004161141487234819
(42, 6) : 0.003950824366946598
(42, 41) : 0.004336348829146075
(43, 42) : 0.004161141487234819
(43, 44) : 0.004011046448391066
(43, 7) : 0.003444556196098704
(44, 45) : 0.003710137938795773
(44, 8) : 0.0037313532085151368
(44, 43) : 0.004011046448391066
(45, 9) : 0.004430923342031047
(45, 44) : 0.003710137938795773
(45, 46) : 0.0051770261130695576
(46, 47) : 0.005685321645347758
(46, 10) : 0.004779320402265389
(46, 45) : 0.0051770261130695576
(47, 11) : 0.005616394795592736
(47, 46) : 0.005685321645347758
(47, 48) : 0.006386956642949112
(48, 49) : 0.005969048551198255
(48, 12) : 0.005194642478108356
(48, 47) : 0.006386956642949112
(49, 13) : 0.004158644093595155
(49, 48) : 0.005969048551198255
(49, 50) : 0.004732801541481759
(50, 49) : 0.004732801541481759
(50, 51) : 0.004470254510758308
(50, 14) : 0.003871695656459477
(51, 15) : 0.0041647212491546445
(51, 50) : 0.004470254510758308
(51, 52) : 0.006162797194285796
(52, 51) : 0.006162797194285796
(52, 53) : 0.005556461079494432
(52, 16) : 0.004961023801270908
(53, 17) : 0.005597776610996636
(53, 52) : 0.005556461079494432
(53, 54) : 0.0057495886616143
(54, 18) : 0.005358291592140843
(54, 53) : 0.0057495886616143
(54, 55) : 0.005675953242033543
(55, 19) : 0.005179196168733192
(55, 54) : 0.005675953242033543
(55, 56) : 0.004651764082292508
(56, 20) : 0.004332429791405149
(56, 55) : 0.004651764082292508
(56, 57) : 0.004767842160759729
(57, 58) : 0.003261870572193508
(57, 21) : 0.003986465187307964
(57, 56) : 0.004767842160759729
(58, 22) : 0.004154641025350728
(58, 57) : 0.003261870572193508
(58, 59) : 0.004198678815849504
(59, 60) : 0.004275693732901637
(59, 23) : 0.003986947400606481
(59, 58) : 0.004198678815849504
(60, 24) : 0.004854984791205398
(60, 59) : 0.004275693732901637
(60, 61) : 0.0037236568139771414
(61, 62) : 0.004880538347787946
(61, 25) : 0.004955244584820814
(61, 60) : 0.0037236568139771414
(62, 26) : 0.00460168880440869
(62, 61) : 0.004880538347787946
(62, 63) : 0.003383711603101873
(63, 62) : 0.003383711603101873
(63, 64) : 0.004321856555565948
(63, 27) : 0.0044842709803087745
(64, 28) : 0.0038238143454996406
(64, 63) : 0.004321856555565948
(64, 65) : 0.004097583938863183
(65, 64) : 0.004097583938863183
(65, 66) : 0.004146675079545563
(65, 29) : 0.0033717415521156324
(66, 67) : 0.004319460326627103
(66, 30) : 0.004426389624294783
(66, 65) : 0.004146675079545563
(67, 31) : 0.004899904150056381
(67, 66) : 0.004319460326627103
(67, 68) : 0.005531087636162956
(68, 69) : 0.004602381487391826
(68, 32) : 0.004656789870630308
(68, 67) : 0.005531087636162956
(69, 33) : 0.004694169771850861
(69, 68) : 0.004602381487391826
(69, 70) : 0.004645259835975075
(70, 71) : 0.004489948750791953
(70, 34) : 0.004426822955842171
(70, 69) : 0.004645259835975075
(71, 35) : 0.004346556727262756
(71, 70) : 0.004489948750791953
(71, 72) : 0.004060710300589425
(72, 71) : 0.004060710300589425
(72, 36) : 0.004192904497158372
(72, 37) : 0.0043188316782567775
