(1, 2) : 0.004411525917814755
(1, 36) : 0.004434093176651596
(1, 37) : 0.004776240066763278
(2, 3) : 0.004979857664972689
(2, 38) : 0.004826191258388547
(2, 1) : 0.004411525917814755
(3, 2) : 0.004979857664972689
(3, 4) : 0.006640833533219772
(3, 39) : 0.005011647951885108
(4, 5) : 0.005598914170676207
(4, 40) : 0.004863257575010322
(4, 3) : 0.006640833533219772
(5, 4) : 0.005598914170676207
(5, 6) : 0.004406708311161474
(5, 41) : 0.004425867822814192
(6, 7) : 0.0042875130010528685
(6, 42) : 0.004212677945712935
(6, 5) : 0.004406708311161474
(7, 43) : 0.004233608152304668
(7, 6) : 0.0042875130010528685
(7, 8) : 0.004330231385764381
(8, 7) : 0.004330231385764381
(8, 9) : 0.004204682782757342
(8, 44) : 0.004227839962951396
(9, 10) : 0.004738315343828308
(9, 45) : 0.0039287189324994825
(9, 8) : 0.004204682782757342
(10, 9) : 0.004738315343828308
(10, 11) : 0.004762956749134896
(10, 46) : 0.004563454924159238
(11, 12) : 0.0047592664845342815
(11, 47) : 0.0062038324284215424
(11, 10) : 0.004762956749134896
(12, 11) : 0.0047592664845342815
(12, 13) : 0.005061781797736027
(12, 48) : 0.005814276900439082
(13, 14) : 0.004114209529109809
(13, 49) : 0.004508332581418831
(13, 12) : 0.005061781797736027
(14, 13) : 0.004114209529109809
(14, 15) : 0.004018796590832093
(14, 50) : 0.004583317203217048
(15, 16) : 0.004482394996329075
(15, 51) : 0.003969062862459947
(15, 14) : 0.004018796590832093
(16, 52) : 0.003639370749876423
(16, 15) : 0.004482394996329075
(16, 17) : 0.004281011740812341
(17, 16) : 0.004281011740812341
(17, 18) : 0.003668014774016679
(17, 53) : 0.004685411980633085
(18, 54) : 0.004902109589792656
(18, 17) : 0.003668014774016679
(18, 19) : 0.004106813726743862
(19, 18) : 0.004106813726743862
(19, 20) : 0.00395339115965042
(19, 55) : 0.0041438961787217225
(20, 56) : 0.003744925932939633
(20, 19) : 0.00395339115965042
(20, 21) : 0.00437713644347274
(21, 20) : 0.00437713644347274
(21, 22) : 0.0040400911775280044
(21, 57) : 0.004024868466971499
(22, 58) : 0.004145872065955422
(22, 21) : 0.0040400911775280044
(22, 23) : 0.004007919062897948
(23, 22) : 0.004007919062897948
(23, 24) : 0.005443420697483936
(23, 59) : 0.004168004195399237
(24, 25) : 0.005334382648311093
(24, 60) : 0.0061616071949867676
(24, 23) : 0.005443420697483938
(25, 61) : 0.0055736836698099795
(25, 24) : 0.005334382648311093
(25, 26) : 0.006152333720020548
(26, 27) : 0.005119609043882504
(26, 62) : 0.004330771954175669
(26, 25) : 0.006152333720020548
(27, 26) : 0.005119609043882504
(27, 28) : 0.004698722754945316
(27, 63) : 0.0045520069590201965
(28, 29) : 0.004390187959644673
(28, 64) : 0.004570301111742589
(28, 27) : 0.004698722754945316
(29, 65) : 0.005100967712573876
(29, 28) : 0.004390187959644673
(29, 30) : 0.005535436270524904
(30, 31) : 0.005092985015072458
(30, 66) : 0.004955900485921891
(30, 29) : 0.005535436270524904
(31, 67) : 0.005066776349202188
(31, 30) : 0.005092985015072458
(31, 32) : 0.004992927431513498
(32, 31) : 0.004992927431513498
(32, 33) : 0.004660514625466629
(32, 68) : 0.004506735041776776
(33, 34) : 0.004275845776713405
(33, 69) : 0.004070102869388232
(33, 32) : 0.004660514625466629
(34, 33) : 0.004275845776713405
(34, 35) : 0.0035282164214368128
(34, 70) : 0.004342616648020331
(35, 36) : 0.004952163325237075
(35, 71) : 0.003960814982557369
(35, 34) : 0.0035282164214368128
(36, 1) : 0.004434093176651596
(36, 35) : 0.004952163325237075
(36, 72) : 0.0042440566765620125
(37, 38) : 0.0036421836615168407
(37, 72) : 0.005055809988106633
(37, 1) : 0.004776240066763278
(38, 2) : 0.004826191258388547
(38, 37) : 0.0036421836615168407
(38, 39) : 0.00512540561921682
(39, 40) : 0.005380689399528719
(39, 3) : 0.005011647951885108
(39, 38) : 0.00512540561921682
(40, 4) : 0.004863257575010322
(40, 39) : 0.005380689399528719
(40, 41) : 0.00532975271251036
(41, 40) : 0.00532975271251036
(41, 42) : 0.004293627743232428
(41, 5) : 0.004425867822814192
(42, 43) : 0.004338440365551128
(42, 6) : 0.004212677945712935
(42, 41) : 0.004293627743232428
(43, 42) : 0.004338440365551128
(43, 44) : 0.004184558847533972
(43, 7) : 0.004233608152304668
(44, 45) : 0.004233581682346809
(44, 8) : 0.004227839962951396
(44, 43) : 0.004184558847533972
(45, 9) : 0.0039287189324994825
(45, 44) : 0.004233581682346809
(45, 46) : 0.004064285807511828
(46, 47) : 0.004903313220098814
(46, 10) : 0.004563454924159238
(46, 45) : 0.004064285807511828
(47, 11) : 0.006203832428421542
(47, 46) : 0.004903313220098814
(47, 48) : 0.00436839332746753
(48, 49) : 0.004666621752684676
(48, 12) : 0.005814276900439082
(48, 47) : 0.00436839332746753
(49, 13) : 0.004508332581418831
(49, 48) : 0.004666621752684676
(49, 50) : 0.003886285901001559
(50, 49) : 0.003886285901001559
(50, 51) : 0.0035657593569524758
(50, 14) : 0.004583317203217048
(51, 15) : 0.003969062862459947
(51, 50) : 0.0035657593569524758
(51, 52) : 0.004561318261772154
(52, 51) : 0.004561318261772154
(52, 53) : 0.004043207660335497
(52, 16) : 0.003639370749876423
(53, 17) : 0.004685411980633086
(53, 52) : 0.004043207660335497
(53, 54) : 0.0040489997979222675
(54, 18) : 0.004902109589792656
(54, 53) : 0.0040489997979222675
(54, 55) : 0.004203837686069339
(55, 19) : 0.0041438961787217225
(55, 54) : 0.004203837686069339
(55, 56) : 0.0036717172294585586
(56, 20) : 0.003744925932939633
(56, 55) : 0.0036717172294585586
(56, 57) : 0.004130683946192931
(57, 58) : 0.004160872682468618
(57, 21) : 0.004024868466971499
(57, 56) : 0.004130683946192931
(58, 22) : 0.004145872065955422
(58, 57) : 0.004160872682468618
(58, 59) : 0.0040554409222773756
(59, 60) : 0.006255285733700996
(59, 23) : 0.004168004195399237
(59, 58) : 0.0040554409222773756
(60, 24) : 0.0061616071949867676
(60, 59) : 0.006255285733700996
(60, 61) : 0.005858545706361656
(61, 62) : 0.007237777663585329
(61, 25) : 0.0055736836698099795
(61, 60) : 0.005858545706361656
(62, 26) : 0.004330771954175669
(62, 61) : 0.007237777663585329
(62, 63) : 0.004400185291530396
(63, 62) : 0.004400185291530396
(63, 64) : 0.005294862927322523
(63, 27) : 0.0045520069590201965
(64, 28) : 0.004570301111742589
(64, 63) : 0.005294862927322523
(64, 65) : 0.004965281745606578
(65, 64) : 0.004965281745606578
(65, 66) : 0.0046397291712559335
(65, 29) : 0.005100967712573876
(66, 67) : 0.005799055556659924
(66, 30) : 0.004955900485921891
(66, 65) : 0.0046397291712559335
(67, 31) : 0.005066776349202188
(67, 66) : 0.005799055556659924
(67, 68) : 0.0044354560399898334
(68, 69) : 0.005198005819399726
(68, 32) : 0.004506735041776776
(68, 67) : 0.0044354560399898334
(69, 33) : 0.004070102869388232
(69, 68) : 0.005198005819399726
(69, 70) : 0.004080308292231564
(70, 71) : 0.004626557402636619
(70, 34) : 0.004342616648020331
(70, 69) : 0.004080308292231564
(71, 35) : 0.003960814982557369
(71, 70) : 0.004626557402636619
(71, 72) : 0.004411828482537626
(72, 71) : 0.004411828482537626
(72, 36) : 0.0042440566765620125
(72, 37) : 0.005055809988106633
