(1, 2) : 0.005829044169265406
(1, 36) : 0.005288558961065045
(1, 37) : 0.005080597062536151
(2, 3) : 0.005715345256192884
(2, 38) : 0.00466037870653355
(2, 1) : 0.005829044169265406
(3, 2) : 0.005715345256192884
(3, 4) : 0.004955402187066769
(3, 39) : 0.0037124579593795217
(4, 5) : 0.004620386660207219
(4, 40) : 0.00388880264928016
(4, 3) : 0.004955402187066769
(5, 4) : 0.004620386660207219
(5, 6) : 0.003789742526009894
(5, 41) : 0.0050039672043710876
(6, 7) : 0.004844284844997535
(6, 42) : 0.004953664554460405
(6, 5) : 0.003789742526009894
(7, 43) : 0.004748686578224035
(7, 6) : 0.004844284844997535
(7, 8) : 0.004686880069152265
(8, 7) : 0.004686880069152265
(8, 9) : 0.003729751569621267
(8, 44) : 0.0055847730724637576
(9, 10) : 0.00609528626226441
(9, 45) : 0.005209247669948717
(9, 8) : 0.003729751569621267
(10, 9) : 0.00609528626226441
(10, 11) : 0.005481652143238558
(10, 46) : 0.00521869481002508
(11, 12) : 0.007444543977563933
(11, 47) : 0.00592613166267876
(11, 10) : 0.005481652143238558
(12, 11) : 0.007444543977563933
(12, 13) : 0.004336466508312926
(12, 48) : 0.005037902142758238
(13, 14) : 0.004517303200273317
(13, 49) : 0.003694828596310041
(13, 12) : 0.004336466508312926
(14, 13) : 0.004517303200273317
(14, 15) : 0.00446482972085322
(14, 50) : 0.004382242363185834
(15, 16) : 0.004623209008860617
(15, 51) : 0.004481488761803258
(15, 14) : 0.00446482972085322
(16, 52) : 0.004284728876112706
(16, 15) : 0.004623209008860617
(16, 17) : 0.0035413225911229787
(17, 16) : 0.0035413225911229787
(17, 18) : 0.003727589936603737
(17, 53) : 0.004648503758706461
(18, 54) : 0.004213712182799532
(18, 17) : 0.003727589936603737
(18, 19) : 0.004510082906371415
(19, 18) : 0.004510082906371415
(19, 20) : 0.004617955489872772
(19, 55) : 0.005234312446341375
(20, 56) : 0.005202346149075519
(20, 19) : 0.004617955489872772
(20, 21) : 0.00426992958040131
(21, 20) : 0.00426992958040131
(21, 22) : 0.0037578030104441083
(21, 57) : 0.0047326548950689185
(22, 58) : 0.00454664345307512
(22, 21) : 0.0037578030104441083
(22, 23) : 0.004184503119695186
(23, 22) : 0.004184503119695186
(23, 24) : 0.00457640417950651
(23, 59) : 0.004721961051632217
(24, 25) : 0.004010254454308034
(24, 60) : 0.005921907485716329
(24, 23) : 0.00457640417950651
(25, 61) : 0.004760170249504111
(25, 24) : 0.004010254454308034
(25, 26) : 0.005173479240642098
(26, 27) : 0.004230594909256158
(26, 62) : 0.003824412468667433
(26, 25) : 0.005173479240642098
(27, 26) : 0.004230594909256158
(27, 28) : 0.004719413483366174
(27, 63) : 0.004095299214169768
(28, 29) : 0.004204536941667852
(28, 64) : 0.004565943361754186
(28, 27) : 0.004719413483366174
(29, 65) : 0.004849556226304597
(29, 28) : 0.004204536941667852
(29, 30) : 0.005082869358957254
(30, 31) : 0.006304414159736787
(30, 66) : 0.004223016846312324
(30, 29) : 0.005082869358957254
(31, 67) : 0.004650988694363676
(31, 30) : 0.006304414159736787
(31, 32) : 0.004406387071145471
(32, 31) : 0.004406387071145471
(32, 33) : 0.00506405692165088
(32, 68) : 0.00435782244646216
(33, 34) : 0.003718710334426073
(33, 69) : 0.004046972447934519
(33, 32) : 0.00506405692165088
(34, 33) : 0.003718710334426073
(34, 35) : 0.004426490297234038
(34, 70) : 0.004017300076146292
(35, 36) : 0.0045126916928280685
(35, 71) : 0.004257647413831159
(35, 34) : 0.004426490297234037
(36, 1) : 0.005288558961065045
(36, 35) : 0.0045126916928280685
(36, 72) : 0.005028581790778532
(37, 38) : 0.00445768404528038
(37, 72) : 0.004007615166793463
(37, 1) : 0.005080597062536151
(38, 2) : 0.00466037870653355
(38, 37) : 0.00445768404528038
(38, 39) : 0.005301283100372254
(39, 40) : 0.005083547797951382
(39, 3) : 0.0037124579593795217
(39, 38) : 0.005301283100372254
(40, 4) : 0.00388880264928016
(40, 39) : 0.005083547797951382
(40, 41) : 0.004018211973255232
(41, 40) : 0.004018211973255232
(41, 42) : 0.004145033005364505
(41, 5) : 0.0050039672043710876
(42, 43) : 0.004167665613458522
(42, 6) : 0.004953664554460405
(42, 41) : 0.004145033005364505
(43, 42) : 0.004167665613458522
(43, 44) : 0.004323584879616592
(43, 7) : 0.004748686578224035
(44, 45) : 0.0042168739225081735
(44, 8) : 0.0055847730724637576
(44, 43) : 0.004323584879616592
(45, 9) : 0.005209247669948717
(45, 44) : 0.004216873922508173
(45, 46) : 0.004416852132992103
(46, 47) : 0.005812555219984067
(46, 10) : 0.00521869481002508
(46, 45) : 0.004416852132992103
(47, 11) : 0.005926131662678761
(47, 46) : 0.005812555219984067
(47, 48) : 0.005085956235077739
(48, 49) : 0.004251614772839851
(48, 12) : 0.005037902142758238
(48, 47) : 0.005085956235077739
(49, 13) : 0.003694828596310041
(49, 48) : 0.004251614772839851
(49, 50) : 0.0051803613013351535
(50, 49) : 0.0051803613013351535
(50, 51) : 0.004514717252103302
(50, 14) : 0.004382242363185834
(51, 15) : 0.004481488761803258
(51, 50) : 0.004514717252103302
(51, 52) : 0.005854071240066299
(52, 51) : 0.005854071240066299
(52, 53) : 0.003556347190203127
(52, 16) : 0.004284728876112706
(53, 17) : 0.004648503758706461
(53, 52) : 0.003556347190203127
(53, 54) : 0.004216306359174086
(54, 18) : 0.004213712182799532
(54, 53) : 0.004216306359174086
(54, 55) : 0.0045854310763030846
(55, 19) : 0.005234312446341375
(55, 54) : 0.004585431076303084
(55, 56) : 0.00456836503388311
(56, 20) : 0.005202346149075519
(56, 55) : 0.00456836503388311
(56, 57) : 0.004549589690898
(57, 58) : 0.003623162410270842
(57, 21) : 0.0047326548950689185
(57, 56) : 0.004549589690898
(58, 22) : 0.00454664345307512
(58, 57) : 0.003623162410270842
(58, 59) : 0.004875369950189896
(59, 60) : 0.005244985358992134
(59, 23) : 0.004721961051632217
(59, 58) : 0.004875369950189896
(60, 24) : 0.005921907485716329
(60, 59) : 0.005244985358992134
(60, 61) : 0.004703178711732443
(61, 62) : 0.00533789023948479
(61, 25) : 0.004760170249504111
(61, 60) : 0.004703178711732442
(62, 26) : 0.003824412468667433
(62, 61) : 0.00533789023948479
(62, 63) : 0.004340035294222121
(63, 62) : 0.004340035294222121
(63, 64) : 0.0041733538729517
(63, 27) : 0.004095299214169768
(64, 28) : 0.004565943361754186
(64, 63) : 0.0041733538729517
(64, 65) : 0.003861244743385216
(65, 64) : 0.003861244743385216
(65, 66) : 0.004439421742950556
(65, 29) : 0.004849556226304597
(66, 67) : 0.004901982730974698
(66, 30) : 0.004223016846312324
(66, 65) : 0.004439421742950556
(67, 31) : 0.004650988694363676
(67, 66) : 0.004901982730974698
(67, 68) : 0.004712707723482447
(68, 69) : 0.004612054509161295
(68, 32) : 0.00435782244646216
(68, 67) : 0.004712707723482447
(69, 33) : 0.004046972447934518
(69, 68) : 0.004612054509161295
(69, 70) : 0.003691277448957979
(70, 71) : 0.004364477610419502
(70, 34) : 0.004017300076146292
(70, 69) : 0.003691277448957979
(71, 35) : 0.004257647413831159
(71, 70) : 0.004364477610419502
(71, 72) : 0.0035746685704661917
(72, 71) : 0.0035746685704661917
(72, 36) : 0.005028581790778532
(72, 37) : 0.004007615166793463
