(1, 2) : 0.003393710487893955
(1, 36) : 0.005049890403025482
(1, 37) : 0.004930138635795525
(2, 3) : 0.004303625241983633
(2, 38) : 0.004901233119996922
(2, 1) : 0.003393710487893955
(3, 2) : 0.004303625241983633
(3, 4) : 0.003937798311743151
(3, 39) : 0.0034368174819401163
(4, 5) : 0.0038765168086522203
(4, 40) : 0.004026552082155895
(4, 3) : 0.003937798311743151
(5, 4) : 0.0038765168086522203
(5, 6) : 0.005494778614642648
(5, 41) : 0.0040086099369959285
(6, 7) : 0.0041868872612908755
(6, 42) : 0.004118090342909924
(6, 5) : 0.005494778614642648
(7, 43) : 0.004910698040209966
(7, 6) : 0.0041868872612908755
(7, 8) : 0.004461738449788033
(8, 7) : 0.004461738449788033
(8, 9) : 0.00502646477528156
(8, 44) : 0.004740470014817202
(9, 10) : 0.004661378718049809
(9, 45) : 0.004599468975448627
(9, 8) : 0.00502646477528156
(10, 9) : 0.004661378718049809
(10, 11) : 0.00576252719345038
(10, 46) : 0.004815627452963742
(11, 12) : 0.00488246743342156
(11, 47) : 0.0052027472041711815
(11, 10) : 0.00576252719345038
(12, 11) : 0.00488246743342156
(12, 13) : 0.00495092451493161
(12, 48) : 0.004527229430227443
(13, 14) : 0.003907574148898835
(13, 49) : 0.0042152301853069975
(13, 12) : 0.004950924514931609
(14, 13) : 0.003907574148898835
(14, 15) : 0.0053899601010174505
(14, 50) : 0.004754388066828867
(15, 16) : 0.004566630603105917
(15, 51) : 0.004775484704382353
(15, 14) : 0.0053899601010174505
(16, 52) : 0.004760890824529673
(16, 15) : 0.004566630603105917
(16, 17) : 0.004629114242595906
(17, 16) : 0.004629114242595906
(17, 18) : 0.004549691461697939
(17, 53) : 0.00391738411683218
(18, 54) : 0.00403239087905907
(18, 17) : 0.004549691461697939
(18, 19) : 0.004060901123407203
(19, 18) : 0.004060901123407203
(19, 20) : 0.0039787062228302476
(19, 55) : 0.0052567446970618655
(20, 56) : 0.004893684151547438
(20, 19) : 0.0039787062228302476
(20, 21) : 0.004129769164200969
(21, 20) : 0.004129769164200969
(21, 22) : 0.004039997631698327
(21, 57) : 0.00396306817159069
(22, 58) : 0.0036210217545318874
(22, 21) : 0.004039997631698327
(22, 23) : 0.0046200669351739556
(23, 22) : 0.0046200669351739556
(23, 24) : 0.004481814017629098
(23, 59) : 0.003966092372794084
(24, 25) : 0.004720256294404802
(24, 60) : 0.005394882111752228
(24, 23) : 0.004481814017629098
(25, 61) : 0.004951884502657435
(25, 24) : 0.004720256294404802
(25, 26) : 0.005952571908230483
(26, 27) : 0.005324814302033961
(26, 62) : 0.004580109306392486
(26, 25) : 0.005952571908230483
(27, 26) : 0.005324814302033961
(27, 28) : 0.005774512265228297
(27, 63) : 0.005132553725942519
(28, 29) : 0.004936591362166419
(28, 64) : 0.0050444763147736655
(28, 27) : 0.005774512265228297
(29, 65) : 0.005227554250514146
(29, 28) : 0.004936591362166419
(29, 30) : 0.005854855329363292
(30, 31) : 0.004987346146900929
(30, 66) : 0.004951218675909109
(30, 29) : 0.005854855329363292
(31, 67) : 0.006305379562721771
(31, 30) : 0.004987346146900929
(31, 32) : 0.005369429557528195
(32, 31) : 0.005369429557528195
(32, 33) : 0.005624139948014757
(32, 68) : 0.0060455025644897435
(33, 34) : 0.005656221367827501
(33, 69) : 0.004459416558099453
(33, 32) : 0.005624139948014757
(34, 33) : 0.005656221367827501
(34, 35) : 0.0042626330615734885
(34, 70) : 0.004846964850703165
(35, 36) : 0.004729867071341442
(35, 71) : 0.004612627291408229
(35, 34) : 0.0042626330615734885
(36, 1) : 0.005049890403025482
(36, 35) : 0.004729867071341442
(36, 72) : 0.0037584089620691184
(37, 38) : 0.0035465690328401237
(37, 72) : 0.004776095429715787
(37, 1) : 0.004930138635795525
(38, 2) : 0.004901233119996923
(38, 37) : 0.0035465690328401237
(38, 39) : 0.0036944335162618636
(39, 40) : 0.003404974492998082
(39, 3) : 0.0034368174819401163
(39, 38) : 0.0036944335162618636
(40, 4) : 0.004026552082155895
(40, 39) : 0.003404974492998082
(40, 41) : 0.003843488569958964
(41, 40) : 0.003843488569958964
(41, 42) : 0.004222608658519867
(41, 5) : 0.0040086099369959285
(42, 43) : 0.0035536113855650225
(42, 6) : 0.004118090342909924
(42, 41) : 0.004222608658519867
(43, 42) : 0.0035536113855650225
(43, 44) : 0.004087171346081839
(43, 7) : 0.004910698040209966
(44, 45) : 0.004024907064157876
(44, 8) : 0.004740470014817202
(44, 43) : 0.004087171346081839
(45, 9) : 0.004599468975448627
(45, 44) : 0.004024907064157876
(45, 46) : 0.004960036977493683
(46, 47) : 0.005065396254965417
(46, 10) : 0.004815627452963742
(46, 45) : 0.004960036977493683
(47, 11) : 0.0052027472041711815
(47, 46) : 0.005065396254965417
(47, 48) : 0.004768906954885497
(48, 49) : 0.003652345261518509
(48, 12) : 0.004527229430227443
(48, 47) : 0.004768906954885497
(49, 13) : 0.0042152301853069975
(49, 48) : 0.003652345261518509
(49, 50) : 0.003964466652360014
(50, 49) : 0.003964466652360014
(50, 51) : 0.004139428819072252
(50, 14) : 0.004754388066828867
(51, 15) : 0.004775484704382353
(51, 50) : 0.004139428819072252
(51, 52) : 0.004881822561781812
(52, 51) : 0.004881822561781812
(52, 53) : 0.004294513415524494
(52, 16) : 0.004760890824529673
(53, 17) : 0.00391738411683218
(53, 52) : 0.004294513415524494
(53, 54) : 0.004762207913069064
(54, 18) : 0.00403239087905907
(54, 53) : 0.004762207913069064
(54, 55) : 0.0038313649537257796
(55, 19) : 0.0052567446970618655
(55, 54) : 0.0038313649537257796
(55, 56) : 0.0043539155820574
(56, 20) : 0.004893684151547438
(56, 55) : 0.0043539155820574
(56, 57) : 0.004171943335688678
(57, 58) : 0.004197578201642223
(57, 21) : 0.00396306817159069
(57, 56) : 0.004171943335688678
(58, 22) : 0.0036210217545318874
(58, 57) : 0.004197578201642223
(58, 59) : 0.004618618633953061
(59, 60) : 0.004786139560127411
(59, 23) : 0.003966092372794084
(59, 58) : 0.004618618633953061
(60, 24) : 0.005394882111752228
(60, 59) : 0.004786139560127411
(60, 61) : 0.004620623710833635
(61, 62) : 0.00631658884767354
(61, 25) : 0.004951884502657435
(61, 60) : 0.004620623710833635
(62, 26) : 0.004580109306392486
(62, 61) : 0.00631658884767354
(62, 63) : 0.004832092674272436
(63, 62) : 0.004832092674272436
(63, 64) : 0.004883355215738458
(63, 27) : 0.005132553725942519
(64, 28) : 0.0050444763147736655
(64, 63) : 0.004883355215738458
(64, 65) : 0.004426409327098109
(65, 64) : 0.004426409327098109
(65, 66) : 0.004582391732480634
(65, 29) : 0.005227554250514146
(66, 67) : 0.005408074556421443
(66, 30) : 0.004951218675909109
(66, 65) : 0.004582391732480634
(67, 31) : 0.006305379562721771
(67, 66) : 0.0054080745564214425
(67, 68) : 0.004090442846153173
(68, 69) : 0.00554630498793812
(68, 32) : 0.0060455025644897435
(68, 67) : 0.004090442846153173
(69, 33) : 0.004459416558099453
(69, 68) : 0.00554630498793812
(69, 70) : 0.004811440292187816
(70, 71) : 0.004728715522596366
(70, 34) : 0.004846964850703165
(70, 69) : 0.004811440292187816
(71, 35) : 0.004612627291408229
(71, 70) : 0.004728715522596366
(71, 72) : 0.004929801912086578
(72, 71) : 0.004929801912086578
(72, 36) : 0.0037584089620691184
(72, 37) : 0.004776095429715787
