(1, 2) : 0.004121593812015668
(1, 36) : 0.004909188725827581
(1, 37) : 0.005265017296766949
(2, 3) : 0.004267659801819029
(2, 38) : 0.004897039626189581
(2, 1) : 0.004121593812015668
(3, 2) : 0.00426765980181903
(3, 4) : 0.0036832081588150287
(3, 39) : 0.004899993340967006
(4, 5) : 0.005084818459326268
(4, 40) : 0.003713717741492002
(4, 3) : 0.0036832081588150287
(5, 4) : 0.005084818459326268
(5, 6) : 0.003964568040671295
(5, 41) : 0.004044307819799448
(6, 7) : 0.005007280609143373
(6, 42) : 0.0048326800927151236
(6, 5) : 0.003964568040671295
(7, 43) : 0.004666864520176768
(7, 6) : 0.005007280609143373
(7, 8) : 0.004780167731307595
(8, 7) : 0.004780167731307595
(8, 9) : 0.004848400939911007
(8, 44) : 0.00550507343123594
(9, 10) : 0.005746660129724959
(9, 45) : 0.0046693499390211115
(9, 8) : 0.004848400939911007
(10, 9) : 0.005746660129724958
(10, 11) : 0.00445474584383368
(10, 46) : 0.004527554526227647
(11, 12) : 0.005537826399218316
(11, 47) : 0.005781954424826323
(11, 10) : 0.00445474584383368
(12, 11) : 0.005537826399218316
(12, 13) : 0.004207731708476822
(12, 48) : 0.005030153368678748
(13, 14) : 0.003660783832191367
(13, 49) : 0.00322039074990038
(13, 12) : 0.004207731708476822
(14, 13) : 0.003660783832191367
(14, 15) : 0.0033957362760955703
(14, 50) : 0.003158317724073676
(15, 16) : 0.003095177597887654
(15, 51) : 0.00452718620957309
(15, 14) : 0.0033957362760955703
(16, 52) : 0.004697028171461186
(16, 15) : 0.003095177597887654
(16, 17) : 0.004281315183402242
(17, 16) : 0.004281315183402242
(17, 18) : 0.004037324473619131
(17, 53) : 0.00416158878873908
(18, 54) : 0.00490151839115029
(18, 17) : 0.004037324473619131
(18, 19) : 0.00519020375215421
(19, 18) : 0.00519020375215421
(19, 20) : 0.004362308902915371
(19, 55) : 0.006230061911779865
(20, 56) : 0.005160590048075801
(20, 19) : 0.004362308902915371
(20, 21) : 0.005972924200681142
(21, 20) : 0.005972924200681142
(21, 22) : 0.005420041023916593
(21, 57) : 0.00525456213958446
(22, 58) : 0.005442918375768031
(22, 21) : 0.005420041023916593
(22, 23) : 0.005939010061429182
(23, 22) : 0.005939010061429182
(23, 24) : 0.0055995978380334165
(23, 59) : 0.004512303456879155
(24, 25) : 0.004712227054152353
(24, 60) : 0.005450344005416523
(24, 23) : 0.0055995978380334165
(25, 61) : 0.005049923220253436
(25, 24) : 0.004712227054152353
(25, 26) : 0.003512492085945686
(26, 27) : 0.0038436123835953176
(26, 62) : 0.003936503365874877
(26, 25) : 0.003512492085945686
(27, 26) : 0.0038436123835953176
(27, 28) : 0.0039256049337585575
(27, 63) : 0.004271231312484572
(28, 29) : 0.004509618818174753
(28, 64) : 0.0042013890340499745
(28, 27) : 0.0039256049337585575
(29, 65) : 0.00406573460216348
(29, 28) : 0.004509618818174754
(29, 30) : 0.004125719401083672
(30, 31) : 0.004498060548895676
(30, 66) : 0.00428747104917814
(30, 29) : 0.004125719401083672
(31, 67) : 0.003927018932558448
(31, 30) : 0.004498060548895676
(31, 32) : 0.005145601537094462
(32, 31) : 0.005145601537094462
(32, 33) : 0.004570253545237655
(32, 68) : 0.0043223898915370354
(33, 34) : 0.004453267872377652
(33, 69) : 0.004846230373167543
(33, 32) : 0.004570253545237655
(34, 33) : 0.004453267872377652
(34, 35) : 0.005173788258694128
(34, 70) : 0.005076149463519707
(35, 36) : 0.004601939399565094
(35, 71) : 0.004989109846316986
(35, 34) : 0.005173788258694128
(36, 1) : 0.004909188725827581
(36, 35) : 0.004601939399565094
(36, 72) : 0.0053162122891847454
(37, 38) : 0.005000582205962012
(37, 72) : 0.0044524271239952725
(37, 1) : 0.005265017296766949
(38, 2) : 0.004897039626189581
(38, 37) : 0.005000582205962012
(38, 39) : 0.004400104612409856
(39, 40) : 0.00466506692678123
(39, 3) : 0.004899993340967006
(39, 38) : 0.004400104612409856
(40, 4) : 0.003713717741492002
(40, 39) : 0.00466506692678123
(40, 41) : 0.004659001367580748
(41, 40) : 0.004659001367580748
(41, 42) : 0.004757804126739584
(41, 5) : 0.004044307819799448
(42, 43) : 0.005249553190692146
(42, 6) : 0.0048326800927151236
(42, 41) : 0.004757804126739584
(43, 42) : 0.005249553190692146
(43, 44) : 0.005023581161576309
(43, 7) : 0.004666864520176768
(44, 45) : 0.005366639693207702
(44, 8) : 0.00550507343123594
(44, 43) : 0.005023581161576309
(45, 9) : 0.0046693499390211115
(45, 44) : 0.005366639693207702
(45, 46) : 0.00532895730853264
(46, 47) : 0.00506224202438973
(46, 10) : 0.004527554526227647
(46, 45) : 0.00532895730853264
(47, 11) : 0.005781954424826323
(47, 46) : 0.00506224202438973
(47, 48) : 0.004709086074985882
(48, 49) : 0.004548013124311053
(48, 12) : 0.005030153368678749
(48, 47) : 0.004709086074985881
(49, 13) : 0.00322039074990038
(49, 48) : 0.004548013124311053
(49, 50) : 0.004117206753195485
(50, 49) : 0.004117206753195485
(50, 51) : 0.0034233162484269097
(50, 14) : 0.003158317724073676
(51, 15) : 0.00452718620957309
(51, 50) : 0.0034233162484269097
(51, 52) : 0.00429863980134065
(52, 51) : 0.00429863980134065
(52, 53) : 0.004346743266757821
(52, 16) : 0.004697028171461188
(53, 17) : 0.00416158878873908
(53, 52) : 0.004346743266757821
(53, 54) : 0.005333839183834202
(54, 18) : 0.00490151839115029
(54, 53) : 0.005333839183834202
(54, 55) : 0.004506189520173788
(55, 19) : 0.006230061911779865
(55, 54) : 0.0045061895201737884
(55, 56) : 0.004753760800087159
(56, 20) : 0.005160590048075801
(56, 55) : 0.00475376080008716
(56, 57) : 0.0050205745294990235
(57, 58) : 0.004325125067653745
(57, 21) : 0.00525456213958446
(57, 56) : 0.0050205745294990235
(58, 22) : 0.005442918375768031
(58, 57) : 0.004325125067653745
(58, 59) : 0.004472270022464235
(59, 60) : 0.0051264298806139785
(59, 23) : 0.004512303456879155
(59, 58) : 0.004472270022464235
(60, 24) : 0.005450344005416523
(60, 59) : 0.0051264298806139785
(60, 61) : 0.004021057634488333
(61, 62) : 0.0037414576774764383
(61, 25) : 0.005049923220253436
(61, 60) : 0.004021057634488333
(62, 26) : 0.003936503365874877
(62, 61) : 0.0037414576774764383
(62, 63) : 0.004495754499651865
(63, 62) : 0.004495754499651866
(63, 64) : 0.004294798521546575
(63, 27) : 0.004271231312484572
(64, 28) : 0.0042013890340499745
(64, 63) : 0.004294798521546575
(64, 65) : 0.005753788410656298
(65, 64) : 0.005753788410656298
(65, 66) : 0.004557795791333148
(65, 29) : 0.00406573460216348
(66, 67) : 0.004965552335156144
(66, 30) : 0.00428747104917814
(66, 65) : 0.004557795791333148
(67, 31) : 0.003927018932558448
(67, 66) : 0.004965552335156143
(67, 68) : 0.004833319155797544
(68, 69) : 0.003906222746447853
(68, 32) : 0.0043223898915370354
(68, 67) : 0.004833319155797544
(69, 33) : 0.004846230373167543
(69, 68) : 0.003906222746447853
(69, 70) : 0.0042408111898350614
(70, 71) : 0.003954405128415896
(70, 34) : 0.005076149463519707
(70, 69) : 0.0042408111898350614
(71, 35) : 0.004989109846316986
(71, 70) : 0.003954405128415896
(71, 72) : 0.0048075440722050375
(72, 71) : 0.0048075440722050375
(72, 36) : 0.0053162122891847454
(72, 37) : 0.0044524271239952725
