(1, 45) : 0.00424934091883478
(1, 46) : 0.003477965416179682
(1, 2) : 0.00365723685659005
(2, 3) : 0.004700776518794776
(2, 1) : 0.00365723685659005
(2, 47) : 0.0034491907088293116
(3, 2) : 0.004700776518794776
(3, 48) : 0.003471236842402672
(3, 4) : 0.004149449275435378
(4, 49) : 0.0036690387715013015
(4, 5) : 0.004239339644377482
(4, 3) : 0.004149449275435378
(5, 4) : 0.004239339644377482
(5, 50) : 0.0037981587699408258
(5, 6) : 0.0036241913530697467
(6, 51) : 0.0034083529654503177
(6, 7) : 0.004082004250682092
(6, 5) : 0.0036241913530697467
(7, 6) : 0.004082004250682092
(7, 52) : 0.003051011218623682
(7, 8) : 0.0027701285792799324
(8, 7) : 0.0027701285792799324
(8, 53) : 0.003352798239552276
(8, 9) : 0.003655296240257301
(9, 10) : 0.003169894676991802
(9, 8) : 0.003655296240257301
(9, 54) : 0.0036451216984580773
(10, 9) : 0.003169894676991802
(10, 55) : 0.004010468499514865
(10, 11) : 0.003425080807102552
(11, 12) : 0.0036996524218506216
(11, 10) : 0.003425080807102552
(11, 56) : 0.004155714266869591
(12, 11) : 0.0036996524218506216
(12, 57) : 0.004359753040017724
(12, 13) : 0.002790067430382388
(13, 14) : 0.0034155398645401174
(13, 12) : 0.002790067430382388
(13, 58) : 0.0036038652692252948
(14, 13) : 0.0034155398645401174
(14, 59) : 0.0034117087464093825
(14, 15) : 0.0037549758469689136
(15, 16) : 0.00428972620765449
(15, 14) : 0.0037549758469689136
(15, 60) : 0.0034629996697494417
(16, 15) : 0.00428972620765449
(16, 61) : 0.003148459859794784
(16, 17) : 0.003814244493488427
(17, 16) : 0.003814244493488427
(17, 62) : 0.003407329685194606
(17, 18) : 0.003313215281958796
(18, 17) : 0.003313215281958796
(18, 63) : 0.003372823086480468
(18, 19) : 0.0031940395736940372
(19, 18) : 0.0031940395736940372
(19, 64) : 0.003537187907324017
(19, 20) : 0.0034040771643622236
(20, 19) : 0.0034040771643622236
(20, 65) : 0.004804232840261484
(20, 21) : 0.002754753783522327
(21, 20) : 0.002754753783522327
(21, 66) : 0.005014823989655961
(21, 22) : 0.0031009819570169046
(22, 21) : 0.0031009819570169046
(22, 67) : 0.0032644068318442286
(22, 23) : 0.0028410372715483544
(23, 22) : 0.0028410372715483544
(23, 68) : 0.002447146534043191
(23, 24) : 0.002981237192844141
(24, 25) : 0.003218544605083778
(24, 23) : 0.002981237192844141
(24, 69) : 0.0031498975186212783
(25, 24) : 0.003218544605083778
(25, 70) : 0.003700711901536064
(25, 26) : 0.004041991614050463
(26, 27) : 0.00313655158653703
(26, 25) : 0.004041991614050463
(26, 71) : 0.0034826804148758803
(27, 26) : 0.00313655158653703
(27, 72) : 0.003522929398526297
(27, 28) : 0.00360385943435011
(28, 73) : 0.003872144834531134
(28, 29) : 0.0043039536351772035
(28, 27) : 0.00360385943435011
(29, 28) : 0.0043039536351772035
(29, 74) : 0.004649984738306559
(29, 30) : 0.003933821354726065
(30, 75) : 0.004622428804543336
(30, 31) : 0.003822558085166653
(30, 29) : 0.003933821354726064
(31, 30) : 0.0038225580851666526
(31, 76) : 0.00366044401106233
(31, 32) : 0.004279017990022358
(32, 31) : 0.004279017990022358
(32, 77) : 0.0034020137807020435
(32, 33) : 0.0033859203697028262
(33, 34) : 0.004210049026800527
(33, 32) : 0.0033859203697028262
(33, 78) : 0.003616895447550817
(34, 33) : 0.004210049026800527
(34, 79) : 0.0035474023588280257
(34, 35) : 0.0035510023706908905
(35, 36) : 0.0035649627027959947
(35, 34) : 0.0035510023706908905
(35, 80) : 0.0034975833860108585
(36, 35) : 0.0035649627027959947
(36, 81) : 0.0037370244523254425
(36, 37) : 0.003528659854147619
(37, 82) : 0.00356045284345481
(37, 38) : 0.003130520384492223
(37, 36) : 0.003528659854147619
(38, 37) : 0.003130520384492223
(38, 83) : 0.002920387709312632
(38, 39) : 0.003072232052208696
(39, 84) : 0.003146798864919282
(39, 40) : 0.003937834331065605
(39, 38) : 0.003072232052208696
(40, 39) : 0.003937834331065605
(40, 85) : 0.004562829482030579
(40, 41) : 0.0029953212650462987
(41, 40) : 0.0029953212650462987
(41, 86) : 0.004593051760390744
(41, 42) : 0.004850526582452864
(42, 43) : 0.0036459699239751882
(42, 41) : 0.004850526582452864
(42, 87) : 0.004615032600550902
(43, 42) : 0.0036459699239751882
(43, 88) : 0.004115902247424779
(43, 44) : 0.006083564113859941
(44, 45) : 0.003902052969228366
(44, 43) : 0.006083564113859942
(44, 89) : 0.0033491617130611408
(45, 44) : 0.003902052969228365
(45, 90) : 0.0034561369513279585
(45, 1) : 0.00424934091883478
(46, 47) : 0.0036459013850357364
(46, 90) : 0.0034761205416303604
(46, 1) : 0.003477965416179682
(47, 46) : 0.0036459013850357364
(47, 2) : 0.0034491907088293116
(47, 48) : 0.0046272032008822074
(48, 49) : 0.004521198822486164
(48, 47) : 0.004627203200882208
(48, 3) : 0.003471236842402672
(49, 48) : 0.004521198822486164
(49, 4) : 0.0036690387715013015
(49, 50) : 0.003708107181939864
(50, 49) : 0.003708107181939864
(50, 5) : 0.003798158769940825
(50, 51) : 0.0038073022219963976
(51, 50) : 0.0038073022219963976
(51, 6) : 0.0034083529654503177
(51, 52) : 0.0035471341212051245
(52, 51) : 0.003547134121205125
(52, 7) : 0.003051011218623682
(52, 53) : 0.0032777731940279767
(53, 52) : 0.0032777731940279767
(53, 8) : 0.003352798239552276
(53, 54) : 0.003351019285480961
(54, 53) : 0.003351019285480961
(54, 9) : 0.0036451216984580773
(54, 55) : 0.0032647928802048707
(55, 54) : 0.0032647928802048707
(55, 10) : 0.004010468499514865
(55, 56) : 0.004031701005429211
(56, 55) : 0.004031701005429211
(56, 11) : 0.004155714266869591
(56, 57) : 0.003297548303417653
(57, 58) : 0.003180827656650328
(57, 56) : 0.003297548303417653
(57, 12) : 0.004359753040017724
(58, 57) : 0.003180827656650328
(58, 13) : 0.003603865269225295
(58, 59) : 0.003373971003677575
(59, 14) : 0.0034117087464093825
(59, 60) : 0.003667969567646389
(59, 58) : 0.003373971003677575
(60, 59) : 0.0036679695676463896
(60, 15) : 0.0034629996697494417
(60, 61) : 0.004903710374955222
(61, 16) : 0.003148459859794784
(61, 62) : 0.0036317981597368473
(61, 60) : 0.004903710374955222
(62, 61) : 0.0036317981597368473
(62, 17) : 0.003407329685194606
(62, 63) : 0.003980074016410966
(63, 62) : 0.003980074016410966
(63, 18) : 0.003372823086480468
(63, 64) : 0.0036918727357010232
(64, 63) : 0.0036918727357010232
(64, 19) : 0.003537187907324017
(64, 65) : 0.003618919055049252
(65, 64) : 0.003618919055049252
(65, 20) : 0.004804232840261484
(65, 66) : 0.0037932579615075892
(66, 67) : 0.003150763259861916
(66, 65) : 0.0037932579615075892
(66, 21) : 0.005014823989655961
(67, 66) : 0.003150763259861916
(67, 22) : 0.0032644068318442286
(67, 68) : 0.0031110174587585357
(68, 69) : 0.0028730066431184873
(68, 67) : 0.003111017458758536
(68, 23) : 0.002447146534043191
(69, 68) : 0.0028730066431184873
(69, 24) : 0.0031498975186212783
(69, 70) : 0.0031224023065100377
(70, 25) : 0.003700711901536064
(70, 71) : 0.0036371655495107944
(70, 69) : 0.0031224023065100377
(71, 70) : 0.0036371655495107944
(71, 26) : 0.0034826804148758803
(71, 72) : 0.0031588312402506093
(72, 27) : 0.003522929398526297
(72, 73) : 0.0033908672295799172
(72, 71) : 0.0031588312402506093
(73, 72) : 0.0033908672295799172
(73, 28) : 0.003872144834531134
(73, 74) : 0.004183143906836313
(74, 73) : 0.004183143906836313
(74, 29) : 0.0046499847383065585
(74, 75) : 0.004387615987498113
(75, 76) : 0.004065629243993622
(75, 74) : 0.004387615987498113
(75, 30) : 0.004622428804543336
(76, 75) : 0.004065629243993622
(76, 31) : 0.00366044401106233
(76, 77) : 0.004005831351663491
(77, 76) : 0.004005831351663491
(77, 32) : 0.0034020137807020435
(77, 78) : 0.004582413507527532
(78, 77) : 0.004582413507527532
(78, 33) : 0.003616895447550817
(78, 79) : 0.0038582989550834217
(79, 34) : 0.0035474023588280257
(79, 80) : 0.004007267847101061
(79, 78) : 0.0038582989550834217
(80, 79) : 0.004007267847101061
(80, 35) : 0.0034975833860108585
(80, 81) : 0.0038154181562336147
(81, 82) : 0.0037690522632008307
(81, 80) : 0.0038154181562336147
(81, 36) : 0.0037370244523254425
(82, 81) : 0.0037690522632008307
(82, 37) : 0.0035604528434548103
(82, 83) : 0.0032532651270201747
(83, 82) : 0.0032532651270201747
(83, 38) : 0.002920387709312632
(83, 84) : 0.003595289392093607
(84, 83) : 0.003595289392093607
(84, 39) : 0.0031467988649192826
(84, 85) : 0.003985462211996233
(85, 84) : 0.003985462211996233
(85, 40) : 0.004562829482030579
(85, 86) : 0.003759944886807853
(86, 85) : 0.003759944886807853
(86, 41) : 0.004593051760390744
(86, 87) : 0.004341902930795738
(87, 86) : 0.004341902930795738
(87, 42) : 0.004615032600550902
(87, 88) : 0.004107264996865284
(88, 89) : 0.00471877747781756
(88, 87) : 0.004107264996865284
(88, 43) : 0.004115902247424779
(89, 88) : 0.00471877747781756
(89, 44) : 0.0033491617130611408
(89, 90) : 0.003340273454759076
(90, 46) : 0.0034761205416303604
(90, 89) : 0.003340273454759076
(90, 45) : 0.0034561369513279585
