(1, 45) : 0.004065760677137759
(1, 46) : 0.004890623040884092
(1, 2) : 0.00417781480701485
(2, 3) : 0.003418350808949913
(2, 1) : 0.00417781480701485
(2, 47) : 0.004862290062784929
(3, 2) : 0.003418350808949913
(3, 48) : 0.0040559888302446195
(3, 4) : 0.003985137988870557
(4, 49) : 0.0031634796178627938
(4, 5) : 0.0036753274022283326
(4, 3) : 0.003985137988870557
(5, 4) : 0.0036753274022283326
(5, 50) : 0.0035010973293017372
(5, 6) : 0.003460294021945422
(6, 51) : 0.004033532341103192
(6, 7) : 0.003795777998435554
(6, 5) : 0.003460294021945422
(7, 6) : 0.003795777998435554
(7, 52) : 0.00403513095800759
(7, 8) : 0.003045368755558668
(8, 7) : 0.003045368755558668
(8, 53) : 0.0038211037828829965
(8, 9) : 0.003848238981258445
(9, 10) : 0.0036542996478571466
(9, 8) : 0.003848238981258445
(9, 54) : 0.0037316323752631174
(10, 9) : 0.0036542996478571466
(10, 55) : 0.0034610736441352623
(10, 11) : 0.0035940811280945934
(11, 12) : 0.00322386291933995
(11, 10) : 0.0035940811280945934
(11, 56) : 0.0032595759571434012
(12, 11) : 0.00322386291933995
(12, 57) : 0.0033116906061201657
(12, 13) : 0.0029790097470614933
(13, 14) : 0.004054810706281721
(13, 12) : 0.0029790097470614933
(13, 58) : 0.0033495273606801977
(14, 13) : 0.004054810706281721
(14, 59) : 0.0037388626712368165
(14, 15) : 0.004180400976647834
(15, 16) : 0.0039038311127189682
(15, 14) : 0.004180400976647834
(15, 60) : 0.00414314230527961
(16, 15) : 0.0039038311127189682
(16, 61) : 0.0037317886008220997
(16, 17) : 0.004239082308547366
(17, 16) : 0.004239082308547366
(17, 62) : 0.003645876789486173
(17, 18) : 0.0033445174968295683
(18, 17) : 0.0033445174968295683
(18, 63) : 0.0040708881799948705
(18, 19) : 0.0035137423260116715
(19, 18) : 0.003513742326011672
(19, 64) : 0.003515279587708311
(19, 20) : 0.0036607942784803297
(20, 19) : 0.00366079427848033
(20, 65) : 0.0028888455842253245
(20, 21) : 0.0026941940273517624
(21, 20) : 0.0026941940273517624
(21, 66) : 0.003092237983603702
(21, 22) : 0.004249971616280799
(22, 21) : 0.004249971616280799
(22, 67) : 0.004100345796861702
(22, 23) : 0.0036460869103735675
(23, 22) : 0.0036460869103735675
(23, 68) : 0.0039162179174158955
(23, 24) : 0.003806926392326668
(24, 25) : 0.003373407356972674
(24, 23) : 0.003806926392326668
(24, 69) : 0.0028546123436929928
(25, 24) : 0.003373407356972674
(25, 70) : 0.0026650862052101736
(25, 26) : 0.0034796496604872756
(26, 27) : 0.0036321249025468715
(26, 25) : 0.0034796496604872756
(26, 71) : 0.0029117537424334207
(27, 26) : 0.0036321249025468715
(27, 72) : 0.002836431559011785
(27, 28) : 0.004170995156884479
(28, 73) : 0.0034392726013392247
(28, 29) : 0.003513851666701009
(28, 27) : 0.004170995156884479
(29, 28) : 0.003513851666701009
(29, 74) : 0.004080221947859331
(29, 30) : 0.0047569020647593155
(30, 75) : 0.004410986126868569
(30, 31) : 0.003730411648655468
(30, 29) : 0.0047569020647593155
(31, 30) : 0.003730411648655468
(31, 76) : 0.004003395300760096
(31, 32) : 0.004064001969531352
(32, 31) : 0.004064001969531352
(32, 77) : 0.0030087867084832892
(32, 33) : 0.0038343186497603464
(33, 34) : 0.004135668186787219
(33, 32) : 0.0038343186497603464
(33, 78) : 0.0031273031268856284
(34, 33) : 0.004135668186787219
(34, 79) : 0.004198749214345919
(34, 35) : 0.0035977370992320854
(35, 36) : 0.003968735857758818
(35, 34) : 0.0035977370992320854
(35, 80) : 0.004250709212105482
(36, 35) : 0.003968735857758818
(36, 81) : 0.0032218641145199058
(36, 37) : 0.0039847174546484695
(37, 82) : 0.002804101194782883
(37, 38) : 0.004134471670507139
(37, 36) : 0.0039847174546484695
(38, 37) : 0.004134471670507139
(38, 83) : 0.0031540076579894176
(38, 39) : 0.0027374802764493665
(39, 84) : 0.0037630292074670338
(39, 40) : 0.0044120927972062735
(39, 38) : 0.0027374802764493665
(40, 39) : 0.0044120927972062735
(40, 85) : 0.004028239974032642
(40, 41) : 0.004828692523904513
(41, 40) : 0.004828692523904513
(41, 86) : 0.004310226482693613
(41, 42) : 0.0045450680558947396
(42, 43) : 0.00415854827599908
(42, 41) : 0.0045450680558947396
(42, 87) : 0.004123360900418774
(43, 42) : 0.00415854827599908
(43, 88) : 0.004026325271351625
(43, 44) : 0.004095969802962157
(44, 45) : 0.0032838410348918975
(44, 43) : 0.004095969802962157
(44, 89) : 0.00419662846286785
(45, 44) : 0.0032838410348918975
(45, 90) : 0.004837839081815553
(45, 1) : 0.004065760677137759
(46, 47) : 0.004381825099295279
(46, 90) : 0.004376462396268422
(46, 1) : 0.004890623040884092
(47, 46) : 0.004381825099295279
(47, 2) : 0.004862290062784929
(47, 48) : 0.0035501356428540563
(48, 49) : 0.003853204180189669
(48, 47) : 0.0035501356428540563
(48, 3) : 0.0040559888302446195
(49, 48) : 0.003853204180189669
(49, 4) : 0.0031634796178627938
(49, 50) : 0.0032303562859490012
(50, 49) : 0.0032303562859490012
(50, 5) : 0.0035010973293017372
(50, 51) : 0.003721798734115858
(51, 50) : 0.003721798734115858
(51, 6) : 0.004033532341103192
(51, 52) : 0.003984767143388286
(52, 51) : 0.003984767143388286
(52, 7) : 0.00403513095800759
(52, 53) : 0.0039049273911552977
(53, 52) : 0.0039049273911552977
(53, 8) : 0.0038211037828829965
(53, 54) : 0.003446272164560423
(54, 53) : 0.003446272164560423
(54, 9) : 0.0037316323752631174
(54, 55) : 0.003945845103041084
(55, 54) : 0.003945845103041084
(55, 10) : 0.0034610736441352623
(55, 56) : 0.003411169837756003
(56, 55) : 0.003411169837756003
(56, 11) : 0.0032595759571434012
(56, 57) : 0.003215341759694915
(57, 58) : 0.0035629832286887364
(57, 56) : 0.003215341759694915
(57, 12) : 0.0033116906061201657
(58, 57) : 0.0035629832286887364
(58, 13) : 0.0033495273606801977
(58, 59) : 0.0033023138318802126
(59, 14) : 0.0037388626712368165
(59, 60) : 0.0038478665415858306
(59, 58) : 0.0033023138318802126
(60, 59) : 0.0038478665415858306
(60, 15) : 0.00414314230527961
(60, 61) : 0.0035108642108767746
(61, 16) : 0.0037317886008220997
(61, 62) : 0.003257094988103314
(61, 60) : 0.0035108642108767746
(62, 61) : 0.003257094988103314
(62, 17) : 0.003645876789486173
(62, 63) : 0.0030828186622516587
(63, 62) : 0.0030828186622516587
(63, 18) : 0.0040708881799948705
(63, 64) : 0.0033587917927675637
(64, 63) : 0.0033587917927675637
(64, 19) : 0.003515279587708311
(64, 65) : 0.0031484266944309105
(65, 64) : 0.0031484266944309105
(65, 20) : 0.0028888455842253245
(65, 66) : 0.0034850683730556827
(66, 67) : 0.003480278922533659
(66, 65) : 0.0034850683730556827
(66, 21) : 0.003092237983603702
(67, 66) : 0.003480278922533659
(67, 22) : 0.004100345796861702
(67, 68) : 0.004173857689547948
(68, 69) : 0.0030591525458228746
(68, 67) : 0.004173857689547948
(68, 23) : 0.0039162179174158955
(69, 68) : 0.0030591525458228746
(69, 24) : 0.0028546123436929928
(69, 70) : 0.0034045882990582496
(70, 25) : 0.0026650862052101736
(70, 71) : 0.0037518834896053334
(70, 69) : 0.0034045882990582496
(71, 70) : 0.003751883489605333
(71, 26) : 0.0029117537424334207
(71, 72) : 0.003544871451666153
(72, 27) : 0.002836431559011785
(72, 73) : 0.0036530626768857236
(72, 71) : 0.003544871451666153
(73, 72) : 0.0036530626768857236
(73, 28) : 0.003439272601339225
(73, 74) : 0.0033981249509347235
(74, 73) : 0.0033981249509347235
(74, 29) : 0.004080221947859331
(74, 75) : 0.003800794396165029
(75, 76) : 0.003358749751097842
(75, 74) : 0.003800794396165029
(75, 30) : 0.004410986126868569
(76, 75) : 0.003358749751097842
(76, 31) : 0.004003395300760096
(76, 77) : 0.0038318141374404763
(77, 76) : 0.0038318141374404763
(77, 32) : 0.0030087867084832892
(77, 78) : 0.003781577191244615
(78, 77) : 0.003781577191244615
(78, 33) : 0.0031273031268856284
(78, 79) : 0.004050612109898359
(79, 34) : 0.004198749214345919
(79, 80) : 0.0034180545816029466
(79, 78) : 0.004050612109898359
(80, 79) : 0.0034180545816029466
(80, 35) : 0.004250709212105482
(80, 81) : 0.004128708595179132
(81, 82) : 0.0034974809024368933
(81, 80) : 0.004128708595179131
(81, 36) : 0.0032218641145199058
(82, 81) : 0.0034974809024368933
(82, 37) : 0.002804101194782883
(82, 83) : 0.003203705217282861
(83, 82) : 0.003203705217282861
(83, 38) : 0.0031540076579894176
(83, 84) : 0.0027064715164998453
(84, 83) : 0.0027064715164998453
(84, 39) : 0.0037630292074670338
(84, 85) : 0.00362661075636051
(85, 84) : 0.00362661075636051
(85, 40) : 0.004028239974032642
(85, 86) : 0.0037585281646547314
(86, 85) : 0.0037585281646547314
(86, 41) : 0.004310226482693613
(86, 87) : 0.00428154467678857
(87, 86) : 0.00428154467678857
(87, 42) : 0.004123360900418774
(87, 88) : 0.004032837348710761
(88, 89) : 0.0033410644294598734
(88, 87) : 0.004032837348710761
(88, 43) : 0.004026325271351625
(89, 88) : 0.0033410644294598734
(89, 44) : 0.00419662846286785
(89, 90) : 0.003907761229087025
(90, 46) : 0.004376462396268422
(90, 89) : 0.003907761229087025
(90, 45) : 0.004837839081815553
