(1, 45) : 0.0037218291622135103
(1, 46) : 0.004129473589010056
(1, 2) : 0.0037686440647019277
(2, 3) : 0.004611028811491012
(2, 1) : 0.0037686440647019277
(2, 47) : 0.003178970049750318
(3, 2) : 0.004611028811491012
(3, 48) : 0.003300095284181698
(3, 4) : 0.00327276962680193
(4, 49) : 0.003949817468539633
(4, 5) : 0.0037319203856263344
(4, 3) : 0.00327276962680193
(5, 4) : 0.0037319203856263344
(5, 50) : 0.003232959009207206
(5, 6) : 0.0038504623194905783
(6, 51) : 0.003396222008005188
(6, 7) : 0.0029206461236455576
(6, 5) : 0.0038504623194905783
(7, 6) : 0.0029206461236455576
(7, 52) : 0.0034993882075727042
(7, 8) : 0.0035472426453767927
(8, 7) : 0.0035472426453767927
(8, 53) : 0.003160770631406305
(8, 9) : 0.003760629592947978
(9, 10) : 0.00395839880728762
(9, 8) : 0.003760629592947978
(9, 54) : 0.003925849029028582
(10, 9) : 0.0039583988072876206
(10, 55) : 0.0035266233564644448
(10, 11) : 0.003145301910348746
(11, 12) : 0.002962057205430136
(11, 10) : 0.003145301910348746
(11, 56) : 0.002766586148101368
(12, 11) : 0.002962057205430136
(12, 57) : 0.002682645994380685
(12, 13) : 0.003656613962207639
(13, 14) : 0.003604261077479624
(13, 12) : 0.003656613962207639
(13, 58) : 0.0031583159461751934
(14, 13) : 0.003604261077479624
(14, 59) : 0.003427477932394176
(14, 15) : 0.0033800174874044396
(15, 16) : 0.003367742297861676
(15, 14) : 0.0033800174874044396
(15, 60) : 0.0029055654231709667
(16, 15) : 0.0033677422978616754
(16, 61) : 0.003737143920742488
(16, 17) : 0.0037742396538633814
(17, 16) : 0.0037742396538633814
(17, 62) : 0.004200903069045769
(17, 18) : 0.004356714151297462
(18, 17) : 0.004356714151297462
(18, 63) : 0.00400791995753929
(18, 19) : 0.003057380516334266
(19, 18) : 0.003057380516334266
(19, 64) : 0.00440470360396567
(19, 20) : 0.0036553624039620375
(20, 19) : 0.0036553624039620375
(20, 65) : 0.0038106784416555447
(20, 21) : 0.0037941362781132876
(21, 20) : 0.003794136278113288
(21, 66) : 0.0038362173629269422
(21, 22) : 0.004212189583812035
(22, 21) : 0.004212189583812035
(22, 67) : 0.003379611341432862
(22, 23) : 0.004483654394858516
(23, 22) : 0.004483654394858516
(23, 68) : 0.0037295394785183972
(23, 24) : 0.003369003953590513
(24, 25) : 0.0031690300124407374
(24, 23) : 0.003369003953590513
(24, 69) : 0.00390801326676026
(25, 24) : 0.0031690300124407374
(25, 70) : 0.0028785914878542377
(25, 26) : 0.003383241889348852
(26, 27) : 0.003363934295182919
(26, 25) : 0.003383241889348852
(26, 71) : 0.003610102505680217
(27, 26) : 0.003363934295182919
(27, 72) : 0.003950457107153062
(27, 28) : 0.0036041965269722216
(28, 73) : 0.0032287853720188594
(28, 29) : 0.004439474882874812
(28, 27) : 0.0036041965269722216
(29, 28) : 0.004439474882874812
(29, 74) : 0.004194593439999924
(29, 30) : 0.004024674110996866
(30, 75) : 0.004702998870389583
(30, 31) : 0.00401949349365189
(30, 29) : 0.004024674110996866
(31, 30) : 0.00401949349365189
(31, 76) : 0.003970105430810574
(31, 32) : 0.004059953798891681
(32, 31) : 0.004059953798891681
(32, 77) : 0.0038945247445533846
(32, 33) : 0.003154722513392118
(33, 34) : 0.003117780872580387
(33, 32) : 0.003154722513392118
(33, 78) : 0.0035602954292400187
(34, 33) : 0.003117780872580387
(34, 79) : 0.0029671799581414285
(34, 35) : 0.0037696885829874033
(35, 36) : 0.003305088190945361
(35, 34) : 0.0037696885829874033
(35, 80) : 0.0030142915453409643
(36, 35) : 0.003305088190945361
(36, 81) : 0.0035399049169620314
(36, 37) : 0.0038537494171437775
(37, 82) : 0.003810396288324782
(37, 38) : 0.003324796708336847
(37, 36) : 0.0038537494171437775
(38, 37) : 0.003324796708336847
(38, 83) : 0.0038508000099968225
(38, 39) : 0.003796992466485015
(39, 84) : 0.0032986486774106544
(39, 40) : 0.004751558024293974
(39, 38) : 0.003796992466485015
(40, 39) : 0.004751558024293974
(40, 85) : 0.004020378496966169
(40, 41) : 0.004399310457287272
(41, 40) : 0.004399310457287272
(41, 86) : 0.0048958160875216695
(41, 42) : 0.004693133982656383
(42, 43) : 0.00414587598028558
(42, 41) : 0.004693133982656383
(42, 87) : 0.004596970438058976
(43, 42) : 0.00414587598028558
(43, 88) : 0.003688605531432277
(43, 44) : 0.003562204038436002
(44, 45) : 0.0036357647284671318
(44, 43) : 0.003562204038436002
(44, 89) : 0.003078375666546445
(45, 44) : 0.0036357647284671318
(45, 90) : 0.003923644702066225
(45, 1) : 0.0037218291622135103
(46, 47) : 0.003721408997790434
(46, 90) : 0.003341389510131129
(46, 1) : 0.004129473589010056
(47, 46) : 0.003721408997790434
(47, 2) : 0.003178970049750318
(47, 48) : 0.0038065187859933573
(48, 49) : 0.0035575059919463747
(48, 47) : 0.0038065187859933573
(48, 3) : 0.0033000952841816976
(49, 48) : 0.0035575059919463747
(49, 4) : 0.003949817468539633
(49, 50) : 0.003003612243669983
(50, 49) : 0.003003612243669983
(50, 5) : 0.003232959009207206
(50, 51) : 0.0044825620943112245
(51, 50) : 0.0044825620943112245
(51, 6) : 0.003396222008005188
(51, 52) : 0.0028592053429510643
(52, 51) : 0.0028592053429510643
(52, 7) : 0.0034993882075727042
(52, 53) : 0.0032267024535735617
(53, 52) : 0.0032267024535735617
(53, 8) : 0.003160770631406305
(53, 54) : 0.0035795433826908652
(54, 53) : 0.003579543382690865
(54, 9) : 0.003925849029028582
(54, 55) : 0.0031435151049951505
(55, 54) : 0.0031435151049951505
(55, 10) : 0.0035266233564644448
(55, 56) : 0.002987037322955556
(56, 55) : 0.002987037322955556
(56, 11) : 0.002766586148101368
(56, 57) : 0.0028721878400488777
(57, 58) : 0.0033431313867312404
(57, 56) : 0.0028721878400488777
(57, 12) : 0.002682645994380685
(58, 57) : 0.0033431313867312404
(58, 13) : 0.0031583159461751934
(58, 59) : 0.004090630081511847
(59, 14) : 0.003427477932394176
(59, 60) : 0.003204672548710418
(59, 58) : 0.004090630081511847
(60, 59) : 0.003204672548710418
(60, 15) : 0.0029055654231709667
(60, 61) : 0.003977009264543713
(61, 16) : 0.003737143920742488
(61, 62) : 0.004198683234844106
(61, 60) : 0.003977009264543713
(62, 61) : 0.004198683234844106
(62, 17) : 0.00420090306904577
(62, 63) : 0.004630265981605072
(63, 62) : 0.004630265981605072
(63, 18) : 0.00400791995753929
(63, 64) : 0.003574213686344259
(64, 63) : 0.003574213686344259
(64, 19) : 0.00440470360396567
(64, 65) : 0.003144900867732738
(65, 64) : 0.003144900867732738
(65, 20) : 0.0038106784416555447
(65, 66) : 0.003860151813296443
(66, 67) : 0.0037101456242767733
(66, 65) : 0.003860151813296443
(66, 21) : 0.0038362173629269422
(67, 66) : 0.0037101456242767733
(67, 22) : 0.003379611341432862
(67, 68) : 0.005413854024497494
(68, 69) : 0.003639279224855572
(68, 67) : 0.005413854024497495
(68, 23) : 0.0037295394785183972
(69, 68) : 0.003639279224855572
(69, 24) : 0.00390801326676026
(69, 70) : 0.0037761860146385846
(70, 25) : 0.0028785914878542377
(70, 71) : 0.003483152358753682
(70, 69) : 0.0037761860146385846
(71, 70) : 0.003483152358753682
(71, 26) : 0.003610102505680217
(71, 72) : 0.0030561691968073136
(72, 27) : 0.003950457107153062
(72, 73) : 0.0036901434087028085
(72, 71) : 0.0030561691968073136
(73, 72) : 0.0036901434087028093
(73, 28) : 0.0032287853720188594
(73, 74) : 0.0047177724304371576
(74, 73) : 0.004717772430437158
(74, 29) : 0.004194593439999924
(74, 75) : 0.0035934063545033303
(75, 76) : 0.005057806912452716
(75, 74) : 0.0035934063545033303
(75, 30) : 0.004702998870389583
(76, 75) : 0.005057806912452716
(76, 31) : 0.003970105430810574
(76, 77) : 0.0031433343037995214
(77, 76) : 0.0031433343037995214
(77, 32) : 0.0038945247445533846
(77, 78) : 0.0033612160702763574
(78, 77) : 0.0033612160702763574
(78, 33) : 0.0035602954292400187
(78, 79) : 0.002908067168521428
(79, 34) : 0.0029671799581414285
(79, 80) : 0.0030236080605547037
(79, 78) : 0.002908067168521428
(80, 79) : 0.0030236080605547037
(80, 35) : 0.0030142915453409643
(80, 81) : 0.00351183286452509
(81, 82) : 0.0035875427071774056
(81, 80) : 0.00351183286452509
(81, 36) : 0.0035399049169620314
(82, 81) : 0.0035875427071774056
(82, 37) : 0.003810396288324782
(82, 83) : 0.003996337056591011
(83, 82) : 0.003996337056591011
(83, 38) : 0.0038508000099968225
(83, 84) : 0.004406708946385498
(84, 83) : 0.004406708946385498
(84, 39) : 0.0032986486774106544
(84, 85) : 0.005283751226781587
(85, 84) : 0.005283751226781587
(85, 40) : 0.004020378496966169
(85, 86) : 0.004782640985184095
(86, 85) : 0.004782640985184095
(86, 41) : 0.0048958160875216695
(86, 87) : 0.004853299331426472
(87, 86) : 0.004853299331426472
(87, 42) : 0.004596970438058976
(87, 88) : 0.004119830374264944
(88, 89) : 0.0033075251271490512
(88, 87) : 0.004119830374264944
(88, 43) : 0.003688605531432277
(89, 88) : 0.0033075251271490512
(89, 44) : 0.003078375666546445
(89, 90) : 0.0035036736748115184
(90, 46) : 0.003341389510131129
(90, 89) : 0.0035036736748115184
(90, 45) : 0.003923644702066225
