(1, 45) : 0.0035834081165941824
(1, 46) : 0.0029536068189464876
(1, 2) : 0.002926908588214924
(2, 3) : 0.0032885776720984103
(2, 1) : 0.002926908588214924
(2, 47) : 0.003895554350440152
(3, 2) : 0.0032885776720984103
(3, 48) : 0.004084309315674546
(3, 4) : 0.003150308739861628
(4, 49) : 0.004329488890589743
(4, 5) : 0.0035515658000157325
(4, 3) : 0.003150308739861628
(5, 4) : 0.003551565800015733
(5, 50) : 0.004122946382699908
(5, 6) : 0.004047276309679402
(6, 51) : 0.0033225638085659583
(6, 7) : 0.003633511010522776
(6, 5) : 0.004047276309679402
(7, 6) : 0.003633511010522776
(7, 52) : 0.003257376697746512
(7, 8) : 0.0032607467632543114
(8, 7) : 0.0032607467632543114
(8, 53) : 0.0034789818909178784
(8, 9) : 0.0033599103477609167
(9, 10) : 0.0034781569490161582
(9, 8) : 0.0033599103477609167
(9, 54) : 0.003516850315022381
(10, 9) : 0.0034781569490161582
(10, 55) : 0.0030337710578865478
(10, 11) : 0.0036226631928508494
(11, 12) : 0.003601794304886738
(11, 10) : 0.0036226631928508494
(11, 56) : 0.003123530719459374
(12, 11) : 0.003601794304886738
(12, 57) : 0.003334485459414115
(12, 13) : 0.0035069898834102233
(13, 14) : 0.0035685664704988716
(13, 12) : 0.0035069898834102233
(13, 58) : 0.003240220550522517
(14, 13) : 0.0035685664704988716
(14, 59) : 0.003036424352975237
(14, 15) : 0.004674002113650662
(15, 16) : 0.004352800894800085
(15, 14) : 0.004674002113650662
(15, 60) : 0.002649381893372544
(16, 15) : 0.004352800894800085
(16, 61) : 0.0028942178493032342
(16, 17) : 0.003340068802254695
(17, 16) : 0.003340068802254695
(17, 62) : 0.0031610210788980487
(17, 18) : 0.0038874612036556466
(18, 17) : 0.0038874612036556466
(18, 63) : 0.0030671694149174947
(18, 19) : 0.003575524347661918
(19, 18) : 0.003575524347661918
(19, 64) : 0.002925465762577216
(19, 20) : 0.00368130493686248
(20, 19) : 0.00368130493686248
(20, 65) : 0.0029719467081889494
(20, 21) : 0.0031991364576969246
(21, 20) : 0.0031991364576969246
(21, 66) : 0.003652062075138927
(21, 22) : 0.0036709235895450135
(22, 21) : 0.0036709235895450135
(22, 67) : 0.004889031257987514
(22, 23) : 0.00288057418317508
(23, 22) : 0.00288057418317508
(23, 68) : 0.004125397655853478
(23, 24) : 0.004341541465405765
(24, 25) : 0.003298988139626368
(24, 23) : 0.004341541465405765
(24, 69) : 0.00359066388962951
(25, 24) : 0.003298988139626368
(25, 70) : 0.0039878556308278745
(25, 26) : 0.0036872914822572607
(26, 27) : 0.0031809587933010735
(26, 25) : 0.0036872914822572607
(26, 71) : 0.002953636549102193
(27, 26) : 0.0031809587933010735
(27, 72) : 0.0025672028694662913
(27, 28) : 0.003598952313065124
(28, 73) : 0.002824704890512276
(28, 29) : 0.003667301187239257
(28, 27) : 0.003598952313065124
(29, 28) : 0.003667301187239257
(29, 74) : 0.0033757027135719155
(29, 30) : 0.004085985830132259
(30, 75) : 0.0033832901226769053
(30, 31) : 0.0036599830417311293
(30, 29) : 0.004085985830132259
(31, 30) : 0.0036599830417311293
(31, 76) : 0.0037783021689704595
(31, 32) : 0.004207462116585045
(32, 31) : 0.004207462116585045
(32, 77) : 0.004820279656282033
(32, 33) : 0.0048247302188765715
(33, 34) : 0.004449132162251178
(33, 32) : 0.0048247302188765715
(33, 78) : 0.0045999586885497636
(34, 33) : 0.004449132162251178
(34, 79) : 0.0039017361073414893
(34, 35) : 0.00456987353985902
(35, 36) : 0.005032266661519621
(35, 34) : 0.00456987353985902
(35, 80) : 0.0040497977595326164
(36, 35) : 0.005032266661519621
(36, 81) : 0.004243304719054684
(36, 37) : 0.003979506907165007
(37, 82) : 0.004136523891637306
(37, 38) : 0.0035798063148851384
(37, 36) : 0.003979506907165007
(38, 37) : 0.0035798063148851384
(38, 83) : 0.003985628546220712
(38, 39) : 0.003418344379500329
(39, 84) : 0.003799319620226432
(39, 40) : 0.0035161101362655716
(39, 38) : 0.003418344379500329
(40, 39) : 0.0035161101362655716
(40, 85) : 0.004166710293349961
(40, 41) : 0.0028704809185222746
(41, 40) : 0.0028704809185222746
(41, 86) : 0.004342837593016368
(41, 42) : 0.0036312687764521213
(42, 43) : 0.0033141373571220776
(42, 41) : 0.0036312687764521213
(42, 87) : 0.004160401235116751
(43, 42) : 0.0033141373571220776
(43, 88) : 0.004171509629145426
(43, 44) : 0.003540949307241852
(44, 45) : 0.0030396103333871086
(44, 43) : 0.003540949307241852
(44, 89) : 0.00467000903762039
(45, 44) : 0.0030396103333871086
(45, 90) : 0.003861981757069799
(45, 1) : 0.0035834081165941824
(46, 47) : 0.0038323247387649934
(46, 90) : 0.003670861241769361
(46, 1) : 0.0029536068189464876
(47, 46) : 0.0038323247387649934
(47, 2) : 0.003895554350440152
(47, 48) : 0.003552877661186046
(48, 49) : 0.0046102456642815644
(48, 47) : 0.003552877661186046
(48, 3) : 0.004084309315674546
(49, 48) : 0.0046102456642815644
(49, 4) : 0.004329488890589743
(49, 50) : 0.003461869613669394
(50, 49) : 0.003461869613669394
(50, 5) : 0.004122946382699908
(50, 51) : 0.0045816162814523755
(51, 50) : 0.0045816162814523755
(51, 6) : 0.0033225638085659587
(51, 52) : 0.003651388518533901
(52, 51) : 0.003651388518533901
(52, 7) : 0.003257376697746512
(52, 53) : 0.003629962857562693
(53, 52) : 0.003629962857562693
(53, 8) : 0.0034789818909178784
(53, 54) : 0.00375418523763366
(54, 53) : 0.00375418523763366
(54, 9) : 0.003516850315022381
(54, 55) : 0.0034837201348052174
(55, 54) : 0.0034837201348052174
(55, 10) : 0.0030337710578865478
(55, 56) : 0.0036724107146479078
(56, 55) : 0.0036724107146479073
(56, 11) : 0.003123530719459374
(56, 57) : 0.0035022118521590563
(57, 58) : 0.0031631105659149996
(57, 56) : 0.0035022118521590563
(57, 12) : 0.003334485459414115
(58, 57) : 0.0031631105659149996
(58, 13) : 0.003240220550522517
(58, 59) : 0.0034712576690492567
(59, 14) : 0.003036424352975237
(59, 60) : 0.0042032513203795864
(59, 58) : 0.0034712576690492567
(60, 59) : 0.0042032513203795864
(60, 15) : 0.002649381893372544
(60, 61) : 0.0036239423187599032
(61, 16) : 0.0028942178493032342
(61, 62) : 0.0030432767803722444
(61, 60) : 0.0036239423187599032
(62, 61) : 0.0030432767803722444
(62, 17) : 0.0031610210788980487
(62, 63) : 0.003310860860696186
(63, 62) : 0.003310860860696186
(63, 18) : 0.003067169414917495
(63, 64) : 0.0034234283129221782
(64, 63) : 0.0034234283129221782
(64, 19) : 0.002925465762577216
(64, 65) : 0.0035664154506412863
(65, 64) : 0.0035664154506412863
(65, 20) : 0.0029719467081889494
(65, 66) : 0.0042231767902444
(66, 67) : 0.0038270193059757214
(66, 65) : 0.0042231767902444
(66, 21) : 0.003652062075138927
(67, 66) : 0.0038270193059757214
(67, 22) : 0.004889031257987514
(67, 68) : 0.0038291708241518
(68, 69) : 0.0042185350985875355
(68, 67) : 0.0038291708241518
(68, 23) : 0.004125397655853478
(69, 68) : 0.004218535098587536
(69, 24) : 0.00359066388962951
(69, 70) : 0.003941923417263229
(70, 25) : 0.0039878556308278745
(70, 71) : 0.003444805774533543
(70, 69) : 0.003941923417263229
(71, 70) : 0.003444805774533543
(71, 26) : 0.002953636549102193
(71, 72) : 0.003661714501810304
(72, 27) : 0.0025672028694662913
(72, 73) : 0.003287919446675501
(72, 71) : 0.003661714501810304
(73, 72) : 0.003287919446675501
(73, 28) : 0.002824704890512276
(73, 74) : 0.004185701512477582
(74, 73) : 0.004185701512477582
(74, 29) : 0.0033757027135719155
(74, 75) : 0.004137366355526673
(75, 76) : 0.004423137992215528
(75, 74) : 0.004137366355526673
(75, 30) : 0.0033832901226769053
(76, 75) : 0.004423137992215528
(76, 31) : 0.0037783021689704595
(76, 77) : 0.004493672429768273
(77, 76) : 0.004493672429768273
(77, 32) : 0.004820279656282032
(77, 78) : 0.004047574030955579
(78, 77) : 0.004047574030955579
(78, 33) : 0.0045999586885497636
(78, 79) : 0.0038261770673846756
(79, 34) : 0.0039017361073414893
(79, 80) : 0.003668827572877767
(79, 78) : 0.0038261770673846756
(80, 79) : 0.003668827572877767
(80, 35) : 0.0040497977595326164
(80, 81) : 0.0040289851571185045
(81, 82) : 0.004203301560548026
(81, 80) : 0.0040289851571185045
(81, 36) : 0.004243304719054684
(82, 81) : 0.004203301560548026
(82, 37) : 0.004136523891637306
(82, 83) : 0.0031860241257636703
(83, 82) : 0.0031860241257636703
(83, 38) : 0.003985628546220712
(83, 84) : 0.003983684141278191
(84, 83) : 0.003983684141278191
(84, 39) : 0.003799319620226432
(84, 85) : 0.004054446463668432
(85, 84) : 0.004054446463668433
(85, 40) : 0.004166710293349961
(85, 86) : 0.003621717876053481
(86, 85) : 0.003621717876053481
(86, 41) : 0.004342837593016368
(86, 87) : 0.004094334187597659
(87, 86) : 0.004094334187597659
(87, 42) : 0.004160401235116751
(87, 88) : 0.003907876153716646
(88, 89) : 0.003705728464243471
(88, 87) : 0.003907876153716646
(88, 43) : 0.004171509629145426
(89, 88) : 0.003705728464243471
(89, 44) : 0.00467000903762039
(89, 90) : 0.0030139382179833413
(90, 46) : 0.003670861241769361
(90, 89) : 0.0030139382179833413
(90, 45) : 0.003861981757069799
