(1, 45) : 0.0035354573133768805
(1, 46) : 0.002727533449637108
(1, 2) : 0.003339433043936267
(2, 3) : 0.0028882248955564107
(2, 1) : 0.003339433043936267
(2, 47) : 0.0031580295825726704
(3, 2) : 0.0028882248955564107
(3, 48) : 0.004066317528764605
(3, 4) : 0.004382059244665617
(4, 49) : 0.004262079735638567
(4, 5) : 0.0035474864096356404
(4, 3) : 0.004382059244665617
(5, 4) : 0.0035474864096356404
(5, 50) : 0.0037183102721485093
(5, 6) : 0.003954504147422685
(6, 51) : 0.0036332391451164526
(6, 7) : 0.0035733190159615872
(6, 5) : 0.003954504147422685
(7, 6) : 0.0035733190159615872
(7, 52) : 0.003404383181095653
(7, 8) : 0.0035217022938711577
(8, 7) : 0.0035217022938711577
(8, 53) : 0.0035032207265691217
(8, 9) : 0.004056079462432004
(9, 10) : 0.0040442124989571145
(9, 8) : 0.004056079462432004
(9, 54) : 0.003660286012541451
(10, 9) : 0.0040442124989571145
(10, 55) : 0.003060829709125147
(10, 11) : 0.0038554054116416415
(11, 12) : 0.0039425135613180735
(11, 10) : 0.0038554054116416415
(11, 56) : 0.0030904480480778633
(12, 11) : 0.0039425135613180735
(12, 57) : 0.0038542627412169227
(12, 13) : 0.003990501727723567
(13, 14) : 0.0035659179524123357
(13, 12) : 0.003990501727723567
(13, 58) : 0.004735675092882809
(14, 13) : 0.0035659179524123357
(14, 59) : 0.003929549769599742
(14, 15) : 0.004500712515950096
(15, 16) : 0.0048924803337826875
(15, 14) : 0.004500712515950096
(15, 60) : 0.0033531382046986793
(16, 15) : 0.0048924803337826875
(16, 61) : 0.00458335093819162
(16, 17) : 0.0037416699041883015
(17, 16) : 0.0037416699041883015
(17, 62) : 0.004169956967886302
(17, 18) : 0.003943864374281119
(18, 17) : 0.003943864374281119
(18, 63) : 0.003680584819179176
(18, 19) : 0.003487245959313385
(19, 18) : 0.003487245959313385
(19, 64) : 0.00458972555128711
(19, 20) : 0.0038378250427212614
(20, 19) : 0.0038378250427212614
(20, 65) : 0.004406684971324481
(20, 21) : 0.00365465875173977
(21, 20) : 0.00365465875173977
(21, 66) : 0.003612137371003173
(21, 22) : 0.0036199736222494823
(22, 21) : 0.0036199736222494823
(22, 67) : 0.0034497008798061563
(22, 23) : 0.0036515263611439958
(23, 22) : 0.0036515263611439958
(23, 68) : 0.0041106430781781824
(23, 24) : 0.003739972836162972
(24, 25) : 0.0038599568165917724
(24, 23) : 0.003739972836162972
(24, 69) : 0.0035008543053430693
(25, 24) : 0.0038599568165917724
(25, 70) : 0.003037976593540041
(25, 26) : 0.004352077576232172
(26, 27) : 0.004090183528351793
(26, 25) : 0.004352077576232172
(26, 71) : 0.003455176362436578
(27, 26) : 0.004090183528351793
(27, 72) : 0.0039012781801538695
(27, 28) : 0.0034027227411557613
(28, 73) : 0.003439709052748116
(28, 29) : 0.0032664977259473536
(28, 27) : 0.0034027227411557613
(29, 28) : 0.0032664977259473536
(29, 74) : 0.0027605855963659717
(29, 30) : 0.00412177703436612
(30, 75) : 0.0037794155183406013
(30, 31) : 0.0029890950433530033
(30, 29) : 0.00412177703436612
(31, 30) : 0.0029890950433530033
(31, 76) : 0.0036060898231930405
(31, 32) : 0.0035084211985899364
(32, 31) : 0.0035084211985899364
(32, 77) : 0.003010411988393435
(32, 33) : 0.0030982115586707867
(33, 34) : 0.0033255587590663585
(33, 32) : 0.0030982115586707867
(33, 78) : 0.0034319421041876506
(34, 33) : 0.0033255587590663585
(34, 79) : 0.004185608109459621
(34, 35) : 0.003203829055267272
(35, 36) : 0.004163965513195573
(35, 34) : 0.003203829055267272
(35, 80) : 0.0038423653028049243
(36, 35) : 0.004163965513195573
(36, 81) : 0.003931225930726586
(36, 37) : 0.0029892997575556774
(37, 82) : 0.003975811120236496
(37, 38) : 0.0038272212711125872
(37, 36) : 0.0029892997575556774
(38, 37) : 0.0038272212711125872
(38, 83) : 0.0032749068500421224
(38, 39) : 0.002805003959559613
(39, 84) : 0.003283174414254021
(39, 40) : 0.00381363062113756
(39, 38) : 0.002805003959559613
(40, 39) : 0.00381363062113756
(40, 85) : 0.003625853868271069
(40, 41) : 0.0037497965538175566
(41, 40) : 0.0037497965538175566
(41, 86) : 0.004219828836981943
(41, 42) : 0.003994338420372385
(42, 43) : 0.0034072934638750855
(42, 41) : 0.003994338420372385
(42, 87) : 0.0036322474153204108
(43, 42) : 0.0034072934638750855
(43, 88) : 0.0029370917780841277
(43, 44) : 0.0037740241708670223
(44, 45) : 0.003456462167231645
(44, 43) : 0.0037740241708670223
(44, 89) : 0.00393378522767044
(45, 44) : 0.003456462167231645
(45, 90) : 0.00405370793978484
(45, 1) : 0.0035354573133768805
(46, 47) : 0.0031343894464460854
(46, 90) : 0.00431299053244601
(46, 1) : 0.002727533449637108
(47, 46) : 0.0031343894464460854
(47, 2) : 0.0031580295825726704
(47, 48) : 0.0032334927849990702
(48, 49) : 0.003594183277213819
(48, 47) : 0.0032334927849990702
(48, 3) : 0.004066317528764605
(49, 48) : 0.003594183277213819
(49, 4) : 0.004262079735638567
(49, 50) : 0.0039051205719908885
(50, 49) : 0.0039051205719908885
(50, 5) : 0.0037183102721485093
(50, 51) : 0.0038878295717135964
(51, 50) : 0.0038878295717135964
(51, 6) : 0.0036332391451164526
(51, 52) : 0.00335691617159232
(52, 51) : 0.00335691617159232
(52, 7) : 0.0034043831810956528
(52, 53) : 0.004411703394613911
(53, 52) : 0.004411703394613911
(53, 8) : 0.0035032207265691217
(53, 54) : 0.003906735580118838
(54, 53) : 0.003906735580118838
(54, 9) : 0.003660286012541451
(54, 55) : 0.004270861748388951
(55, 54) : 0.004270861748388951
(55, 10) : 0.003060829709125147
(55, 56) : 0.0038902339872473285
(56, 55) : 0.0038902339872473285
(56, 11) : 0.0030904480480778633
(56, 57) : 0.004054764521079572
(57, 58) : 0.004129716059978976
(57, 56) : 0.004054764521079572
(57, 12) : 0.0038542627412169227
(58, 57) : 0.004129716059978976
(58, 13) : 0.004735675092882809
(58, 59) : 0.0036503799909849265
(59, 14) : 0.003929549769599742
(59, 60) : 0.003996896187434756
(59, 58) : 0.0036503799909849265
(60, 59) : 0.003996896187434756
(60, 15) : 0.0033531382046986793
(60, 61) : 0.004359489551121348
(61, 16) : 0.00458335093819162
(61, 62) : 0.003216303967642106
(61, 60) : 0.004359489551121348
(62, 61) : 0.003216303967642106
(62, 17) : 0.004169956967886302
(62, 63) : 0.003749459549436056
(63, 62) : 0.003749459549436056
(63, 18) : 0.003680584819179176
(63, 64) : 0.003937630856116484
(64, 63) : 0.003937630856116484
(64, 19) : 0.00458972555128711
(64, 65) : 0.004660643300735094
(65, 64) : 0.004660643300735095
(65, 20) : 0.004406684971324481
(65, 66) : 0.0038438043055049015
(66, 67) : 0.003768147737895101
(66, 65) : 0.0038438043055049015
(66, 21) : 0.003612137371003173
(67, 66) : 0.003768147737895101
(67, 22) : 0.0034497008798061563
(67, 68) : 0.003491222687465907
(68, 69) : 0.0035412737931658847
(68, 67) : 0.0034912226874659067
(68, 23) : 0.0041106430781781824
(69, 68) : 0.0035412737931658847
(69, 24) : 0.0035008543053430697
(69, 70) : 0.00447645224133224
(70, 25) : 0.003037976593540041
(70, 71) : 0.0039947860568253874
(70, 69) : 0.00447645224133224
(71, 70) : 0.0039947860568253874
(71, 26) : 0.003455176362436578
(71, 72) : 0.005022870309339282
(72, 27) : 0.0039012781801538695
(72, 73) : 0.0030062785570083485
(72, 71) : 0.005022870309339282
(73, 72) : 0.0030062785570083485
(73, 28) : 0.003439709052748116
(73, 74) : 0.003806051618058922
(74, 73) : 0.003806051618058922
(74, 29) : 0.0027605855963659717
(74, 75) : 0.003539498754161229
(75, 76) : 0.003126778108499975
(75, 74) : 0.003539498754161229
(75, 30) : 0.0037794155183406013
(76, 75) : 0.003126778108499975
(76, 31) : 0.0036060898231930405
(76, 77) : 0.0034838192297141643
(77, 76) : 0.0034838192297141643
(77, 32) : 0.003010411988393435
(77, 78) : 0.002690032247242876
(78, 77) : 0.002690032247242876
(78, 33) : 0.0034319421041876506
(78, 79) : 0.0039414563785029715
(79, 34) : 0.004185608109459621
(79, 80) : 0.002958624165542147
(79, 78) : 0.0039414563785029715
(80, 79) : 0.002958624165542147
(80, 35) : 0.0038423653028049243
(80, 81) : 0.004627167593874529
(81, 82) : 0.0033234792517343424
(81, 80) : 0.004627167593874529
(81, 36) : 0.003931225930726586
(82, 81) : 0.0033234792517343424
(82, 37) : 0.003975811120236496
(82, 83) : 0.0036320951570215955
(83, 82) : 0.0036320951570215955
(83, 38) : 0.0032749068500421224
(83, 84) : 0.0028049015063821205
(84, 83) : 0.0028049015063821205
(84, 39) : 0.003283174414254021
(84, 85) : 0.0034292367966935896
(85, 84) : 0.0034292367966935896
(85, 40) : 0.003625853868271069
(85, 86) : 0.003474257554586691
(86, 85) : 0.003474257554586691
(86, 41) : 0.004219828836981943
(86, 87) : 0.0036890047490891384
(87, 86) : 0.0036890047490891384
(87, 42) : 0.0036322474153204108
(87, 88) : 0.003251400019318493
(88, 89) : 0.003948449877826234
(88, 87) : 0.003251400019318493
(88, 43) : 0.0029370917780841277
(89, 88) : 0.003948449877826234
(89, 44) : 0.00393378522767044
(89, 90) : 0.0034239225402719763
(90, 46) : 0.00431299053244601
(90, 89) : 0.0034239225402719763
(90, 45) : 0.00405370793978484
