(1, 45) : 0.0038174380073846426
(1, 46) : 0.003490034334778955
(1, 2) : 0.0038994984820595493
(2, 3) : 0.003388003449255257
(2, 1) : 0.0038994984820595493
(2, 47) : 0.004591687270445822
(3, 2) : 0.003388003449255257
(3, 48) : 0.004345842456408521
(3, 4) : 0.004175055930578701
(4, 49) : 0.0036664598157520054
(4, 5) : 0.0030432770661493022
(4, 3) : 0.004175055930578701
(5, 4) : 0.0030432770661493022
(5, 50) : 0.0032694375631541514
(5, 6) : 0.0036527432763635965
(6, 51) : 0.0029942390129197387
(6, 7) : 0.0029827810765596387
(6, 5) : 0.0036527432763635965
(7, 6) : 0.0029827810765596387
(7, 52) : 0.0032283364858373092
(7, 8) : 0.0027554598091348304
(8, 7) : 0.0027554598091348304
(8, 53) : 0.0031370027004374154
(8, 9) : 0.003213403977587787
(9, 10) : 0.002919520318036317
(9, 8) : 0.003213403977587787
(9, 54) : 0.0035726830608964586
(10, 9) : 0.002919520318036317
(10, 55) : 0.0032922132644288542
(10, 11) : 0.0036882684673855293
(11, 12) : 0.002792716615772193
(11, 10) : 0.0036882684673855293
(11, 56) : 0.0034793558376646043
(12, 11) : 0.002792716615772193
(12, 57) : 0.003964644566499757
(12, 13) : 0.0037482537504555367
(13, 14) : 0.003948123409938447
(13, 12) : 0.0037482537504555367
(13, 58) : 0.003356642498425075
(14, 13) : 0.003948123409938447
(14, 59) : 0.0036424577288911865
(14, 15) : 0.003277265031827078
(15, 16) : 0.0037263146169438832
(15, 14) : 0.003277265031827078
(15, 60) : 0.003582012058168167
(16, 15) : 0.0037263146169438832
(16, 61) : 0.003049902282342128
(16, 17) : 0.00288215748746991
(17, 16) : 0.00288215748746991
(17, 62) : 0.003282382409728314
(17, 18) : 0.004504243334976928
(18, 17) : 0.004504243334976928
(18, 63) : 0.004119584975263277
(18, 19) : 0.004408283960595874
(19, 18) : 0.004408283960595874
(19, 64) : 0.004121433653712089
(19, 20) : 0.004622003198212883
(20, 19) : 0.004622003198212883
(20, 65) : 0.003707323709274794
(20, 21) : 0.004433180477616469
(21, 20) : 0.004433180477616469
(21, 66) : 0.004254668715723275
(21, 22) : 0.003665700882379963
(22, 21) : 0.003665700882379963
(22, 67) : 0.0044645392555658385
(22, 23) : 0.003917350134955225
(23, 22) : 0.003917350134955225
(23, 68) : 0.003917029415655685
(23, 24) : 0.003464336039981734
(24, 25) : 0.0039491130635010635
(24, 23) : 0.003464336039981734
(24, 69) : 0.0038802651077020373
(25, 24) : 0.0039491130635010635
(25, 70) : 0.0040868682097126375
(25, 26) : 0.004146455032311387
(26, 27) : 0.00399203100351376
(26, 25) : 0.004146455032311387
(26, 71) : 0.0039698780168620235
(27, 26) : 0.00399203100351376
(27, 72) : 0.003941174297681067
(27, 28) : 0.0038490974731162763
(28, 73) : 0.0035812874926516515
(28, 29) : 0.00381778889158631
(28, 27) : 0.003849097473116277
(29, 28) : 0.00381778889158631
(29, 74) : 0.0032277906614852302
(29, 30) : 0.004222348737579011
(30, 75) : 0.003398122670799279
(30, 31) : 0.004103655935319058
(30, 29) : 0.004222348737579011
(31, 30) : 0.004103655935319058
(31, 76) : 0.00394390850048374
(31, 32) : 0.00393676052055856
(32, 31) : 0.00393676052055856
(32, 77) : 0.0034734191501892514
(32, 33) : 0.0037831736201960698
(33, 34) : 0.0037220168318589032
(33, 32) : 0.0037831736201960698
(33, 78) : 0.003257491832862591
(34, 33) : 0.0037220168318589032
(34, 79) : 0.004361649827995812
(34, 35) : 0.0036874279769038756
(35, 36) : 0.004457797281317338
(35, 34) : 0.0036874279769038756
(35, 80) : 0.00496047886199942
(36, 35) : 0.004457797281317338
(36, 81) : 0.004441146769650602
(36, 37) : 0.00451957701927368
(37, 82) : 0.0035341155162234923
(37, 38) : 0.004016430699989107
(37, 36) : 0.00451957701927368
(38, 37) : 0.004016430699989107
(38, 83) : 0.0030324588583356274
(38, 39) : 0.003514291227285375
(39, 84) : 0.0030631118545027033
(39, 40) : 0.0029764605685203608
(39, 38) : 0.003514291227285375
(40, 39) : 0.0029764605685203608
(40, 85) : 0.0030017820920829677
(40, 41) : 0.003324440718534516
(41, 40) : 0.003324440718534516
(41, 86) : 0.0039967798651714855
(41, 42) : 0.003071451209282245
(42, 43) : 0.004386143885091459
(42, 41) : 0.003071451209282245
(42, 87) : 0.004154634053992101
(43, 42) : 0.004386143885091459
(43, 88) : 0.003094896461649062
(43, 44) : 0.0048554203058032664
(44, 45) : 0.003596611517162576
(44, 43) : 0.0048554203058032664
(44, 89) : 0.003992512795577558
(45, 44) : 0.003596611517162576
(45, 90) : 0.004064754554293109
(45, 1) : 0.0038174380073846426
(46, 47) : 0.004134766422780881
(46, 90) : 0.0034024608957155603
(46, 1) : 0.003490034334778955
(47, 46) : 0.004134766422780881
(47, 2) : 0.004591687270445822
(47, 48) : 0.004143582590452845
(48, 49) : 0.003205678832887549
(48, 47) : 0.004143582590452845
(48, 3) : 0.004345842456408521
(49, 48) : 0.003205678832887549
(49, 4) : 0.0036664598157520054
(49, 50) : 0.003436090898484402
(50, 49) : 0.003436090898484402
(50, 5) : 0.0032694375631541514
(50, 51) : 0.0034324727912562634
(51, 50) : 0.0034324727912562634
(51, 6) : 0.0029942390129197387
(51, 52) : 0.0027656811936202577
(52, 51) : 0.0027656811936202577
(52, 7) : 0.0032283364858373092
(52, 53) : 0.0034010768957744263
(53, 52) : 0.0034010768957744263
(53, 8) : 0.0031370027004374154
(53, 54) : 0.0031205567120165516
(54, 53) : 0.0031205567120165516
(54, 9) : 0.0035726830608964586
(54, 55) : 0.0031953067606637067
(55, 54) : 0.0031953067606637067
(55, 10) : 0.0032922132644288542
(55, 56) : 0.003717397228742846
(56, 55) : 0.003717397228742846
(56, 11) : 0.0034793558376646043
(56, 57) : 0.0030895091118972547
(57, 58) : 0.003378851890555832
(57, 56) : 0.0030895091118972547
(57, 12) : 0.003964644566499756
(58, 57) : 0.003378851890555832
(58, 13) : 0.003356642498425075
(58, 59) : 0.003722146734151125
(59, 14) : 0.0036424577288911865
(59, 60) : 0.0032839947851054864
(59, 58) : 0.003722146734151125
(60, 59) : 0.003283994785105487
(60, 15) : 0.003582012058168167
(60, 61) : 0.0029682769222368695
(61, 16) : 0.003049902282342128
(61, 62) : 0.0035224853442825527
(61, 60) : 0.0029682769222368695
(62, 61) : 0.0035224853442825535
(62, 17) : 0.003282382409728314
(62, 63) : 0.0037994666824390285
(63, 62) : 0.0037994666824390285
(63, 18) : 0.004119584975263277
(63, 64) : 0.004316145997820782
(64, 63) : 0.004316145997820782
(64, 19) : 0.004121433653712089
(64, 65) : 0.0043186503055207635
(65, 64) : 0.0043186503055207635
(65, 20) : 0.003707323709274794
(65, 66) : 0.0032877858894257493
(66, 67) : 0.003848434192001727
(66, 65) : 0.0032877858894257493
(66, 21) : 0.004254668715723275
(67, 66) : 0.003848434192001727
(67, 22) : 0.0044645392555658385
(67, 68) : 0.003979249581708515
(68, 69) : 0.0038079541615368855
(68, 67) : 0.003979249581708515
(68, 23) : 0.003917029415655685
(69, 68) : 0.0038079541615368855
(69, 24) : 0.0038802651077020373
(69, 70) : 0.0038749393429656997
(70, 25) : 0.004086868209712637
(70, 71) : 0.004393394378579384
(70, 69) : 0.0038749393429656997
(71, 70) : 0.004393394378579384
(71, 26) : 0.0039698780168620235
(71, 72) : 0.0034003414702477005
(72, 27) : 0.003941174297681067
(72, 73) : 0.0034015571746711373
(72, 71) : 0.0034003414702477005
(73, 72) : 0.0034015571746711373
(73, 28) : 0.0035812874926516515
(73, 74) : 0.003624352721804808
(74, 73) : 0.003624352721804808
(74, 29) : 0.0032277906614852302
(74, 75) : 0.003587904866082297
(75, 76) : 0.0036515879062297206
(75, 74) : 0.003587904866082297
(75, 30) : 0.003398122670799279
(76, 75) : 0.0036515879062297206
(76, 31) : 0.00394390850048374
(76, 77) : 0.003626658190955039
(77, 76) : 0.003626658190955039
(77, 32) : 0.0034734191501892514
(77, 78) : 0.004096265090690041
(78, 77) : 0.004096265090690041
(78, 33) : 0.003257491832862591
(78, 79) : 0.00343767043838691
(79, 34) : 0.004361649827995811
(79, 80) : 0.004331538352140257
(79, 78) : 0.00343767043838691
(80, 79) : 0.004331538352140257
(80, 35) : 0.00496047886199942
(80, 81) : 0.003485378966475833
(81, 82) : 0.004384904801011463
(81, 80) : 0.003485378966475833
(81, 36) : 0.004441146769650602
(82, 81) : 0.004384904801011462
(82, 37) : 0.0035341155162234923
(82, 83) : 0.003500916183340728
(83, 82) : 0.003500916183340728
(83, 38) : 0.0030324588583356274
(83, 84) : 0.0033449009432994187
(84, 83) : 0.0033449009432994187
(84, 39) : 0.0030631118545027033
(84, 85) : 0.0031056253839756793
(85, 84) : 0.0031056253839756793
(85, 40) : 0.0030017820920829677
(85, 86) : 0.0037274797998880127
(86, 85) : 0.0037274797998880127
(86, 41) : 0.0039967798651714855
(86, 87) : 0.0032792557749434805
(87, 86) : 0.0032792557749434805
(87, 42) : 0.004154634053992101
(87, 88) : 0.004497741579647309
(88, 89) : 0.00424261737922183
(88, 87) : 0.004497741579647309
(88, 43) : 0.003094896461649062
(89, 88) : 0.00424261737922183
(89, 44) : 0.003992512795577558
(89, 90) : 0.0038846335901628975
(90, 46) : 0.0034024608957155603
(90, 89) : 0.0038846335901628975
(90, 45) : 0.004064754554293109
