(1, 45) : 0.0040972585594466785
(1, 46) : 0.004154958044062545
(1, 2) : 0.004162500696811471
(2, 3) : 0.00400314044479316
(2, 1) : 0.004162500696811471
(2, 47) : 0.003988141157470311
(3, 2) : 0.00400314044479316
(3, 48) : 0.004107080324060662
(3, 4) : 0.003192740470664775
(4, 49) : 0.004062094931843736
(4, 5) : 0.00321062392246327
(4, 3) : 0.003192740470664775
(5, 4) : 0.00321062392246327
(5, 50) : 0.004023133187242825
(5, 6) : 0.0029549385399704506
(6, 51) : 0.003873457122452141
(6, 7) : 0.003478286860681812
(6, 5) : 0.0029549385399704506
(7, 6) : 0.003478286860681812
(7, 52) : 0.003523503430405679
(7, 8) : 0.0042273824397011045
(8, 7) : 0.0042273824397011045
(8, 53) : 0.003668333368629154
(8, 9) : 0.004713976802152219
(9, 10) : 0.0035503867094036023
(9, 8) : 0.004713976802152219
(9, 54) : 0.003701824969455475
(10, 9) : 0.0035503867094036023
(10, 55) : 0.0033514341057928774
(10, 11) : 0.003596193773357316
(11, 12) : 0.0033760019434392148
(11, 10) : 0.003596193773357316
(11, 56) : 0.003239000832918266
(12, 11) : 0.0033760019434392148
(12, 57) : 0.0035688536082543187
(12, 13) : 0.003408221663369242
(13, 14) : 0.0037532048926728293
(13, 12) : 0.003408221663369242
(13, 58) : 0.0036318329264883073
(14, 13) : 0.0037532048926728293
(14, 59) : 0.003527418237232907
(14, 15) : 0.0028467796839352047
(15, 16) : 0.003600864271605898
(15, 14) : 0.0028467796839352047
(15, 60) : 0.0033338462068249457
(16, 15) : 0.003600864271605898
(16, 61) : 0.0032536028192713938
(16, 17) : 0.0031225836794519
(17, 16) : 0.0031225836794519
(17, 62) : 0.0035200112283811143
(17, 18) : 0.0032705491434476797
(18, 17) : 0.0032705491434476797
(18, 63) : 0.0032509972708038067
(18, 19) : 0.0030624548370957703
(19, 18) : 0.0030624548370957703
(19, 64) : 0.0031769815236829457
(19, 20) : 0.0033491512950365944
(20, 19) : 0.0033491512950365944
(20, 65) : 0.0032106705885037467
(20, 21) : 0.004343383945059537
(21, 20) : 0.004343383945059537
(21, 66) : 0.003519190894909862
(21, 22) : 0.004089106117750462
(22, 21) : 0.004089106117750462
(22, 67) : 0.004361003819877224
(22, 23) : 0.003087887691923746
(23, 22) : 0.003087887691923745
(23, 68) : 0.003826099345372884
(23, 24) : 0.004216710557874799
(24, 25) : 0.0027853680862930863
(24, 23) : 0.004216710557874799
(24, 69) : 0.003588623758329941
(25, 24) : 0.0027853680862930863
(25, 70) : 0.003794774261032627
(25, 26) : 0.004738478926505345
(26, 27) : 0.0034863624326400985
(26, 25) : 0.004738478926505345
(26, 71) : 0.0038405498277165216
(27, 26) : 0.0034863624326400985
(27, 72) : 0.004060365549194924
(27, 28) : 0.003472191773889353
(28, 73) : 0.0034451250644730166
(28, 29) : 0.0036533969853201685
(28, 27) : 0.003472191773889353
(29, 28) : 0.0036533969853201685
(29, 74) : 0.004020623426540481
(29, 30) : 0.0044766476453051395
(30, 75) : 0.004729632175527579
(30, 31) : 0.004333164804852428
(30, 29) : 0.0044766476453051395
(31, 30) : 0.004333164804852428
(31, 76) : 0.004108505819168292
(31, 32) : 0.004464473314547206
(32, 31) : 0.004464473314547206
(32, 77) : 0.004134928777820041
(32, 33) : 0.004220020882547803
(33, 34) : 0.004605468529910778
(33, 32) : 0.004220020882547803
(33, 78) : 0.003559411584525508
(34, 33) : 0.004605468529910778
(34, 79) : 0.0037887943859401963
(34, 35) : 0.003398572752122923
(35, 36) : 0.0038902756205546327
(35, 34) : 0.003398572752122923
(35, 80) : 0.003803693183355924
(36, 35) : 0.0038902756205546327
(36, 81) : 0.0036085986777834827
(36, 37) : 0.0033831969812050293
(37, 82) : 0.004354113100816557
(37, 38) : 0.0032784836749303816
(37, 36) : 0.0033831969812050293
(38, 37) : 0.0032784836749303816
(38, 83) : 0.0037479156627395877
(38, 39) : 0.0035324307399018954
(39, 84) : 0.003751378462849959
(39, 40) : 0.0038853846968747545
(39, 38) : 0.0035324307399018954
(40, 39) : 0.0038853846968747545
(40, 85) : 0.004469360124040971
(40, 41) : 0.0038319620472091003
(41, 40) : 0.0038319620472091003
(41, 86) : 0.0035901460033270385
(41, 42) : 0.0036199292062351267
(42, 43) : 0.0027939436499367673
(42, 41) : 0.0036199292062351262
(42, 87) : 0.0030740057917144213
(43, 42) : 0.0027939436499367673
(43, 88) : 0.0033161041805188254
(43, 44) : 0.003430654287431963
(44, 45) : 0.0041334461496240794
(44, 43) : 0.003430654287431963
(44, 89) : 0.0034966597677072325
(45, 44) : 0.0041334461496240794
(45, 90) : 0.003904997402571859
(45, 1) : 0.0040972585594466785
(46, 47) : 0.003166804091557148
(46, 90) : 0.003520330517551687
(46, 1) : 0.004154958044062545
(47, 46) : 0.003166804091557148
(47, 2) : 0.003988141157470311
(47, 48) : 0.004389181345841642
(48, 49) : 0.0036995042969866256
(48, 47) : 0.004389181345841642
(48, 3) : 0.004107080324060662
(49, 48) : 0.0036995042969866256
(49, 4) : 0.004062094931843736
(49, 50) : 0.0036923502345952634
(50, 49) : 0.003692350234595263
(50, 5) : 0.004023133187242825
(50, 51) : 0.003257783309214005
(51, 50) : 0.003257783309214005
(51, 6) : 0.003873457122452141
(51, 52) : 0.003465124163115582
(52, 51) : 0.003465124163115582
(52, 7) : 0.003523503430405679
(52, 53) : 0.004523129307172982
(53, 52) : 0.004523129307172982
(53, 8) : 0.003668333368629154
(53, 54) : 0.00512090481471291
(54, 53) : 0.00512090481471291
(54, 9) : 0.003701824969455475
(54, 55) : 0.004523876188786402
(55, 54) : 0.004523876188786402
(55, 10) : 0.0033514341057928774
(55, 56) : 0.0034169371571104445
(56, 55) : 0.0034169371571104445
(56, 11) : 0.003239000832918266
(56, 57) : 0.003451540928396877
(57, 58) : 0.0032585898240377136
(57, 56) : 0.0034515409283968775
(57, 12) : 0.0035688536082543187
(58, 57) : 0.003258589824037713
(58, 13) : 0.0036318329264883073
(58, 59) : 0.0030083833050413835
(59, 14) : 0.003527418237232907
(59, 60) : 0.0032995551662578083
(59, 58) : 0.0030083833050413835
(60, 59) : 0.0032995551662578083
(60, 15) : 0.0033338462068249457
(60, 61) : 0.002729988173676032
(61, 16) : 0.0032536028192713938
(61, 62) : 0.003401660183779106
(61, 60) : 0.002729988173676032
(62, 61) : 0.003401660183779106
(62, 17) : 0.0035200112283811143
(62, 63) : 0.0031085250306772906
(63, 62) : 0.0031085250306772906
(63, 18) : 0.0032509972708038067
(63, 64) : 0.003042792126540644
(64, 63) : 0.003042792126540644
(64, 19) : 0.0031769815236829457
(64, 65) : 0.0033466875665386577
(65, 64) : 0.0033466875665386577
(65, 20) : 0.0032106705885037467
(65, 66) : 0.005136323821733638
(66, 67) : 0.004351118302181609
(66, 65) : 0.005136323821733638
(66, 21) : 0.003519190894909862
(67, 66) : 0.004351118302181609
(67, 22) : 0.004361003819877224
(67, 68) : 0.00408392325763957
(68, 69) : 0.0037057148304347346
(68, 67) : 0.004083923257639571
(68, 23) : 0.003826099345372884
(69, 68) : 0.0037057148304347346
(69, 24) : 0.003588623758329941
(69, 70) : 0.0032675921673295683
(70, 25) : 0.003794774261032627
(70, 71) : 0.0034294031865584936
(70, 69) : 0.0032675921673295683
(71, 70) : 0.0034294031865584936
(71, 26) : 0.0038405498277165216
(71, 72) : 0.004478309403252639
(72, 27) : 0.004060365549194924
(72, 73) : 0.003370624055514085
(72, 71) : 0.004478309403252639
(73, 72) : 0.003370624055514085
(73, 28) : 0.0034451250644730166
(73, 74) : 0.004349180810093406
(74, 73) : 0.004349180810093406
(74, 29) : 0.004020623426540481
(74, 75) : 0.003579868523920989
(75, 76) : 0.0035258303736788025
(75, 74) : 0.003579868523920989
(75, 30) : 0.00472963217552758
(76, 75) : 0.0035258303736788025
(76, 31) : 0.004108505819168292
(76, 77) : 0.003645430668915849
(77, 76) : 0.003645430668915849
(77, 32) : 0.004134928777820041
(77, 78) : 0.003361942382785011
(78, 77) : 0.003361942382785011
(78, 33) : 0.003559411584525508
(78, 79) : 0.004794202998390156
(79, 34) : 0.0037887943859401963
(79, 80) : 0.0031209772481194716
(79, 78) : 0.004794202998390156
(80, 79) : 0.0031209772481194716
(80, 35) : 0.003803693183355924
(80, 81) : 0.0037494963635881446
(81, 82) : 0.003427948758233903
(81, 80) : 0.0037494963635881446
(81, 36) : 0.0036085986777834827
(82, 81) : 0.003427948758233903
(82, 37) : 0.004354113100816557
(82, 83) : 0.0036115712049801345
(83, 82) : 0.0036115712049801345
(83, 38) : 0.0037479156627395877
(83, 84) : 0.003800803032248879
(84, 83) : 0.003800803032248879
(84, 39) : 0.003751378462849959
(84, 85) : 0.003749186516940466
(85, 84) : 0.003749186516940466
(85, 40) : 0.004469360124040971
(85, 86) : 0.0038462875259990398
(86, 85) : 0.0038462875259990398
(86, 41) : 0.003590146003327039
(86, 87) : 0.0036038383917070763
(87, 86) : 0.0036038383917070763
(87, 42) : 0.0030740057917144213
(87, 88) : 0.003041580811051896
(88, 89) : 0.0036552782286784304
(88, 87) : 0.003041580811051896
(88, 43) : 0.0033161041805188254
(89, 88) : 0.0036552782286784304
(89, 44) : 0.0034966597677072325
(89, 90) : 0.003699960342854214
(90, 46) : 0.003520330517551687
(90, 89) : 0.003699960342854214
(90, 45) : 0.0039049974025718594
