(1, 45) : 0.00329553788440844
(1, 46) : 0.0028520633577427145
(1, 2) : 0.003111140341217866
(2, 3) : 0.003607451324369898
(2, 1) : 0.003111140341217866
(2, 47) : 0.0029176957623635027
(3, 2) : 0.003607451324369898
(3, 48) : 0.003169203876088439
(3, 4) : 0.004935278817971294
(4, 49) : 0.0035466625063814133
(4, 5) : 0.0035584152441923015
(4, 3) : 0.004935278817971294
(5, 4) : 0.003558415244192301
(5, 50) : 0.0038830578026089785
(5, 6) : 0.0038712113786057317
(6, 51) : 0.003746992030610288
(6, 7) : 0.0034361126326978024
(6, 5) : 0.0038712113786057317
(7, 6) : 0.0034361126326978024
(7, 52) : 0.003906243023812956
(7, 8) : 0.00353661142304227
(8, 7) : 0.00353661142304227
(8, 53) : 0.0036733618806827936
(8, 9) : 0.0038965515512180754
(9, 10) : 0.004479112985014598
(9, 8) : 0.0038965515512180754
(9, 54) : 0.004023166262946915
(10, 9) : 0.004479112985014598
(10, 55) : 0.005133822088116992
(10, 11) : 0.0035667684872421
(11, 12) : 0.003423971721394812
(11, 10) : 0.0035667684872421
(11, 56) : 0.0046244971517817824
(12, 11) : 0.003423971721394812
(12, 57) : 0.0038915495667121644
(12, 13) : 0.0036844885383275124
(13, 14) : 0.0033440117886101278
(13, 12) : 0.0036844885383275124
(13, 58) : 0.004613633262546243
(14, 13) : 0.0033440117886101278
(14, 59) : 0.003965537061982917
(14, 15) : 0.004345244496109321
(15, 16) : 0.0035217371359656307
(15, 14) : 0.004345244496109321
(15, 60) : 0.0031127491947800746
(16, 15) : 0.0035217371359656307
(16, 61) : 0.0035526839058222823
(16, 17) : 0.0041653077728535945
(17, 16) : 0.0041653077728535945
(17, 62) : 0.0030959887699383765
(17, 18) : 0.003972992068980399
(18, 17) : 0.003972992068980399
(18, 63) : 0.003571155927302297
(18, 19) : 0.002813028550965644
(19, 18) : 0.002813028550965644
(19, 64) : 0.003571155927302297
(19, 20) : 0.004458696768863362
(20, 19) : 0.004458696768863362
(20, 65) : 0.0030709557852256378
(20, 21) : 0.003160949897004818
(21, 20) : 0.003160949897004818
(21, 66) : 0.0032083572787796424
(21, 22) : 0.0037655149223196523
(22, 21) : 0.0037655149223196523
(22, 67) : 0.004125274401104138
(22, 23) : 0.0028304634757779328
(23, 22) : 0.0028304634757779328
(23, 68) : 0.004603391216824098
(23, 24) : 0.004149389077570915
(24, 25) : 0.0028607856773847523
(24, 23) : 0.004149389077570915
(24, 69) : 0.0040060087458869105
(25, 24) : 0.0028607856773847523
(25, 70) : 0.0039792199969800705
(25, 26) : 0.0038808816163037082
(26, 27) : 0.004156024783489038
(26, 25) : 0.0038808816163037082
(26, 71) : 0.003107887990252632
(27, 26) : 0.004156024783489038
(27, 72) : 0.0038356372441374774
(27, 28) : 0.004427893136789282
(28, 73) : 0.00410818032117679
(28, 29) : 0.005199065991787359
(28, 27) : 0.004427893136789282
(29, 28) : 0.005199065991787359
(29, 74) : 0.003922345810435122
(29, 30) : 0.0029830098256078586
(30, 75) : 0.0037415269302368665
(30, 31) : 0.004231121566676853
(30, 29) : 0.0029830098256078586
(31, 30) : 0.004231121566676853
(31, 76) : 0.0032178192392153396
(31, 32) : 0.0030144289219460585
(32, 31) : 0.0030144289219460585
(32, 77) : 0.0037018027338107285
(32, 33) : 0.003335747829352295
(33, 34) : 0.003113905174378658
(33, 32) : 0.003335747829352295
(33, 78) : 0.0033913658280008735
(34, 33) : 0.003113905174378658
(34, 79) : 0.0026178670183158856
(34, 35) : 0.0034276994055065066
(35, 36) : 0.0028608449490104587
(35, 34) : 0.0034276994055065066
(35, 80) : 0.003244301898543004
(36, 35) : 0.0028608449490104587
(36, 81) : 0.003940866734152643
(36, 37) : 0.00423101013834934
(37, 82) : 0.003344710620119177
(37, 38) : 0.0036120944738812434
(37, 36) : 0.00423101013834934
(38, 37) : 0.0036120944738812434
(38, 83) : 0.0034056490121653813
(38, 39) : 0.0033600952706304477
(39, 84) : 0.003336718731846108
(39, 40) : 0.0037311286968759495
(39, 38) : 0.0033600952706304477
(40, 39) : 0.0037311286968759495
(40, 85) : 0.003282298873528636
(40, 41) : 0.003837494940742299
(41, 40) : 0.003837494940742299
(41, 86) : 0.003361907572733952
(41, 42) : 0.0038347311173746604
(42, 43) : 0.003480106102588627
(42, 41) : 0.0038347311173746604
(42, 87) : 0.0029993899455402315
(43, 42) : 0.003480106102588627
(43, 88) : 0.003012904704407388
(43, 44) : 0.0033793236895632065
(44, 45) : 0.0036142391541992445
(44, 43) : 0.0033793236895632065
(44, 89) : 0.0031978024010126008
(45, 44) : 0.0036142391541992445
(45, 90) : 0.0032346494994102775
(45, 1) : 0.00329553788440844
(46, 47) : 0.003013909990425579
(46, 90) : 0.0032607017042476753
(46, 1) : 0.0028520633577427145
(47, 46) : 0.003013909990425579
(47, 2) : 0.0029176957623635027
(47, 48) : 0.0033598282707705427
(48, 49) : 0.004222598577923415
(48, 47) : 0.0033598282707705427
(48, 3) : 0.003169203876088439
(49, 48) : 0.004222598577923415
(49, 4) : 0.0035466625063814133
(49, 50) : 0.004044873313211688
(50, 49) : 0.004044873313211688
(50, 5) : 0.0038830578026089785
(50, 51) : 0.0034967815645895284
(51, 50) : 0.0034967815645895284
(51, 6) : 0.003746992030610288
(51, 52) : 0.004434301102134627
(52, 51) : 0.004434301102134627
(52, 7) : 0.003906243023812956
(52, 53) : 0.0038157282600939564
(53, 52) : 0.0038157282600939564
(53, 8) : 0.0036733618806827936
(53, 54) : 0.0038050694882517094
(54, 53) : 0.0038050694882517094
(54, 9) : 0.004023166262946915
(54, 55) : 0.004242045857914932
(55, 54) : 0.004242045857914932
(55, 10) : 0.005133822088116992
(55, 56) : 0.0036105994761082756
(56, 55) : 0.0036105994761082756
(56, 11) : 0.0046244971517817824
(56, 57) : 0.0036821660301949695
(57, 58) : 0.00389484286521479
(57, 56) : 0.0036821660301949695
(57, 12) : 0.0038915495667121644
(58, 57) : 0.00389484286521479
(58, 13) : 0.004613633262546243
(58, 59) : 0.0040112619169316655
(59, 14) : 0.003965537061982917
(59, 60) : 0.003432986500092098
(59, 58) : 0.0040112619169316655
(60, 59) : 0.003432986500092098
(60, 15) : 0.0031127491947800746
(60, 61) : 0.0041357440476492285
(61, 16) : 0.0035526839058222823
(61, 62) : 0.0036711261276497348
(61, 60) : 0.0041357440476492285
(62, 61) : 0.0036711261276497348
(62, 17) : 0.0030959887699383765
(62, 63) : 0.004626867733424664
(63, 62) : 0.004626867733424664
(63, 18) : 0.003571155927302297
(63, 64) : 0.002813028550965644
(64, 63) : 0.002813028550965644
(64, 19) : 0.003571155927302297
(64, 65) : 0.004357149356988745
(65, 64) : 0.004357149356988745
(65, 20) : 0.0030709557852256378
(65, 66) : 0.0029996865469192
(66, 67) : 0.0032311490280372062
(66, 65) : 0.0029996865469192
(66, 21) : 0.0032083572787796424
(67, 66) : 0.0032311490280372062
(67, 22) : 0.004125274401104138
(67, 68) : 0.0029799453595049565
(68, 69) : 0.0036117780749425903
(68, 67) : 0.0029799453595049565
(68, 23) : 0.004603391216824098
(69, 68) : 0.0036117780749425903
(69, 24) : 0.0040060087458869105
(69, 70) : 0.0037112749513879334
(70, 25) : 0.0039792199969800705
(70, 71) : 0.0037912080303453967
(70, 69) : 0.0037112749513879334
(71, 70) : 0.0037912080303453967
(71, 26) : 0.003107887990252632
(71, 72) : 0.004878949849872632
(72, 27) : 0.0038356372441374774
(72, 73) : 0.005089494584172231
(72, 71) : 0.004878949849872632
(73, 72) : 0.005089494584172231
(73, 28) : 0.00410818032117679
(73, 74) : 0.0043421245417758205
(74, 73) : 0.0043421245417758205
(74, 29) : 0.003922345810435122
(74, 75) : 0.0036157519562399687
(75, 76) : 0.0035764276543475354
(75, 74) : 0.0036157519562399687
(75, 30) : 0.0037415269302368665
(76, 75) : 0.0035764276543475354
(76, 31) : 0.0032178192392153396
(76, 77) : 0.004244707278885114
(77, 76) : 0.004244707278885114
(77, 32) : 0.0037018027338107285
(77, 78) : 0.0032886055744695314
(78, 77) : 0.0032886055744695314
(78, 33) : 0.003391365828000874
(78, 79) : 0.003980890204070228
(79, 34) : 0.0026178670183158856
(79, 80) : 0.003418456708536911
(79, 78) : 0.003980890204070227
(80, 79) : 0.003418456708536911
(80, 35) : 0.003244301898543004
(80, 81) : 0.0033490386429554527
(81, 82) : 0.003954699143824811
(81, 80) : 0.0033490386429554527
(81, 36) : 0.003940866734152643
(82, 81) : 0.003954699143824811
(82, 37) : 0.003344710620119177
(82, 83) : 0.004418998209973763
(83, 82) : 0.004418998209973763
(83, 38) : 0.0034056490121653813
(83, 84) : 0.0032908680380069194
(84, 83) : 0.00329086803800692
(84, 39) : 0.0033367187318461083
(84, 85) : 0.00478082683159336
(85, 84) : 0.00478082683159336
(85, 40) : 0.003282298873528636
(85, 86) : 0.004494816561218358
(86, 85) : 0.004494816561218358
(86, 41) : 0.003361907572733952
(86, 87) : 0.00494278798068127
(87, 86) : 0.00494278798068127
(87, 42) : 0.0029993899455402315
(87, 88) : 0.0037872757942579477
(88, 89) : 0.0037316959545217244
(88, 87) : 0.0037872757942579477
(88, 43) : 0.0030129047044073877
(89, 88) : 0.0037316959545217244
(89, 44) : 0.0031978024010126008
(89, 90) : 0.0032052511241493793
(90, 46) : 0.0032607017042476753
(90, 89) : 0.0032052511241493793
(90, 45) : 0.0032346494994102775
