(1, 45) : 0.0044208564620463265
(1, 46) : 0.0035173422042640316
(1, 2) : 0.004596664341397982
(2, 3) : 0.004805531608731015
(2, 1) : 0.004596664341397982
(2, 47) : 0.003962762254203085
(3, 2) : 0.004805531608731015
(3, 48) : 0.004304196491677725
(3, 4) : 0.004824430507802851
(4, 49) : 0.0043067666097000344
(4, 5) : 0.003123677645892836
(4, 3) : 0.004824430507802851
(5, 4) : 0.003123677645892836
(5, 50) : 0.0035500858268059654
(5, 6) : 0.004168519865880671
(6, 51) : 0.00314370168677225
(6, 7) : 0.0037434937978810074
(6, 5) : 0.004168519865880671
(7, 6) : 0.0037434937978810074
(7, 52) : 0.0036333120257053997
(7, 8) : 0.003565270956272675
(8, 7) : 0.003565270956272675
(8, 53) : 0.003592921648263363
(8, 9) : 0.004368778026490348
(9, 10) : 0.004594807894532013
(9, 8) : 0.004368778026490348
(9, 54) : 0.0031615207393384547
(10, 9) : 0.004594807894532013
(10, 55) : 0.0033196550573080527
(10, 11) : 0.003893160553750866
(11, 12) : 0.0035906270117936883
(11, 10) : 0.003893160553750866
(11, 56) : 0.0036382106584034804
(12, 11) : 0.0035906270117936883
(12, 57) : 0.0035606609172759373
(12, 13) : 0.003297423287414283
(13, 14) : 0.0038383691837975023
(13, 12) : 0.003297423287414283
(13, 58) : 0.0029571415030044323
(14, 13) : 0.0038383691837975023
(14, 59) : 0.004057680596417409
(14, 15) : 0.0031611197107572586
(15, 16) : 0.003408346977260107
(15, 14) : 0.0031611197107572595
(15, 60) : 0.004425916620480632
(16, 15) : 0.003408346977260107
(16, 61) : 0.0029674940739909395
(16, 17) : 0.0038441699519867743
(17, 16) : 0.0038441699519867743
(17, 62) : 0.003634136117229329
(17, 18) : 0.003112848611918273
(18, 17) : 0.003112848611918273
(18, 63) : 0.004475796687775677
(18, 19) : 0.0036573634705322003
(19, 18) : 0.0036573634705322003
(19, 64) : 0.0036160250453207412
(19, 20) : 0.003512587505010272
(20, 19) : 0.003512587505010272
(20, 65) : 0.0033651266063766945
(20, 21) : 0.0033040391187017623
(21, 20) : 0.0033040391187017623
(21, 66) : 0.0036462994305753228
(21, 22) : 0.002796395904326078
(22, 21) : 0.002796395904326078
(22, 67) : 0.003373092942977759
(22, 23) : 0.004163012183204183
(23, 22) : 0.004163012183204183
(23, 68) : 0.003045038764337881
(23, 24) : 0.003908314586823228
(24, 25) : 0.0033520364555849396
(24, 23) : 0.003908314586823228
(24, 69) : 0.003524984642784962
(25, 24) : 0.00335203645558494
(25, 70) : 0.004406545838519023
(25, 26) : 0.00421756153537871
(26, 27) : 0.003528841062112457
(26, 25) : 0.00421756153537871
(26, 71) : 0.004930930215422727
(27, 26) : 0.003528841062112457
(27, 72) : 0.0038593248574146995
(27, 28) : 0.0037771930673102068
(28, 73) : 0.0031326464680112454
(28, 29) : 0.003581726226020191
(28, 27) : 0.0037771930673102068
(29, 28) : 0.003581726226020191
(29, 74) : 0.0030247310536107917
(29, 30) : 0.0033014911111529143
(30, 75) : 0.002781905102022311
(30, 31) : 0.0029320401173943346
(30, 29) : 0.0033014911111529143
(31, 30) : 0.0029320401173943346
(31, 76) : 0.0029276954263630812
(31, 32) : 0.0029352804727390226
(32, 31) : 0.0029352804727390226
(32, 77) : 0.003225407499169252
(32, 33) : 0.003607009946923623
(33, 34) : 0.004149504430371374
(33, 32) : 0.003607009946923623
(33, 78) : 0.0033493957510636538
(34, 33) : 0.004149504430371374
(34, 79) : 0.003185448393403284
(34, 35) : 0.0036217450379432054
(35, 36) : 0.0036165412214961817
(35, 34) : 0.0036217450379432054
(35, 80) : 0.003263135005571066
(36, 35) : 0.0036165412214961817
(36, 81) : 0.0035871144491750814
(36, 37) : 0.0043958068590195494
(37, 82) : 0.0035015267449813193
(37, 38) : 0.003921084591933852
(37, 36) : 0.0043958068590195494
(38, 37) : 0.003921084591933852
(38, 83) : 0.00343021323616859
(38, 39) : 0.0032766699539991365
(39, 84) : 0.0036275781832368474
(39, 40) : 0.004070127739080694
(39, 38) : 0.0032766699539991365
(40, 39) : 0.004070127739080694
(40, 85) : 0.0035461435745780152
(40, 41) : 0.004283524668524315
(41, 40) : 0.004283524668524315
(41, 86) : 0.004064109297050751
(41, 42) : 0.0032720624251580347
(42, 43) : 0.003958402704673758
(42, 41) : 0.0032720624251580347
(42, 87) : 0.00403905806815086
(43, 42) : 0.003958402704673758
(43, 88) : 0.0037360150495217626
(43, 44) : 0.0030846664580062226
(44, 45) : 0.0038828140307636335
(44, 43) : 0.0030846664580062226
(44, 89) : 0.003950542582128503
(45, 44) : 0.003882814030763634
(45, 90) : 0.0035332181319866597
(45, 1) : 0.0044208564620463265
(46, 47) : 0.003686787687336902
(46, 90) : 0.00401121660681749
(46, 1) : 0.0035173422042640316
(47, 46) : 0.003686787687336902
(47, 2) : 0.003962762254203085
(47, 48) : 0.004341410004243093
(48, 49) : 0.003382197996661682
(48, 47) : 0.004341410004243093
(48, 3) : 0.004304196491677725
(49, 48) : 0.003382197996661682
(49, 4) : 0.0043067666097000344
(49, 50) : 0.0034983391396488576
(50, 49) : 0.0034983391396488576
(50, 5) : 0.0035500858268059654
(50, 51) : 0.0030220073558224355
(51, 50) : 0.0030220073558224355
(51, 6) : 0.00314370168677225
(51, 52) : 0.0036649193262142826
(52, 51) : 0.0036649193262142826
(52, 7) : 0.0036333120257053997
(52, 53) : 0.0031459947905733638
(53, 52) : 0.0031459947905733633
(53, 8) : 0.003592921648263363
(53, 54) : 0.004217398544613367
(54, 53) : 0.004217398544613367
(54, 9) : 0.0031615207393384547
(54, 55) : 0.0047057309466304285
(55, 54) : 0.0047057309466304285
(55, 10) : 0.0033196550573080527
(55, 56) : 0.004033036115402173
(56, 55) : 0.004033036115402173
(56, 11) : 0.0036382106584034804
(56, 57) : 0.003675011689541903
(57, 58) : 0.003467670184653619
(57, 56) : 0.003675011689541903
(57, 12) : 0.0035606609172759373
(58, 57) : 0.0034676701846536187
(58, 13) : 0.0029571415030044323
(58, 59) : 0.004049282500021633
(59, 14) : 0.004057680596417409
(59, 60) : 0.00357668590135478
(59, 58) : 0.004049282500021633
(60, 59) : 0.00357668590135478
(60, 15) : 0.004425916620480632
(60, 61) : 0.0037019997930412304
(61, 16) : 0.0029674940739909395
(61, 62) : 0.003734636506416368
(61, 60) : 0.0037019997930412304
(62, 61) : 0.003734636506416368
(62, 17) : 0.003634136117229329
(62, 63) : 0.003608366473898363
(63, 62) : 0.003608366473898363
(63, 18) : 0.004475796687775677
(63, 64) : 0.003431401140487338
(64, 63) : 0.003431401140487338
(64, 19) : 0.0036160250453207412
(64, 65) : 0.004102574259557423
(65, 64) : 0.004102574259557423
(65, 20) : 0.0033651266063766945
(65, 66) : 0.0033617924499344375
(66, 67) : 0.0030365119743844806
(66, 65) : 0.0033617924499344375
(66, 21) : 0.0036462994305753228
(67, 66) : 0.0030365119743844806
(67, 22) : 0.003373092942977759
(67, 68) : 0.003586453172756158
(68, 69) : 0.0038920480358437416
(68, 67) : 0.003586453172756158
(68, 23) : 0.003045038764337881
(69, 68) : 0.0038920480358437416
(69, 24) : 0.003524984642784962
(69, 70) : 0.0034975644436821707
(70, 25) : 0.004406545838519023
(70, 71) : 0.0039526771265322325
(70, 69) : 0.0034975644436821707
(71, 70) : 0.0039526771265322325
(71, 26) : 0.004930930215422726
(71, 72) : 0.004156294668361476
(72, 27) : 0.0038593248574146995
(72, 73) : 0.004288841289781277
(72, 71) : 0.004156294668361476
(73, 72) : 0.004288841289781277
(73, 28) : 0.0031326464680112454
(73, 74) : 0.003717450086354032
(74, 73) : 0.003717450086354032
(74, 29) : 0.0030247310536107917
(74, 75) : 0.003908703937007895
(75, 76) : 0.0027944653386570277
(75, 74) : 0.003908703937007895
(75, 30) : 0.002781905102022311
(76, 75) : 0.0027944653386570277
(76, 31) : 0.0029276954263630812
(76, 77) : 0.003339779713059733
(77, 76) : 0.003339779713059733
(77, 32) : 0.003225407499169252
(77, 78) : 0.003179212105915497
(78, 77) : 0.003179212105915497
(78, 33) : 0.0033493957510636538
(78, 79) : 0.004865443098580101
(79, 34) : 0.003185448393403284
(79, 80) : 0.0036322128696363912
(79, 78) : 0.004865443098580101
(80, 79) : 0.0036322128696363912
(80, 35) : 0.003263135005571066
(80, 81) : 0.004225531100272636
(81, 82) : 0.005040131231304619
(81, 80) : 0.004225531100272636
(81, 36) : 0.0035871144491750814
(82, 81) : 0.005040131231304619
(82, 37) : 0.0035015267449813193
(82, 83) : 0.004285483727785273
(83, 82) : 0.0042854837277852735
(83, 38) : 0.003430213236168591
(83, 84) : 0.003397694642527516
(84, 83) : 0.003397694642527516
(84, 39) : 0.0036275781832368474
(84, 85) : 0.004012310288683377
(85, 84) : 0.004012310288683377
(85, 40) : 0.0035461435745780157
(85, 86) : 0.0036523936701632533
(86, 85) : 0.0036523936701632533
(86, 41) : 0.004064109297050751
(86, 87) : 0.0034932243328645676
(87, 86) : 0.0034932243328645676
(87, 42) : 0.00403905806815086
(87, 88) : 0.0037086074172025495
(88, 89) : 0.003912270398873569
(88, 87) : 0.0037086074172025495
(88, 43) : 0.0037360150495217626
(89, 88) : 0.003912270398873569
(89, 44) : 0.003950542582128503
(89, 90) : 0.0036577425585694445
(90, 46) : 0.00401121660681749
(90, 89) : 0.0036577425585694445
(90, 45) : 0.0035332181319866597
