(1, 45) : 0.0037656830250204377
(1, 46) : 0.00387569710832137
(1, 2) : 0.0034047845817606003
(2, 3) : 0.0036588733309009763
(2, 1) : 0.0034047845817606003
(2, 47) : 0.0037116778090950284
(3, 2) : 0.0036588733309009763
(3, 48) : 0.0037601628569519743
(3, 4) : 0.00456314452737499
(4, 49) : 0.0042922032127138765
(4, 5) : 0.004061696141586877
(4, 3) : 0.00456314452737499
(5, 4) : 0.004061696141586877
(5, 50) : 0.004713408625307716
(5, 6) : 0.004169389555296354
(6, 51) : 0.004224528107397629
(6, 7) : 0.003978663805611901
(6, 5) : 0.004169389555296354
(7, 6) : 0.003978663805611901
(7, 52) : 0.003015642026395897
(7, 8) : 0.004104938163721655
(8, 7) : 0.004104938163721655
(8, 53) : 0.004147716580051321
(8, 9) : 0.003281034362357222
(9, 10) : 0.004887779718454624
(9, 8) : 0.003281034362357222
(9, 54) : 0.0045218170678716545
(10, 9) : 0.004887779718454625
(10, 55) : 0.002867897956801068
(10, 11) : 0.004330382829650215
(11, 12) : 0.0034279238824517946
(11, 10) : 0.004330382829650215
(11, 56) : 0.0026415210635707224
(12, 11) : 0.0034279238824517946
(12, 57) : 0.002907717886347216
(12, 13) : 0.0026816980891957
(13, 14) : 0.004120916027390172
(13, 12) : 0.0026816980891957
(13, 58) : 0.0034022594175176376
(14, 13) : 0.004120916027390172
(14, 59) : 0.003657031523462876
(14, 15) : 0.003617978980322269
(15, 16) : 0.004026259100911845
(15, 14) : 0.003617978980322269
(15, 60) : 0.0036191170292796493
(16, 15) : 0.004026259100911845
(16, 61) : 0.0034815999013159374
(16, 17) : 0.003073393552736319
(17, 16) : 0.003073393552736319
(17, 62) : 0.003574375191145925
(17, 18) : 0.0037794103504739185
(18, 17) : 0.0037794103504739185
(18, 63) : 0.0038867847500046373
(18, 19) : 0.003927697090643773
(19, 18) : 0.003927697090643773
(19, 64) : 0.004212263764219511
(19, 20) : 0.0035697327366319503
(20, 19) : 0.0035697327366319503
(20, 65) : 0.0040732018810049325
(20, 21) : 0.004235865122797169
(21, 20) : 0.004235865122797169
(21, 66) : 0.0039850850094424834
(21, 22) : 0.004005663133944686
(22, 21) : 0.004005663133944686
(22, 67) : 0.004237969188668015
(22, 23) : 0.00458921408549252
(23, 22) : 0.00458921408549252
(23, 68) : 0.004038271408120024
(23, 24) : 0.002926582992814877
(24, 25) : 0.0037900094593026766
(24, 23) : 0.002926582992814877
(24, 69) : 0.0038561694303231022
(25, 24) : 0.0037900094593026766
(25, 70) : 0.003812685709705563
(25, 26) : 0.0035958643166762554
(26, 27) : 0.004256981093509683
(26, 25) : 0.0035958643166762554
(26, 71) : 0.0036804989513194736
(27, 26) : 0.004256981093509683
(27, 72) : 0.0036323780540994366
(27, 28) : 0.0039707862447256655
(28, 73) : 0.003426356962720481
(28, 29) : 0.0033971720636256243
(28, 27) : 0.0039707862447256655
(29, 28) : 0.0033971720636256243
(29, 74) : 0.0031381816247526644
(29, 30) : 0.0034806090469536146
(30, 75) : 0.003078161113401115
(30, 31) : 0.0030456804842684177
(30, 29) : 0.0034806090469536146
(31, 30) : 0.0030456804842684177
(31, 76) : 0.0028793226195303473
(31, 32) : 0.0034867801363193886
(32, 31) : 0.0034867801363193886
(32, 77) : 0.003594025862077845
(32, 33) : 0.0033967345369200147
(33, 34) : 0.004170460110959958
(33, 32) : 0.0033967345369200147
(33, 78) : 0.004063608790907654
(34, 33) : 0.004170460110959958
(34, 79) : 0.003409406408707659
(34, 35) : 0.0038350573825685513
(35, 36) : 0.003335316138194828
(35, 34) : 0.0038350573825685513
(35, 80) : 0.0038052935655338814
(36, 35) : 0.003335316138194828
(36, 81) : 0.004589003643916864
(36, 37) : 0.0028843937549012017
(37, 82) : 0.004267811098134407
(37, 38) : 0.0034792045177034106
(37, 36) : 0.0028843937549012017
(38, 37) : 0.0034792045177034106
(38, 83) : 0.0036775017250640814
(38, 39) : 0.0033825855756889106
(39, 84) : 0.0039894202575789985
(39, 40) : 0.0033705107471257542
(39, 38) : 0.0033825855756889106
(40, 39) : 0.0033705107471257542
(40, 85) : 0.004598572017692705
(40, 41) : 0.0030108808035779863
(41, 40) : 0.0030108808035779863
(41, 86) : 0.003695915480319622
(41, 42) : 0.0036502716901672017
(42, 43) : 0.0035672429628704986
(42, 41) : 0.0036502716901672017
(42, 87) : 0.0036009747550952795
(43, 42) : 0.0035672429628704986
(43, 88) : 0.004270997800819243
(43, 44) : 0.0038122129520099064
(44, 45) : 0.003421145513062066
(44, 43) : 0.0038122129520099064
(44, 89) : 0.003581127441699518
(45, 44) : 0.003421145513062066
(45, 90) : 0.003608788262821606
(45, 1) : 0.0037656830250204377
(46, 47) : 0.0034841722876323413
(46, 90) : 0.0034998853389562115
(46, 1) : 0.00387569710832137
(47, 46) : 0.0034841722876323413
(47, 2) : 0.0037116778090950284
(47, 48) : 0.00402402965453697
(48, 49) : 0.0039709990197989865
(48, 47) : 0.00402402965453697
(48, 3) : 0.0037601628569519743
(49, 48) : 0.0039709990197989865
(49, 4) : 0.0042922032127138765
(49, 50) : 0.003705474238428428
(50, 49) : 0.003705474238428428
(50, 5) : 0.004713408625307716
(50, 51) : 0.004305091895376552
(51, 50) : 0.004305091895376552
(51, 6) : 0.004224528107397629
(51, 52) : 0.003493866831256541
(52, 51) : 0.003493866831256541
(52, 7) : 0.003015642026395897
(52, 53) : 0.00395796516085751
(53, 52) : 0.00395796516085751
(53, 8) : 0.004147716580051321
(53, 54) : 0.0029245449815750797
(54, 53) : 0.0029245449815750797
(54, 9) : 0.0045218170678716545
(54, 55) : 0.003859917416395513
(55, 54) : 0.003859917416395513
(55, 10) : 0.002867897956801068
(55, 56) : 0.0037962735313755267
(56, 55) : 0.0037962735313755267
(56, 11) : 0.0026415210635707224
(56, 57) : 0.003021532751907449
(57, 58) : 0.003108320436317847
(57, 56) : 0.003021532751907449
(57, 12) : 0.002907717886347216
(58, 57) : 0.003108320436317847
(58, 13) : 0.0034022594175176376
(58, 59) : 0.003163453296352283
(59, 14) : 0.003657031523462876
(59, 60) : 0.0045577529479699196
(59, 58) : 0.003163453296352283
(60, 59) : 0.0045577529479699196
(60, 15) : 0.0036191170292796484
(60, 61) : 0.0031254158806022477
(61, 16) : 0.0034815999013159374
(61, 62) : 0.004035632420437591
(61, 60) : 0.0031254158806022477
(62, 61) : 0.004035632420437591
(62, 17) : 0.003574375191145925
(62, 63) : 0.003898465384157096
(63, 62) : 0.003898465384157096
(63, 18) : 0.0038867847500046373
(63, 64) : 0.004641226921979578
(64, 63) : 0.004641226921979578
(64, 19) : 0.004212263764219511
(64, 65) : 0.00406168952745055
(65, 64) : 0.00406168952745055
(65, 20) : 0.0040732018810049325
(65, 66) : 0.0034284572838287532
(66, 67) : 0.004420505206247459
(66, 65) : 0.0034284572838287532
(66, 21) : 0.0039850850094424834
(67, 66) : 0.004420505206247459
(67, 22) : 0.004237969188668015
(67, 68) : 0.003258223372436052
(68, 69) : 0.003913511287178508
(68, 67) : 0.0032582233724360514
(68, 23) : 0.004038271408120024
(69, 68) : 0.003913511287178508
(69, 24) : 0.0038561694303231022
(69, 70) : 0.0029519713988426957
(70, 25) : 0.003812685709705563
(70, 71) : 0.004324265466416764
(70, 69) : 0.0029519713988426957
(71, 70) : 0.004324265466416764
(71, 26) : 0.0036804989513194736
(71, 72) : 0.004177486510971828
(72, 27) : 0.0036323780540994366
(72, 73) : 0.003515654947596964
(72, 71) : 0.004177486510971828
(73, 72) : 0.003515654947596964
(73, 28) : 0.003426356962720481
(73, 74) : 0.003262792149150166
(74, 73) : 0.003262792149150166
(74, 29) : 0.0031381816247526644
(74, 75) : 0.0029242809551215036
(75, 76) : 0.0028426386776463
(75, 74) : 0.0029242809551215036
(75, 30) : 0.003078161113401115
(76, 75) : 0.0028426386776463
(76, 31) : 0.0028793226195303473
(76, 77) : 0.002956511652817586
(77, 76) : 0.002956511652817586
(77, 32) : 0.003594025862077845
(77, 78) : 0.0029785484592100577
(78, 77) : 0.0029785484592100577
(78, 33) : 0.004063608790907654
(78, 79) : 0.003822040759456994
(79, 34) : 0.003409406408707659
(79, 80) : 0.0038705914905119757
(79, 78) : 0.003822040759456994
(80, 79) : 0.0038705914905119757
(80, 35) : 0.0038052935655338814
(80, 81) : 0.003485184060864813
(81, 82) : 0.0036794171007077294
(81, 80) : 0.003485184060864813
(81, 36) : 0.004589003643916864
(82, 81) : 0.0036794171007077294
(82, 37) : 0.004267811098134407
(82, 83) : 0.003674642889460869
(83, 82) : 0.0036746428894608696
(83, 38) : 0.0036775017250640814
(83, 84) : 0.004237343020427095
(84, 83) : 0.004237343020427095
(84, 39) : 0.0039894202575789985
(84, 85) : 0.004046064607234606
(85, 84) : 0.004046064607234607
(85, 40) : 0.004598572017692705
(85, 86) : 0.003494648994108304
(86, 85) : 0.003494648994108304
(86, 41) : 0.003695915480319622
(86, 87) : 0.004146423699065967
(87, 86) : 0.004146423699065967
(87, 42) : 0.0036009747550952795
(87, 88) : 0.0035305504960811765
(88, 89) : 0.0032072130771881274
(88, 87) : 0.0035305504960811765
(88, 43) : 0.004270997800819243
(89, 88) : 0.0032072130771881274
(89, 44) : 0.003581127441699518
(89, 90) : 0.0035825668541605072
(90, 46) : 0.0034998853389562115
(90, 89) : 0.0035825668541605072
(90, 45) : 0.003608788262821606
