(1, 45) : 0.0029759308354253057
(1, 46) : 0.00470113615590939
(1, 2) : 0.004128957940003337
(2, 3) : 0.00332584059214876
(2, 1) : 0.004128957940003337
(2, 47) : 0.00441155344635346
(3, 2) : 0.00332584059214876
(3, 48) : 0.003512043727761155
(3, 4) : 0.004249856348091606
(4, 49) : 0.003093403001657838
(4, 5) : 0.003701971335959469
(4, 3) : 0.004249856348091606
(5, 4) : 0.0037019713359594687
(5, 50) : 0.0036660211674301546
(5, 6) : 0.0029871038781286554
(6, 51) : 0.003666398415778824
(6, 7) : 0.003294179904141808
(6, 5) : 0.0029871038781286554
(7, 6) : 0.003294179904141808
(7, 52) : 0.003229123617540863
(7, 8) : 0.004149393432130645
(8, 7) : 0.004149393432130646
(8, 53) : 0.0033910717698356413
(8, 9) : 0.0035954821969467524
(9, 10) : 0.004233277909416293
(9, 8) : 0.0035954821969467524
(9, 54) : 0.0029819173811009
(10, 9) : 0.004233277909416293
(10, 55) : 0.003701752511090139
(10, 11) : 0.003302367472812272
(11, 12) : 0.0042302726786388155
(11, 10) : 0.003302367472812272
(11, 56) : 0.003603702595673162
(12, 11) : 0.0042302726786388155
(12, 57) : 0.003305518664562613
(12, 13) : 0.0032536669966703614
(13, 14) : 0.0036078841036215155
(13, 12) : 0.0032536669966703614
(13, 58) : 0.004110149594966624
(14, 13) : 0.003607884103621515
(14, 59) : 0.004248338301003981
(14, 15) : 0.0035564485704607813
(15, 16) : 0.00340053361225923
(15, 14) : 0.0035564485704607813
(15, 60) : 0.003974038848928041
(16, 15) : 0.00340053361225923
(16, 61) : 0.0035592735487163856
(16, 17) : 0.003181727908821593
(17, 16) : 0.003181727908821593
(17, 62) : 0.0030657682464995287
(17, 18) : 0.0033100057361516617
(18, 17) : 0.0033100057361516617
(18, 63) : 0.0027207233035574075
(18, 19) : 0.002788902415810819
(19, 18) : 0.002788902415810819
(19, 64) : 0.0031576597670459187
(19, 20) : 0.002965923138076631
(20, 19) : 0.002965923138076631
(20, 65) : 0.0035924754165444065
(20, 21) : 0.003386993398415158
(21, 20) : 0.003386993398415158
(21, 66) : 0.003679250115254147
(21, 22) : 0.00426288256342899
(22, 21) : 0.00426288256342899
(22, 67) : 0.004244491587038847
(22, 23) : 0.00328488235156238
(23, 22) : 0.00328488235156238
(23, 68) : 0.0043960946519387666
(23, 24) : 0.0038068705089606514
(24, 25) : 0.003226656436694828
(24, 23) : 0.0038068705089606514
(24, 69) : 0.003475032138638943
(25, 24) : 0.0032266564366948275
(25, 70) : 0.003717925809927155
(25, 26) : 0.0034686324515563814
(26, 27) : 0.0031580511478897697
(26, 25) : 0.0034686324515563814
(26, 71) : 0.003887203024841293
(27, 26) : 0.0031580511478897697
(27, 72) : 0.003267382003526008
(27, 28) : 0.0038172202928877454
(28, 73) : 0.004074465014801414
(28, 29) : 0.002999012801148978
(28, 27) : 0.0038172202928877454
(29, 28) : 0.002999012801148978
(29, 74) : 0.004108808086958888
(29, 30) : 0.0037365516926392574
(30, 75) : 0.0034439325886790073
(30, 31) : 0.003326695093838992
(30, 29) : 0.0037365516926392574
(31, 30) : 0.003326695093838992
(31, 76) : 0.003356921152204628
(31, 32) : 0.00430695287098417
(32, 31) : 0.00430695287098417
(32, 77) : 0.003479957460365805
(32, 33) : 0.0035046272770278466
(33, 34) : 0.003584945804009943
(33, 32) : 0.0035046272770278466
(33, 78) : 0.0034744542701545533
(34, 33) : 0.003584945804009943
(34, 79) : 0.0030500935505523496
(34, 35) : 0.00382312341053603
(35, 36) : 0.0034683126015220057
(35, 34) : 0.00382312341053603
(35, 80) : 0.0034543102358354236
(36, 35) : 0.0034683126015220057
(36, 81) : 0.003375787993214661
(36, 37) : 0.0038750571257285668
(37, 82) : 0.0033176201480233794
(37, 38) : 0.0036714472423015534
(37, 36) : 0.0038750571257285668
(38, 37) : 0.0036714472423015534
(38, 83) : 0.0038297425413319603
(38, 39) : 0.003652482157271809
(39, 84) : 0.003612032049137276
(39, 40) : 0.0038863953922976544
(39, 38) : 0.003652482157271809
(40, 39) : 0.0038863953922976544
(40, 85) : 0.003242431596310657
(40, 41) : 0.005105890235341069
(41, 40) : 0.005105890235341069
(41, 86) : 0.004335632907808574
(41, 42) : 0.00439677020205887
(42, 43) : 0.004495298314510522
(42, 41) : 0.00439677020205887
(42, 87) : 0.00498049176175986
(43, 42) : 0.004495298314510522
(43, 88) : 0.003817945272777423
(43, 44) : 0.0034055096343570176
(44, 45) : 0.0039867174327071495
(44, 43) : 0.0034055096343570176
(44, 89) : 0.003526577979394578
(45, 44) : 0.0039867174327071495
(45, 90) : 0.004283246817079107
(45, 1) : 0.0029759308354253057
(46, 47) : 0.00296810710767594
(46, 90) : 0.004953020489726928
(46, 1) : 0.00470113615590939
(47, 46) : 0.00296810710767594
(47, 2) : 0.00441155344635346
(47, 48) : 0.004092528777629369
(48, 49) : 0.0037391557654169096
(48, 47) : 0.004092528777629369
(48, 3) : 0.003512043727761155
(49, 48) : 0.0037391557654169096
(49, 4) : 0.003093403001657838
(49, 50) : 0.0033951699770773535
(50, 49) : 0.0033951699770773535
(50, 5) : 0.0036660211674301546
(50, 51) : 0.0028647395938676623
(51, 50) : 0.0028647395938676623
(51, 6) : 0.003666398415778824
(51, 52) : 0.003931910384242596
(52, 51) : 0.003931910384242596
(52, 7) : 0.003229123617540863
(52, 53) : 0.0036515241716224504
(53, 52) : 0.0036515241716224504
(53, 8) : 0.0033910717698356413
(53, 54) : 0.0039800498414833
(54, 53) : 0.0039800498414833
(54, 9) : 0.0029819173811009
(54, 55) : 0.0036697281792164504
(55, 54) : 0.0036697281792164504
(55, 10) : 0.003701752511090139
(55, 56) : 0.00320443475586882
(56, 55) : 0.00320443475586882
(56, 11) : 0.003603702595673162
(56, 57) : 0.004181947220192666
(57, 58) : 0.0030888557417001715
(57, 56) : 0.004181947220192666
(57, 12) : 0.003305518664562613
(58, 57) : 0.0030888557417001715
(58, 13) : 0.004110149594966624
(58, 59) : 0.004012687044461395
(59, 14) : 0.004248338301003981
(59, 60) : 0.0036396469929052566
(59, 58) : 0.004012687044461395
(60, 59) : 0.0036396469929052566
(60, 15) : 0.003974038848928041
(60, 61) : 0.003524620581420224
(61, 16) : 0.0035592735487163856
(61, 62) : 0.0034467738176833453
(61, 60) : 0.003524620581420224
(62, 61) : 0.0034467738176833453
(62, 17) : 0.0030657682464995287
(62, 63) : 0.0036714979295336225
(63, 62) : 0.0036714979295336225
(63, 18) : 0.0027207233035574075
(63, 64) : 0.0029834616791341263
(64, 63) : 0.0029834616791341263
(64, 19) : 0.0031576597670459187
(64, 65) : 0.003329492697475578
(65, 64) : 0.003329492697475578
(65, 20) : 0.0035924754165444065
(65, 66) : 0.003988376303766929
(66, 67) : 0.004724030619119174
(66, 65) : 0.003988376303766929
(66, 21) : 0.003679250115254147
(67, 66) : 0.004724030619119174
(67, 22) : 0.004244491587038847
(67, 68) : 0.004480135514739613
(68, 69) : 0.004289923998074196
(68, 67) : 0.004480135514739613
(68, 23) : 0.004396094651938767
(69, 68) : 0.004289923998074196
(69, 24) : 0.003475032138638943
(69, 70) : 0.0046056410315919345
(70, 25) : 0.003717925809927155
(70, 71) : 0.0031276683977425933
(70, 69) : 0.0046056410315919345
(71, 70) : 0.0031276683977425933
(71, 26) : 0.003887203024841293
(71, 72) : 0.004072059770337047
(72, 27) : 0.003267382003526008
(72, 73) : 0.0036036881468609226
(72, 71) : 0.004072059770337047
(73, 72) : 0.0036036881468609226
(73, 28) : 0.004074465014801414
(73, 74) : 0.0030383988929725473
(74, 73) : 0.0030383988929725473
(74, 29) : 0.004108808086958888
(74, 75) : 0.0037221545373194113
(75, 76) : 0.003007020177839923
(75, 74) : 0.0037221545373194117
(75, 30) : 0.0034439325886790073
(76, 75) : 0.003007020177839923
(76, 31) : 0.0033569211522046275
(76, 77) : 0.004123047061340715
(77, 76) : 0.004123047061340715
(77, 32) : 0.003479957460365805
(77, 78) : 0.00331942307393305
(78, 77) : 0.00331942307393305
(78, 33) : 0.0034744542701545533
(78, 79) : 0.003820402318409379
(79, 34) : 0.0030500935505523496
(79, 80) : 0.0031490680006450037
(79, 78) : 0.003820402318409379
(80, 79) : 0.0031490680006450037
(80, 35) : 0.0034543102358354236
(80, 81) : 0.0036056911492576916
(81, 82) : 0.00388595577062681
(81, 80) : 0.0036056911492576916
(81, 36) : 0.003375787993214661
(82, 81) : 0.0038859557706268097
(82, 37) : 0.0033176201480233794
(82, 83) : 0.0036508004732881817
(83, 82) : 0.003650800473288182
(83, 38) : 0.0038297425413319603
(83, 84) : 0.0039060427229629267
(84, 83) : 0.0039060427229629267
(84, 39) : 0.003612032049137276
(84, 85) : 0.004322878386505142
(85, 84) : 0.004322878386505142
(85, 40) : 0.003242431596310657
(85, 86) : 0.004717498228376
(86, 85) : 0.004717498228375999
(86, 41) : 0.004335632907808574
(86, 87) : 0.005221047529695504
(87, 86) : 0.005221047529695503
(87, 42) : 0.00498049176175986
(87, 88) : 0.004279959863320832
(88, 89) : 0.004494926590585984
(88, 87) : 0.004279959863320832
(88, 43) : 0.003817945272777423
(89, 88) : 0.004494926590585984
(89, 44) : 0.003526577979394578
(89, 90) : 0.003513203007449631
(90, 46) : 0.004953020489726928
(90, 89) : 0.003513203007449631
(90, 45) : 0.004283246817079106
