(1, 45) : 0.003762321680398733
(1, 46) : 0.004517903772467785
(1, 2) : 0.003045222826639126
(2, 3) : 0.003983052387608769
(2, 1) : 0.003045222826639126
(2, 47) : 0.003722459693798237
(3, 2) : 0.003983052387608769
(3, 48) : 0.0028054436936348483
(3, 4) : 0.0039657849093669584
(4, 49) : 0.004055958708112656
(4, 5) : 0.004150851432335968
(4, 3) : 0.0039657849093669584
(5, 4) : 0.004150851432335968
(5, 50) : 0.0052357384431027275
(5, 6) : 0.0033536079620708863
(6, 51) : 0.003694513398152
(6, 7) : 0.0037559191625024567
(6, 5) : 0.0033536079620708863
(7, 6) : 0.0037559191625024567
(7, 52) : 0.002751528211299517
(7, 8) : 0.00393345467173408
(8, 7) : 0.00393345467173408
(8, 53) : 0.003741163525564523
(8, 9) : 0.003084384990539742
(9, 10) : 0.00466442791393609
(9, 8) : 0.003084384990539742
(9, 54) : 0.0037801382211221776
(10, 9) : 0.00466442791393609
(10, 55) : 0.0037450337458311968
(10, 11) : 0.0030339188393917076
(11, 12) : 0.004115371959287271
(11, 10) : 0.0030339188393917076
(11, 56) : 0.0038738507199035247
(12, 11) : 0.004115371959287271
(12, 57) : 0.004058282261521872
(12, 13) : 0.003045949301955377
(13, 14) : 0.0036902022451082046
(13, 12) : 0.003045949301955377
(13, 58) : 0.0043683779267420135
(14, 13) : 0.0036902022451082046
(14, 59) : 0.003972901716443561
(14, 15) : 0.0030328221994408216
(15, 16) : 0.0029566986705723986
(15, 14) : 0.0030328221994408216
(15, 60) : 0.003974656478251583
(16, 15) : 0.0029566986705723986
(16, 61) : 0.003700942590905276
(16, 17) : 0.0031909557313669653
(17, 16) : 0.0031909557313669653
(17, 62) : 0.0033428694097968627
(17, 18) : 0.004279821893113091
(18, 17) : 0.004279821893113091
(18, 63) : 0.0032161163473886944
(18, 19) : 0.003799181351788753
(19, 18) : 0.003799181351788753
(19, 64) : 0.0030426062509166314
(19, 20) : 0.0034900325911144453
(20, 19) : 0.0034900325911144453
(20, 65) : 0.0032284903310621743
(20, 21) : 0.0037560940347044327
(21, 20) : 0.0037560940347044327
(21, 66) : 0.003870593551502597
(21, 22) : 0.004237849936092456
(22, 21) : 0.004237849936092456
(22, 67) : 0.0036881558517509287
(22, 23) : 0.003756799000397695
(23, 22) : 0.003756799000397695
(23, 68) : 0.003219972618658013
(23, 24) : 0.003953121620651262
(24, 25) : 0.004012677541813902
(24, 23) : 0.003953121620651262
(24, 69) : 0.003245835476701583
(25, 24) : 0.004012677541813902
(25, 70) : 0.0032271392912648156
(25, 26) : 0.00347286091227438
(26, 27) : 0.003875587689002334
(26, 25) : 0.00347286091227438
(26, 71) : 0.0034984115772718144
(27, 26) : 0.003875587689002334
(27, 72) : 0.0036536955889743903
(27, 28) : 0.004182856919026138
(28, 73) : 0.0030680117090758643
(28, 29) : 0.005261415144441896
(28, 27) : 0.004182856919026138
(29, 28) : 0.005261415144441896
(29, 74) : 0.0034355468707350898
(29, 30) : 0.004550177130580955
(30, 75) : 0.004546426416185088
(30, 31) : 0.0035685916363623555
(30, 29) : 0.004550177130580954
(31, 30) : 0.0035685916363623555
(31, 76) : 0.004092963424553763
(31, 32) : 0.003890141975760413
(32, 31) : 0.003890141975760413
(32, 77) : 0.0032215719658654366
(32, 33) : 0.003643551443640977
(33, 34) : 0.003996383757037699
(33, 32) : 0.003643551443640977
(33, 78) : 0.0027707692708136135
(34, 33) : 0.003996383757037699
(34, 79) : 0.0034842149076947035
(34, 35) : 0.0035041988635616064
(35, 36) : 0.0031259677220116643
(35, 34) : 0.0035041988635616064
(35, 80) : 0.003952199878519859
(36, 35) : 0.003125967722011664
(36, 81) : 0.002998067877166118
(36, 37) : 0.003488562422394885
(37, 82) : 0.003024906668522927
(37, 38) : 0.0031604989382027293
(37, 36) : 0.003488562422394885
(38, 37) : 0.0031604989382027293
(38, 83) : 0.0033977445021328547
(38, 39) : 0.0036292329501259016
(39, 84) : 0.0036605983988109198
(39, 40) : 0.003194735528116847
(39, 38) : 0.0036292329501259016
(40, 39) : 0.003194735528116847
(40, 85) : 0.0034051610634466935
(40, 41) : 0.002965513530163853
(41, 40) : 0.002965513530163853
(41, 86) : 0.003126845361622452
(41, 42) : 0.003536767102894352
(42, 43) : 0.003586005858829953
(42, 41) : 0.003536767102894352
(42, 87) : 0.0036774417094518493
(43, 42) : 0.003586005858829953
(43, 88) : 0.0043042874798713306
(43, 44) : 0.00323353638566797
(44, 45) : 0.004146505904831219
(44, 43) : 0.00323353638566797
(44, 89) : 0.003765912373515859
(45, 44) : 0.004146505904831219
(45, 90) : 0.0035582880359771407
(45, 1) : 0.003762321680398733
(46, 47) : 0.0029666073691123167
(46, 90) : 0.004140357323513114
(46, 1) : 0.004517903772467785
(47, 46) : 0.0029666073691123167
(47, 2) : 0.003722459693798237
(47, 48) : 0.003713067524897903
(48, 49) : 0.00421890769751998
(48, 47) : 0.003713067524897903
(48, 3) : 0.0028054436936348483
(49, 48) : 0.00421890769751998
(49, 4) : 0.004055958708112656
(49, 50) : 0.003614570221770541
(50, 49) : 0.003614570221770541
(50, 5) : 0.0052357384431027275
(50, 51) : 0.0036085899348557425
(51, 50) : 0.0036085899348557425
(51, 6) : 0.003694513398152
(51, 52) : 0.0038832329981467826
(52, 51) : 0.0038832329981467826
(52, 7) : 0.002751528211299517
(52, 53) : 0.0036042408580434153
(53, 52) : 0.0036042408580434153
(53, 8) : 0.003741163525564523
(53, 54) : 0.0038381076249240117
(54, 53) : 0.0038381076249240117
(54, 9) : 0.0037801382211221776
(54, 55) : 0.004094902560890578
(55, 54) : 0.004094902560890578
(55, 10) : 0.0037450337458311968
(55, 56) : 0.003972775046518538
(56, 55) : 0.003972775046518538
(56, 11) : 0.0038738507199035255
(56, 57) : 0.004080657922023489
(57, 58) : 0.004396216376834894
(57, 56) : 0.004080657922023489
(57, 12) : 0.004058282261521872
(58, 57) : 0.004396216376834894
(58, 13) : 0.0043683779267420135
(58, 59) : 0.004088220514164374
(59, 14) : 0.003972901716443561
(59, 60) : 0.004665628032051697
(59, 58) : 0.004088220514164374
(60, 59) : 0.004665628032051697
(60, 15) : 0.003974656478251583
(60, 61) : 0.003380358399718494
(61, 16) : 0.003700942590905276
(61, 62) : 0.003611450325557753
(61, 60) : 0.003380358399718494
(62, 61) : 0.003611450325557753
(62, 17) : 0.0033428694097968627
(62, 63) : 0.004124045766051889
(63, 62) : 0.004124045766051889
(63, 18) : 0.0032161163473886944
(63, 64) : 0.0032028596441564363
(64, 63) : 0.0032028596441564363
(64, 19) : 0.0030426062509166314
(64, 65) : 0.002649709885002386
(65, 64) : 0.002649709885002386
(65, 20) : 0.003228490331062174
(65, 66) : 0.002955002407983752
(66, 67) : 0.003684436358483981
(66, 65) : 0.002955002407983752
(66, 21) : 0.003870593551502597
(67, 66) : 0.003684436358483981
(67, 22) : 0.0036881558517509287
(67, 68) : 0.003323562656506175
(68, 69) : 0.0036889372512184052
(68, 67) : 0.003323562656506175
(68, 23) : 0.003219972618658013
(69, 68) : 0.0036889372512184052
(69, 24) : 0.003245835476701583
(69, 70) : 0.003818590387580435
(70, 25) : 0.0032271392912648156
(70, 71) : 0.0034987216738969597
(70, 69) : 0.003818590387580435
(71, 70) : 0.0034987216738969597
(71, 26) : 0.0034984115772718144
(71, 72) : 0.003059222844945019
(72, 27) : 0.0036536955889743903
(72, 73) : 0.004489535661264073
(72, 71) : 0.003059222844945019
(73, 72) : 0.004489535661264073
(73, 28) : 0.0030680117090758643
(73, 74) : 0.004956076660218103
(74, 73) : 0.004956076660218103
(74, 29) : 0.0034355468707350898
(74, 75) : 0.0044501405077322816
(75, 76) : 0.004171427119538733
(75, 74) : 0.0044501405077322816
(75, 30) : 0.004546426416185088
(76, 75) : 0.004171427119538733
(76, 31) : 0.004092963424553763
(76, 77) : 0.0040101943344189915
(77, 76) : 0.0040101943344189915
(77, 32) : 0.0032215719658654366
(77, 78) : 0.00394257661976642
(78, 77) : 0.00394257661976642
(78, 33) : 0.0027707692708136135
(78, 79) : 0.004466878804269272
(79, 34) : 0.0034842149076947035
(79, 80) : 0.0030500230742749788
(79, 78) : 0.0044668788042692715
(80, 79) : 0.0030500230742749788
(80, 35) : 0.003952199878519859
(80, 81) : 0.0036397533610152254
(81, 82) : 0.0034060532474873718
(81, 80) : 0.0036397533610152254
(81, 36) : 0.002998067877166118
(82, 81) : 0.0034060532474873718
(82, 37) : 0.003024906668522927
(82, 83) : 0.003942658827795526
(83, 82) : 0.003942658827795526
(83, 38) : 0.0033977445021328547
(83, 84) : 0.0045269943816778485
(84, 83) : 0.0045269943816778485
(84, 39) : 0.0036605983988109198
(84, 85) : 0.0038022542499093776
(85, 84) : 0.0038022542499093776
(85, 40) : 0.0034051610634466935
(85, 86) : 0.0035658781071342305
(86, 85) : 0.003565878107134231
(86, 41) : 0.003126845361622452
(86, 87) : 0.0034319354192497327
(87, 86) : 0.0034319354192497327
(87, 42) : 0.0036774417094518497
(87, 88) : 0.0038313642392652073
(88, 89) : 0.003454373069147581
(88, 87) : 0.0038313642392652073
(88, 43) : 0.0043042874798713306
(89, 88) : 0.003454373069147581
(89, 44) : 0.003765912373515859
(89, 90) : 0.004191548724502977
(90, 46) : 0.004140357323513114
(90, 89) : 0.004191548724502977
(90, 45) : 0.0035582880359771407
