(1, 45) : 0.003304428499432838
(1, 46) : 0.003958189224961917
(1, 2) : 0.004193929509150432
(2, 3) : 0.0030069936374032455
(2, 1) : 0.004193929509150432
(2, 47) : 0.003747523649089931
(3, 2) : 0.0030069936374032455
(3, 48) : 0.004008051341978558
(3, 4) : 0.004141360757000078
(4, 49) : 0.0038993844275736693
(4, 5) : 0.0033189226629158335
(4, 3) : 0.004141360757000078
(5, 4) : 0.0033189226629158335
(5, 50) : 0.003946399308583143
(5, 6) : 0.004226251581894918
(6, 51) : 0.004543330570818387
(6, 7) : 0.0036505060797437576
(6, 5) : 0.004226251581894918
(7, 6) : 0.0036505060797437576
(7, 52) : 0.0047709483200560725
(7, 8) : 0.004175305622707822
(8, 7) : 0.004175305622707823
(8, 53) : 0.003867374063840605
(8, 9) : 0.0028015225915229112
(9, 10) : 0.003953584462352357
(9, 8) : 0.0028015225915229112
(9, 54) : 0.003278047214025917
(10, 9) : 0.003953584462352357
(10, 55) : 0.003160118529208044
(10, 11) : 0.003985385660488833
(11, 12) : 0.003312481710639057
(11, 10) : 0.003985385660488833
(11, 56) : 0.003933942960812149
(12, 11) : 0.003312481710639057
(12, 57) : 0.003961232361223465
(12, 13) : 0.0034825229649982216
(13, 14) : 0.0032025108095371188
(13, 12) : 0.0034825229649982216
(13, 58) : 0.0030702438765382004
(14, 13) : 0.0032025108095371188
(14, 59) : 0.002819997564786079
(14, 15) : 0.002813694384594555
(15, 16) : 0.0034816916438221786
(15, 14) : 0.002813694384594555
(15, 60) : 0.0031471258181584054
(16, 15) : 0.0034816916438221786
(16, 61) : 0.0034235159551710315
(16, 17) : 0.0035089156656051895
(17, 16) : 0.0035089156656051895
(17, 62) : 0.004188347724566403
(17, 18) : 0.0039415041522964656
(18, 17) : 0.0039415041522964656
(18, 63) : 0.004017034942185521
(18, 19) : 0.0035387407763911513
(19, 18) : 0.0035387407763911513
(19, 64) : 0.00369877536761229
(19, 20) : 0.0032139357296843796
(20, 19) : 0.0032139357296843796
(20, 65) : 0.0039023679690384705
(20, 21) : 0.0036311175986648353
(21, 20) : 0.0036311175986648353
(21, 66) : 0.003565862028570455
(21, 22) : 0.003816905185199831
(22, 21) : 0.003816905185199831
(22, 67) : 0.0037607171610667084
(22, 23) : 0.00431268764243111
(23, 22) : 0.00431268764243111
(23, 68) : 0.004035972828890221
(23, 24) : 0.004324637227713141
(24, 25) : 0.003021245439180517
(24, 23) : 0.004324637227713141
(24, 69) : 0.0037763867039990106
(25, 24) : 0.003021245439180517
(25, 70) : 0.0034006869367187898
(25, 26) : 0.0034292198909745817
(26, 27) : 0.004162205604775945
(26, 25) : 0.0034292198909745817
(26, 71) : 0.00353715256970324
(27, 26) : 0.004162205604775945
(27, 72) : 0.004373072147194734
(27, 28) : 0.004673568485066873
(28, 73) : 0.004117628782073713
(28, 29) : 0.004541306808941832
(28, 27) : 0.004673568485066873
(29, 28) : 0.004541306808941832
(29, 74) : 0.003946748934694003
(29, 30) : 0.0038739547539527754
(30, 75) : 0.0039724807621085625
(30, 31) : 0.003023840491776385
(30, 29) : 0.0038739547539527754
(31, 30) : 0.003023840491776385
(31, 76) : 0.0030117161363991045
(31, 32) : 0.0037462051639207904
(32, 31) : 0.0037462051639207904
(32, 77) : 0.0034752445904052288
(32, 33) : 0.003197295714749799
(33, 34) : 0.004559290768677071
(33, 32) : 0.003197295714749799
(33, 78) : 0.0037528868025271263
(34, 33) : 0.004559290768677071
(34, 79) : 0.0038637386100842087
(34, 35) : 0.00392003310315701
(35, 36) : 0.003637972040640915
(35, 34) : 0.00392003310315701
(35, 80) : 0.0043862934020045255
(36, 35) : 0.003637972040640915
(36, 81) : 0.003386675238874692
(36, 37) : 0.003220259703589069
(37, 82) : 0.003216337680521485
(37, 38) : 0.002745539106031857
(37, 36) : 0.00322025970358907
(38, 37) : 0.002745539106031857
(38, 83) : 0.0034023168702811356
(38, 39) : 0.003098731323356884
(39, 84) : 0.0031650809158500796
(39, 40) : 0.003051533129273015
(39, 38) : 0.003098731323356884
(40, 39) : 0.003051533129273015
(40, 85) : 0.0029229600973405155
(40, 41) : 0.003981433990348023
(41, 40) : 0.003981433990348023
(41, 86) : 0.0032745939475587755
(41, 42) : 0.004124220102711451
(42, 43) : 0.0032789343361820994
(42, 41) : 0.004124220102711451
(42, 87) : 0.004785685513734958
(43, 42) : 0.0032789343361820994
(43, 88) : 0.004138074771663382
(43, 44) : 0.0033594688582475308
(44, 45) : 0.00336877237061091
(44, 43) : 0.0033594688582475308
(44, 89) : 0.002904719422383913
(45, 44) : 0.00336877237061091
(45, 90) : 0.003940200321714305
(45, 1) : 0.003304428499432838
(46, 47) : 0.004482202894585768
(46, 90) : 0.002882157653888157
(46, 1) : 0.003958189224961917
(47, 46) : 0.004482202894585768
(47, 2) : 0.003747523649089931
(47, 48) : 0.0031545374501204195
(48, 49) : 0.0035397674852266645
(48, 47) : 0.0031545374501204195
(48, 3) : 0.004008051341978558
(49, 48) : 0.003539767485226665
(49, 4) : 0.0038993844275736693
(49, 50) : 0.003691198665367822
(50, 49) : 0.003691198665367822
(50, 5) : 0.003946399308583143
(50, 51) : 0.004063992094828728
(51, 50) : 0.004063992094828728
(51, 6) : 0.004543330570818387
(51, 52) : 0.0042734240906233695
(52, 51) : 0.0042734240906233695
(52, 7) : 0.0047709483200560725
(52, 53) : 0.0038424839259126624
(53, 52) : 0.0038424839259126624
(53, 8) : 0.003867374063840605
(53, 54) : 0.00343655272888714
(54, 53) : 0.00343655272888714
(54, 9) : 0.003278047214025917
(54, 55) : 0.003121900766298588
(55, 54) : 0.003121900766298588
(55, 10) : 0.003160118529208044
(55, 56) : 0.0040304394954781145
(56, 55) : 0.0040304394954781145
(56, 11) : 0.003933942960812149
(56, 57) : 0.0036728805436245576
(57, 58) : 0.0033389051855952294
(57, 56) : 0.0036728805436245576
(57, 12) : 0.003961232361223465
(58, 57) : 0.0033389051855952294
(58, 13) : 0.0030702438765382004
(58, 59) : 0.00343439355037091
(59, 14) : 0.002819997564786079
(59, 60) : 0.0030211909307616643
(59, 58) : 0.00343439355037091
(60, 59) : 0.0030211909307616643
(60, 15) : 0.0031471258181584054
(60, 61) : 0.002780023335353754
(61, 16) : 0.0034235159551710315
(61, 62) : 0.004802289581393686
(61, 60) : 0.002780023335353754
(62, 61) : 0.004802289581393686
(62, 17) : 0.004188347724566403
(62, 63) : 0.0031836810914170977
(63, 62) : 0.0031836810914170977
(63, 18) : 0.004017034942185521
(63, 64) : 0.004709991070299872
(64, 63) : 0.004709991070299872
(64, 19) : 0.00369877536761229
(64, 65) : 0.003631355471144279
(65, 64) : 0.003631355471144279
(65, 20) : 0.0039023679690384705
(65, 66) : 0.0036221246465514855
(66, 67) : 0.004459318729327396
(66, 65) : 0.0036221246465514855
(66, 21) : 0.003565862028570455
(67, 66) : 0.004459318729327396
(67, 22) : 0.0037607171610667084
(67, 68) : 0.0049182716735453585
(68, 69) : 0.004515824600826224
(68, 67) : 0.0049182716735453585
(68, 23) : 0.004035972828890221
(69, 68) : 0.004515824600826224
(69, 24) : 0.0037763867039990106
(69, 70) : 0.0035560180764724813
(70, 25) : 0.0034006869367187898
(70, 71) : 0.003324053289783136
(70, 69) : 0.0035560180764724813
(71, 70) : 0.003324053289783136
(71, 26) : 0.00353715256970324
(71, 72) : 0.00395841591024877
(72, 27) : 0.004373072147194734
(72, 73) : 0.0045133605559135705
(72, 71) : 0.00395841591024877
(73, 72) : 0.0045133605559135705
(73, 28) : 0.004117628782073713
(73, 74) : 0.005465309707832924
(74, 73) : 0.005465309707832924
(74, 29) : 0.003946748934694003
(74, 75) : 0.003557132382879722
(75, 76) : 0.0035277833676269498
(75, 74) : 0.003557132382879722
(75, 30) : 0.0039724807621085625
(76, 75) : 0.0035277833676269498
(76, 31) : 0.0030117161363991045
(76, 77) : 0.0032120067988009437
(77, 76) : 0.0032120067988009437
(77, 32) : 0.0034752445904052288
(77, 78) : 0.0034670575549484227
(78, 77) : 0.0034670575549484227
(78, 33) : 0.0037528868025271263
(78, 79) : 0.004015651612628078
(79, 34) : 0.0038637386100842087
(79, 80) : 0.004409669588899101
(79, 78) : 0.004015651612628078
(80, 79) : 0.004409669588899101
(80, 35) : 0.0043862934020045255
(80, 81) : 0.0032936826942448327
(81, 82) : 0.0032662335214767393
(81, 80) : 0.003293682694244833
(81, 36) : 0.003386675238874692
(82, 81) : 0.0032662335214767393
(82, 37) : 0.003216337680521485
(82, 83) : 0.002867456791024586
(83, 82) : 0.002867456791024586
(83, 38) : 0.0034023168702811356
(83, 84) : 0.0035709713358926995
(84, 83) : 0.0035709713358926995
(84, 39) : 0.0031650809158500796
(84, 85) : 0.003111485036500096
(85, 84) : 0.003111485036500096
(85, 40) : 0.0029229600973405155
(85, 86) : 0.004742481882884559
(86, 85) : 0.004742481882884559
(86, 41) : 0.0032745939475587755
(86, 87) : 0.004600239979620906
(87, 86) : 0.004600239979620906
(87, 42) : 0.004785685513734958
(87, 88) : 0.0031794217399165998
(88, 89) : 0.003537256844153124
(88, 87) : 0.0031794217399165998
(88, 43) : 0.004138074771663382
(89, 88) : 0.003537256844153124
(89, 44) : 0.002904719422383913
(89, 90) : 0.003405651557875995
(90, 46) : 0.002882157653888157
(90, 89) : 0.003405651557875995
(90, 45) : 0.003940200321714305
