(1, 45) : 0.0043442370445005716
(1, 46) : 0.0038839480801858787
(1, 2) : 0.00338599446219393
(2, 3) : 0.003841429245136615
(2, 1) : 0.00338599446219393
(2, 47) : 0.003966751164366952
(3, 2) : 0.003841429245136615
(3, 48) : 0.003779160627880802
(3, 4) : 0.0034486327248697316
(4, 49) : 0.0037768199849525586
(4, 5) : 0.002878258127747244
(4, 3) : 0.0034486327248697316
(5, 4) : 0.002878258127747244
(5, 50) : 0.0035909591339101724
(5, 6) : 0.0032506418600423115
(6, 51) : 0.003182094052925734
(6, 7) : 0.003669120186171216
(6, 5) : 0.0032506418600423115
(7, 6) : 0.003669120186171216
(7, 52) : 0.003288921352093247
(7, 8) : 0.003053531657524545
(8, 7) : 0.003053531657524545
(8, 53) : 0.003351935272585804
(8, 9) : 0.0030052916772076227
(9, 10) : 0.0033492858351576536
(9, 8) : 0.0030052916772076227
(9, 54) : 0.003447719735437969
(10, 9) : 0.0033492858351576536
(10, 55) : 0.003633215279656653
(10, 11) : 0.004032949164769851
(11, 12) : 0.0031301103812158373
(11, 10) : 0.004032949164769851
(11, 56) : 0.0037037465542712517
(12, 11) : 0.0031301103812158377
(12, 57) : 0.003936975564640707
(12, 13) : 0.0035767766928651245
(13, 14) : 0.0045341888409730375
(13, 12) : 0.0035767766928651245
(13, 58) : 0.003971827516544645
(14, 13) : 0.0045341888409730375
(14, 59) : 0.004039389095237601
(14, 15) : 0.003059386886997047
(15, 16) : 0.002920948957608489
(15, 14) : 0.003059386886997047
(15, 60) : 0.0035525646528058587
(16, 15) : 0.002920948957608489
(16, 61) : 0.002740901234581756
(16, 17) : 0.0028884470135997677
(17, 16) : 0.0028884470135997677
(17, 62) : 0.003483541608069052
(17, 18) : 0.003683504625927774
(18, 17) : 0.003683504625927774
(18, 63) : 0.0039587305817070815
(18, 19) : 0.003967242294228973
(19, 18) : 0.003967242294228973
(19, 64) : 0.004056599681591191
(19, 20) : 0.003277412593548581
(20, 19) : 0.003277412593548581
(20, 65) : 0.003857446114203675
(20, 21) : 0.004392490722557834
(21, 20) : 0.004392490722557834
(21, 66) : 0.003694090297133976
(21, 22) : 0.004547566969858495
(22, 21) : 0.004547566969858496
(22, 67) : 0.0038606704996830793
(22, 23) : 0.0039965176780501635
(23, 22) : 0.0039965176780501635
(23, 68) : 0.003600822574908059
(23, 24) : 0.003216530703650569
(24, 25) : 0.002458211785876118
(24, 23) : 0.003216530703650569
(24, 69) : 0.0036974379633640904
(25, 24) : 0.002458211785876118
(25, 70) : 0.003250685455404517
(25, 26) : 0.002789945607553483
(26, 27) : 0.002797369453966206
(26, 25) : 0.002789945607553483
(26, 71) : 0.002961794868554414
(27, 26) : 0.002797369453966206
(27, 72) : 0.0034005405059705624
(27, 28) : 0.003963298606797485
(28, 73) : 0.004071457551273245
(28, 29) : 0.0038013373251025136
(28, 27) : 0.003963298606797485
(29, 28) : 0.0038013373251025136
(29, 74) : 0.004237924355860055
(29, 30) : 0.004095709674115242
(30, 75) : 0.004016535875557003
(30, 31) : 0.003787738412969951
(30, 29) : 0.004095709674115242
(31, 30) : 0.003787738412969951
(31, 76) : 0.004188035361671741
(31, 32) : 0.0034855691380631113
(32, 31) : 0.0034855691380631113
(32, 77) : 0.003964045832699983
(32, 33) : 0.004369064878174329
(33, 34) : 0.003760618269101823
(33, 32) : 0.004369064878174329
(33, 78) : 0.0042512446255002475
(34, 33) : 0.003760618269101823
(34, 79) : 0.004673204592134735
(34, 35) : 0.003906930835623564
(35, 36) : 0.003385738008002046
(35, 34) : 0.003906930835623564
(35, 80) : 0.00375118568608006
(36, 35) : 0.003385738008002046
(36, 81) : 0.0035735652905314404
(36, 37) : 0.002956135744531429
(37, 82) : 0.003670872124266743
(37, 38) : 0.0033470838914144547
(37, 36) : 0.002956135744531429
(38, 37) : 0.0033470838914144547
(38, 83) : 0.003394209480825735
(38, 39) : 0.003983058583054783
(39, 84) : 0.0034678368161017064
(39, 40) : 0.004047916887186127
(39, 38) : 0.003983058583054783
(40, 39) : 0.004047916887186127
(40, 85) : 0.0031011147632692823
(40, 41) : 0.004485046742749225
(41, 40) : 0.004485046742749225
(41, 86) : 0.0031511162686905
(41, 42) : 0.003701332852577287
(42, 43) : 0.0041317562071410295
(42, 41) : 0.003701332852577287
(42, 87) : 0.004309481142827129
(43, 42) : 0.0041317562071410295
(43, 88) : 0.004057415103411033
(43, 44) : 0.0035864249686815676
(44, 45) : 0.0031285301795358185
(44, 43) : 0.0035864249686815676
(44, 89) : 0.003061311424529866
(45, 44) : 0.0031285301795358185
(45, 90) : 0.0033997852280220745
(45, 1) : 0.0043442370445005716
(46, 47) : 0.005408872593487277
(46, 90) : 0.0037722880028446693
(46, 1) : 0.0038839480801858787
(47, 46) : 0.005408872593487277
(47, 2) : 0.003966751164366952
(47, 48) : 0.003759856320710172
(48, 49) : 0.004567387256944162
(48, 47) : 0.003759856320710172
(48, 3) : 0.003779160627880802
(49, 48) : 0.004567387256944162
(49, 4) : 0.0037768199849525586
(49, 50) : 0.0032121744072718087
(50, 49) : 0.0032121744072718087
(50, 5) : 0.0035909591339101724
(50, 51) : 0.003636618296850915
(51, 50) : 0.003636618296850915
(51, 6) : 0.003182094052925734
(51, 52) : 0.003963274138333515
(52, 51) : 0.003963274138333515
(52, 7) : 0.003288921352093247
(52, 53) : 0.003856868987877926
(53, 52) : 0.003856868987877926
(53, 8) : 0.003351935272585804
(53, 54) : 0.0031562141298605946
(54, 53) : 0.0031562141298605946
(54, 9) : 0.0034477197354379685
(54, 55) : 0.004503994031957093
(55, 54) : 0.004503994031957093
(55, 10) : 0.0036332152796566533
(55, 56) : 0.003370789144045795
(56, 55) : 0.003370789144045795
(56, 11) : 0.0037037465542712517
(56, 57) : 0.0034543818587615474
(57, 58) : 0.0039220830453322334
(57, 56) : 0.0034543818587615474
(57, 12) : 0.003936975564640707
(58, 57) : 0.0039220830453322334
(58, 13) : 0.003971827516544645
(58, 59) : 0.0052597132866615106
(59, 14) : 0.004039389095237601
(59, 60) : 0.0037258307311771053
(59, 58) : 0.0052597132866615106
(60, 59) : 0.0037258307311771053
(60, 15) : 0.0035525646528058587
(60, 61) : 0.0036554962470727527
(61, 16) : 0.002740901234581756
(61, 62) : 0.0034679482249826083
(61, 60) : 0.0036554962470727527
(62, 61) : 0.0034679482249826083
(62, 17) : 0.003483541608069052
(62, 63) : 0.0034279385121565517
(63, 62) : 0.0034279385121565517
(63, 18) : 0.0039587305817070815
(63, 64) : 0.004025402847535426
(64, 63) : 0.004025402847535426
(64, 19) : 0.004056599681591192
(64, 65) : 0.0030353282773695166
(65, 64) : 0.0030353282773695166
(65, 20) : 0.003857446114203675
(65, 66) : 0.00422863309589857
(66, 67) : 0.005201241348987365
(66, 65) : 0.00422863309589857
(66, 21) : 0.003694090297133976
(67, 66) : 0.005201241348987365
(67, 22) : 0.0038606704996830793
(67, 68) : 0.005081830362899842
(68, 69) : 0.0037803016483100114
(68, 67) : 0.005081830362899842
(68, 23) : 0.003600822574908059
(69, 68) : 0.0037803016483100114
(69, 24) : 0.0036974379633640904
(69, 70) : 0.0031542679076594347
(70, 25) : 0.003250685455404517
(70, 71) : 0.003136031165814503
(70, 69) : 0.0031542679076594347
(71, 70) : 0.003136031165814503
(71, 26) : 0.002961794868554414
(71, 72) : 0.0035591119193679435
(72, 27) : 0.0034005405059705624
(72, 73) : 0.004188261340689629
(72, 71) : 0.0035591119193679435
(73, 72) : 0.004188261340689629
(73, 28) : 0.0040714575512732455
(73, 74) : 0.004343126558636181
(74, 73) : 0.004343126558636181
(74, 29) : 0.004237924355860055
(74, 75) : 0.0036585584193517097
(75, 76) : 0.003326322293175381
(75, 74) : 0.0036585584193517097
(75, 30) : 0.004016535875557003
(76, 75) : 0.003326322293175381
(76, 31) : 0.004188035361671741
(76, 77) : 0.002743246803479295
(77, 76) : 0.002743246803479295
(77, 32) : 0.003964045832699983
(77, 78) : 0.0034416809935253843
(78, 77) : 0.0034416809935253843
(78, 33) : 0.0042512446255002475
(78, 79) : 0.0033341358867144425
(79, 34) : 0.004673204592134735
(79, 80) : 0.0034191467679514785
(79, 78) : 0.0033341358867144425
(80, 79) : 0.0034191467679514785
(80, 35) : 0.0037511856860800606
(80, 81) : 0.0037247419208579677
(81, 82) : 0.0031182261994323382
(81, 80) : 0.0037247419208579677
(81, 36) : 0.0035735652905314404
(82, 81) : 0.0031182261994323382
(82, 37) : 0.003670872124266743
(82, 83) : 0.003552851800486058
(83, 82) : 0.003552851800486058
(83, 38) : 0.003394209480825735
(83, 84) : 0.0042043823047209885
(84, 83) : 0.0042043823047209885
(84, 39) : 0.0034678368161017064
(84, 85) : 0.004207959764051186
(85, 84) : 0.004207959764051186
(85, 40) : 0.0031011147632692823
(85, 86) : 0.0038600461672711377
(86, 85) : 0.0038600461672711377
(86, 41) : 0.0031511162686905002
(86, 87) : 0.00406058362168765
(87, 86) : 0.00406058362168765
(87, 42) : 0.004309481142827129
(87, 88) : 0.003806965773713611
(88, 89) : 0.0038792591881961756
(88, 87) : 0.003806965773713611
(88, 43) : 0.004057415103411033
(89, 88) : 0.0038792591881961756
(89, 44) : 0.0030613114245298654
(89, 90) : 0.004377681031347832
(90, 46) : 0.0037722880028446693
(90, 89) : 0.004377681031347832
(90, 45) : 0.003399785228022074
