(1, 45) : 0.0036872440997481764
(1, 46) : 0.0038081877724143566
(1, 2) : 0.004655658140821062
(2, 3) : 0.0036266750229211327
(2, 1) : 0.004655658140821062
(2, 47) : 0.003302178461252479
(3, 2) : 0.0036266750229211327
(3, 48) : 0.0034110464899083383
(3, 4) : 0.0037259252946922356
(4, 49) : 0.0033457049861549933
(4, 5) : 0.0029464109433427386
(4, 3) : 0.0037259252946922356
(5, 4) : 0.0029464109433427386
(5, 50) : 0.0030144476747048813
(5, 6) : 0.0033900605667837717
(6, 51) : 0.002649433892353461
(6, 7) : 0.0031355819891589983
(6, 5) : 0.0033900605667837717
(7, 6) : 0.0031355819891589983
(7, 52) : 0.0027709965426981386
(7, 8) : 0.0035091955346370014
(8, 7) : 0.0035091955346370014
(8, 53) : 0.0031400293548314293
(8, 9) : 0.003282190148802412
(9, 10) : 0.004953603463253316
(9, 8) : 0.003282190148802412
(9, 54) : 0.0034289427293942524
(10, 9) : 0.004953603463253316
(10, 55) : 0.004488159926983541
(10, 11) : 0.004788943691251688
(11, 12) : 0.00466318638666168
(11, 10) : 0.004788943691251688
(11, 56) : 0.004554852175008257
(12, 11) : 0.00466318638666168
(12, 57) : 0.0034462297450287196
(12, 13) : 0.003315289871997459
(13, 14) : 0.003402828440468006
(13, 12) : 0.003315289871997459
(13, 58) : 0.0032106583357388294
(14, 13) : 0.0034028284404680064
(14, 59) : 0.0036840506670940912
(14, 15) : 0.0034870013248951524
(15, 16) : 0.004180482058888769
(15, 14) : 0.0034870013248951524
(15, 60) : 0.004588183490998329
(16, 15) : 0.004180482058888769
(16, 61) : 0.004629444325509879
(16, 17) : 0.005241259479988662
(17, 16) : 0.005241259479988663
(17, 62) : 0.004405329498133885
(17, 18) : 0.004928202128131098
(18, 17) : 0.004928202128131098
(18, 63) : 0.004383081154239172
(18, 19) : 0.005382540589837183
(19, 18) : 0.005382540589837183
(19, 64) : 0.0039264911660540905
(19, 20) : 0.004428836459635356
(20, 19) : 0.004428836459635356
(20, 65) : 0.0038100170702577494
(20, 21) : 0.004179959731817982
(21, 20) : 0.004179959731817982
(21, 66) : 0.003927429528181212
(21, 22) : 0.003702588837871531
(22, 21) : 0.003702588837871531
(22, 67) : 0.0034843055249946476
(22, 23) : 0.002670497953385018
(23, 22) : 0.002670497953385018
(23, 68) : 0.0034681665759611017
(23, 24) : 0.0031964205599555088
(24, 25) : 0.0031270083153705714
(24, 23) : 0.0031964205599555088
(24, 69) : 0.0036851102603166898
(25, 24) : 0.0031270083153705714
(25, 70) : 0.003936509754550901
(25, 26) : 0.004944484443310276
(26, 27) : 0.0032928869284799918
(26, 25) : 0.004944484443310276
(26, 71) : 0.004554292534059386
(27, 26) : 0.0032928869284799918
(27, 72) : 0.003799534160593022
(27, 28) : 0.004338347975001261
(28, 73) : 0.0036590481817938823
(28, 29) : 0.003600909780619181
(28, 27) : 0.004338347975001261
(29, 28) : 0.003600909780619181
(29, 74) : 0.004428341300258232
(29, 30) : 0.0032675600276501513
(30, 75) : 0.003986997050196797
(30, 31) : 0.0035762027921728327
(30, 29) : 0.0032675600276501513
(31, 30) : 0.0035762027921728327
(31, 76) : 0.0039050839388594535
(31, 32) : 0.0035082101419562028
(32, 31) : 0.0035082101419562028
(32, 77) : 0.0036613966761584738
(32, 33) : 0.0035296574865711777
(33, 34) : 0.0027406854084383687
(33, 32) : 0.0035296574865711777
(33, 78) : 0.002797277515744231
(34, 33) : 0.002740685408438369
(34, 79) : 0.0025917479462652547
(34, 35) : 0.0037323870070415694
(35, 36) : 0.003335967344583667
(35, 34) : 0.0037323870070415694
(35, 80) : 0.003212396638805825
(36, 35) : 0.003335967344583667
(36, 81) : 0.004090582034204702
(36, 37) : 0.0038995063556169444
(37, 82) : 0.004330355126462382
(37, 38) : 0.002626267337988913
(37, 36) : 0.0038995063556169444
(38, 37) : 0.002626267337988913
(38, 83) : 0.003627658240614779
(38, 39) : 0.004117575419141141
(39, 84) : 0.003351977174961146
(39, 40) : 0.0028167557176244033
(39, 38) : 0.004117575419141141
(40, 39) : 0.0028167557176244033
(40, 85) : 0.0033710967423921678
(40, 41) : 0.003096028514369835
(41, 40) : 0.003096028514369835
(41, 86) : 0.0030014738065116116
(41, 42) : 0.004191931106867183
(42, 43) : 0.004221525914120368
(42, 41) : 0.004191931106867183
(42, 87) : 0.003981093925958102
(43, 42) : 0.004221525914120368
(43, 88) : 0.004246426803342654
(43, 44) : 0.0041088899217827405
(44, 45) : 0.003685216405527882
(44, 43) : 0.0041088899217827405
(44, 89) : 0.003633182429578823
(45, 44) : 0.003685216405527882
(45, 90) : 0.004272794419425231
(45, 1) : 0.0036872440997481764
(46, 47) : 0.003805202597201974
(46, 90) : 0.0034883880900081943
(46, 1) : 0.0038081877724143566
(47, 46) : 0.003805202597201974
(47, 2) : 0.003302178461252479
(47, 48) : 0.003464814474056043
(48, 49) : 0.0028168170759464563
(48, 47) : 0.003464814474056043
(48, 3) : 0.0034110464899083383
(49, 48) : 0.0028168170759464563
(49, 4) : 0.0033457049861549933
(49, 50) : 0.0031246472370683935
(50, 49) : 0.0031246472370683935
(50, 5) : 0.0030144476747048813
(50, 51) : 0.0030019834819449693
(51, 50) : 0.0030019834819449693
(51, 6) : 0.002649433892353461
(51, 52) : 0.003315545172399024
(52, 51) : 0.003315545172399024
(52, 7) : 0.0027709965426981386
(52, 53) : 0.0033849401542437804
(53, 52) : 0.0033849401542437804
(53, 8) : 0.0031400293548314293
(53, 54) : 0.003478484617108758
(54, 53) : 0.003478484617108758
(54, 9) : 0.0034289427293942524
(54, 55) : 0.004218366817416429
(55, 54) : 0.004218366817416429
(55, 10) : 0.004488159926983541
(55, 56) : 0.004624172738572328
(56, 55) : 0.004624172738572328
(56, 11) : 0.004554852175008257
(56, 57) : 0.0037020121226459726
(57, 58) : 0.0034344990386182693
(57, 56) : 0.0037020121226459726
(57, 12) : 0.003446229745028719
(58, 57) : 0.0034344990386182693
(58, 13) : 0.0032106583357388294
(58, 59) : 0.0032125184321510343
(59, 14) : 0.0036840506670940917
(59, 60) : 0.0036454848042230493
(59, 58) : 0.0032125184321510343
(60, 59) : 0.0036454848042230493
(60, 15) : 0.004588183490998329
(60, 61) : 0.004503500412270571
(61, 16) : 0.004629444325509879
(61, 62) : 0.004171107418161428
(61, 60) : 0.004503500412270571
(62, 61) : 0.004171107418161428
(62, 17) : 0.004405329498133885
(62, 63) : 0.004962022019153168
(63, 62) : 0.004962022019153168
(63, 18) : 0.004383081154239172
(63, 64) : 0.004054966104020569
(64, 63) : 0.004054966104020569
(64, 19) : 0.0039264911660540905
(64, 65) : 0.003967734071673587
(65, 64) : 0.003967734071673588
(65, 20) : 0.0038100170702577494
(65, 66) : 0.003814939706365314
(66, 67) : 0.003919642280028077
(66, 65) : 0.003814939706365314
(66, 21) : 0.003927429528181212
(67, 66) : 0.003919642280028077
(67, 22) : 0.0034843055249946476
(67, 68) : 0.0034882205534268115
(68, 69) : 0.0031376107218655494
(68, 67) : 0.0034882205534268115
(68, 23) : 0.0034681665759611017
(69, 68) : 0.0031376107218655486
(69, 24) : 0.0036851102603166898
(69, 70) : 0.0047827110341296004
(70, 25) : 0.003936509754550901
(70, 71) : 0.003323224518845077
(70, 69) : 0.0047827110341296004
(71, 70) : 0.003323224518845077
(71, 26) : 0.004554292534059386
(71, 72) : 0.0038173084194326697
(72, 27) : 0.003799534160593022
(72, 73) : 0.0034130393156485573
(72, 71) : 0.0038173084194326697
(73, 72) : 0.0034130393156485573
(73, 28) : 0.0036590481817938823
(73, 74) : 0.0035977645750366618
(74, 73) : 0.0035977645750366618
(74, 29) : 0.004428341300258232
(74, 75) : 0.003663032599221496
(75, 76) : 0.003955338363465026
(75, 74) : 0.003663032599221496
(75, 30) : 0.003986997050196797
(76, 75) : 0.003955338363465026
(76, 31) : 0.0039050839388594535
(76, 77) : 0.004035225615077099
(77, 76) : 0.004035225615077099
(77, 32) : 0.0036613966761584738
(77, 78) : 0.003556994556921931
(78, 77) : 0.003556994556921931
(78, 33) : 0.002797277515744231
(78, 79) : 0.002841714051345142
(79, 34) : 0.0025917479462652547
(79, 80) : 0.0035184499573640096
(79, 78) : 0.002841714051345142
(80, 79) : 0.0035184499573640096
(80, 35) : 0.003212396638805825
(80, 81) : 0.0041272575358294785
(81, 82) : 0.0026756146155004846
(81, 80) : 0.0041272575358294785
(81, 36) : 0.004090582034204702
(82, 81) : 0.0026756146155004846
(82, 37) : 0.004330355126462382
(82, 83) : 0.0036156939642162335
(83, 82) : 0.0036156939642162335
(83, 38) : 0.003627658240614779
(83, 84) : 0.0025623914234075523
(84, 83) : 0.0025623914234075523
(84, 39) : 0.003351977174961146
(84, 85) : 0.002741978266639773
(85, 84) : 0.002741978266639773
(85, 40) : 0.0033710967423921678
(85, 86) : 0.0026962401519007176
(86, 85) : 0.0026962401519007176
(86, 41) : 0.0030014738065116116
(86, 87) : 0.0038067051941424487
(87, 86) : 0.0038067051941424487
(87, 42) : 0.003981093925958102
(87, 88) : 0.0040203139113034955
(88, 89) : 0.0042659770544855365
(88, 87) : 0.0040203139113034955
(88, 43) : 0.004246426803342655
(89, 88) : 0.0042659770544855365
(89, 44) : 0.003633182429578823
(89, 90) : 0.0030050739233872265
(90, 46) : 0.0034883880900081943
(90, 89) : 0.0030050739233872265
(90, 45) : 0.004272794419425231
