(1, 45) : 0.0035080724052706544
(1, 46) : 0.0036548936846546626
(1, 2) : 0.004678658974334785
(2, 3) : 0.0039027278031703743
(2, 1) : 0.004678658974334785
(2, 47) : 0.0036279480444626313
(3, 2) : 0.0039027278031703743
(3, 48) : 0.003672920012794885
(3, 4) : 0.003933494676028022
(4, 49) : 0.003957269004321264
(4, 5) : 0.003931702698675322
(4, 3) : 0.003933494676028022
(5, 4) : 0.003931702698675322
(5, 50) : 0.0046640677981816155
(5, 6) : 0.003872220584863655
(6, 51) : 0.004394344071106026
(6, 7) : 0.004534609436538472
(6, 5) : 0.003872220584863655
(7, 6) : 0.004534609436538472
(7, 52) : 0.0037375653062238215
(7, 8) : 0.003588003510709639
(8, 7) : 0.003588003510709639
(8, 53) : 0.0032263729823875376
(8, 9) : 0.004361801089029132
(9, 10) : 0.0034702513957551155
(9, 8) : 0.004361801089029132
(9, 54) : 0.0027125276226940723
(10, 9) : 0.0034702513957551155
(10, 55) : 0.0027167446822562204
(10, 11) : 0.002818900358929767
(11, 12) : 0.003113475315260792
(11, 10) : 0.002818900358929767
(11, 56) : 0.003096344350134303
(12, 11) : 0.003113475315260792
(12, 57) : 0.003760675478199892
(12, 13) : 0.0035284935204604674
(13, 14) : 0.0036566870943742003
(13, 12) : 0.0035284935204604674
(13, 58) : 0.0037463029021577153
(14, 13) : 0.0036566870943742003
(14, 59) : 0.0032977220265125256
(14, 15) : 0.0033264294818341244
(15, 16) : 0.0038219622005095924
(15, 14) : 0.0033264294818341244
(15, 60) : 0.004070703394611154
(16, 15) : 0.0038219622005095924
(16, 61) : 0.004130656143749347
(16, 17) : 0.004506062005511521
(17, 16) : 0.004506062005511521
(17, 62) : 0.0035110728414782955
(17, 18) : 0.003481466361508703
(18, 17) : 0.003481466361508703
(18, 63) : 0.003089381859047362
(18, 19) : 0.003666589296817356
(19, 18) : 0.003666589296817356
(19, 64) : 0.0029704507066993396
(19, 20) : 0.0032337961905703496
(20, 19) : 0.0032337961905703496
(20, 65) : 0.0029645136984542977
(20, 21) : 0.0029937113677104233
(21, 20) : 0.0029937113677104233
(21, 66) : 0.0025582282997155164
(21, 22) : 0.0031716143369473464
(22, 21) : 0.0031716143369473464
(22, 67) : 0.0031576962415131578
(22, 23) : 0.0036646817803049785
(23, 22) : 0.003664681780304978
(23, 68) : 0.0039188633419116724
(23, 24) : 0.003425485922163232
(24, 25) : 0.0036289150110457285
(24, 23) : 0.003425485922163232
(24, 69) : 0.004201853481370121
(25, 24) : 0.0036289150110457285
(25, 70) : 0.004249333054969824
(25, 26) : 0.00413415910172554
(26, 27) : 0.004190012449421563
(26, 25) : 0.00413415910172554
(26, 71) : 0.00405035745553248
(27, 26) : 0.004190012449421563
(27, 72) : 0.0037558123102847396
(27, 28) : 0.004118459647759159
(28, 73) : 0.00405325073905883
(28, 29) : 0.003281823100716747
(28, 27) : 0.004118459647759159
(29, 28) : 0.003281823100716747
(29, 74) : 0.003658279437334843
(29, 30) : 0.004982580115591363
(30, 75) : 0.0032766833915486965
(30, 31) : 0.0034426556696284384
(30, 29) : 0.004982580115591363
(31, 30) : 0.0034426556696284384
(31, 76) : 0.0038253166029679
(31, 32) : 0.0045489325479845764
(32, 31) : 0.0045489325479845764
(32, 77) : 0.0038290819378845875
(32, 33) : 0.0036395008862903128
(33, 34) : 0.004013851434377863
(33, 32) : 0.0036395008862903128
(33, 78) : 0.004188830089767042
(34, 33) : 0.004013851434377863
(34, 79) : 0.004105983913540666
(34, 35) : 0.003787134422970393
(35, 36) : 0.0034539409920171216
(35, 34) : 0.003787134422970393
(35, 80) : 0.0035767713067724133
(36, 35) : 0.0034539409920171216
(36, 81) : 0.0031129092496792496
(36, 37) : 0.004130911597534185
(37, 82) : 0.003232757663597734
(37, 38) : 0.0030631475721114303
(37, 36) : 0.004130911597534185
(38, 37) : 0.0030631475721114303
(38, 83) : 0.0032518428807444748
(38, 39) : 0.003044015402914273
(39, 84) : 0.0031797191095203716
(39, 40) : 0.0032687610366742403
(39, 38) : 0.003044015402914273
(40, 39) : 0.0032687610366742403
(40, 85) : 0.0034206916980688913
(40, 41) : 0.003238735204197976
(41, 40) : 0.003238735204197976
(41, 86) : 0.0038497227697918833
(41, 42) : 0.003461339302089257
(42, 43) : 0.004455660486398305
(42, 41) : 0.003461339302089257
(42, 87) : 0.004241730207387334
(43, 42) : 0.004455660486398305
(43, 88) : 0.004187047629088471
(43, 44) : 0.0036160582218059925
(44, 45) : 0.005043636806836127
(44, 43) : 0.0036160582218059925
(44, 89) : 0.0033876092959626587
(45, 44) : 0.005043636806836127
(45, 90) : 0.0031492659331279014
(45, 1) : 0.0035080724052706544
(46, 47) : 0.00331131420873759
(46, 90) : 0.0038224503146431425
(46, 1) : 0.0036548936846546626
(47, 46) : 0.00331131420873759
(47, 2) : 0.0036279480444626313
(47, 48) : 0.004467832759039193
(48, 49) : 0.0036535050663385124
(48, 47) : 0.004467832759039193
(48, 3) : 0.003672920012794885
(49, 48) : 0.0036535050663385124
(49, 4) : 0.003957269004321265
(49, 50) : 0.0036785414268387206
(50, 49) : 0.0036785414268387206
(50, 5) : 0.004664067798181615
(50, 51) : 0.004205584653909209
(51, 50) : 0.004205584653909209
(51, 6) : 0.004394344071106026
(51, 52) : 0.0033784732022044237
(52, 51) : 0.0033784732022044237
(52, 7) : 0.0037375653062238215
(52, 53) : 0.003474192627585585
(53, 52) : 0.003474192627585585
(53, 8) : 0.0032263729823875376
(53, 54) : 0.0037195204114657517
(54, 53) : 0.0037195204114657517
(54, 9) : 0.0027125276226940723
(54, 55) : 0.003588228308815051
(55, 54) : 0.003588228308815051
(55, 10) : 0.0027167446822562204
(55, 56) : 0.0028680058284693563
(56, 55) : 0.0028680058284693563
(56, 11) : 0.003096344350134303
(56, 57) : 0.0035374358127947736
(57, 58) : 0.004020241556516794
(57, 56) : 0.0035374358127947736
(57, 12) : 0.003760675478199892
(58, 57) : 0.004020241556516794
(58, 13) : 0.0037463029021577153
(58, 59) : 0.00388738285041197
(59, 14) : 0.0032977220265125256
(59, 60) : 0.0035088491007250647
(59, 58) : 0.00388738285041197
(60, 59) : 0.0035088491007250647
(60, 15) : 0.004070703394611154
(60, 61) : 0.0033745717503283336
(61, 16) : 0.004130656143749347
(61, 62) : 0.00385042631003446
(61, 60) : 0.0033745717503283336
(62, 61) : 0.00385042631003446
(62, 17) : 0.0035110728414782955
(62, 63) : 0.0030209130672988354
(63, 62) : 0.0030209130672988354
(63, 18) : 0.003089381859047362
(63, 64) : 0.0038405575676297736
(64, 63) : 0.0038405575676297736
(64, 19) : 0.0029704507066993396
(64, 65) : 0.003242087562265195
(65, 64) : 0.003242087562265195
(65, 20) : 0.0029645136984542977
(65, 66) : 0.0034113699401368963
(66, 67) : 0.0030805498159499492
(66, 65) : 0.0034113699401368963
(66, 21) : 0.0025582282997155164
(67, 66) : 0.0030805498159499492
(67, 22) : 0.0031576962415131578
(67, 68) : 0.0036942679766518126
(68, 69) : 0.004448840934760785
(68, 67) : 0.0036942679766518126
(68, 23) : 0.0039188633419116724
(69, 68) : 0.004448840934760785
(69, 24) : 0.004201853481370121
(69, 70) : 0.003366964386221716
(70, 25) : 0.004249333054969824
(70, 71) : 0.00544248939093767
(70, 69) : 0.003366964386221716
(71, 70) : 0.00544248939093767
(71, 26) : 0.00405035745553248
(71, 72) : 0.004249074190338266
(72, 27) : 0.0037558123102847396
(72, 73) : 0.0037321741733967865
(72, 71) : 0.004249074190338266
(73, 72) : 0.0037321741733967865
(73, 28) : 0.00405325073905883
(73, 74) : 0.003659926008345599
(74, 73) : 0.003659926008345599
(74, 29) : 0.003658279437334843
(74, 75) : 0.003735734812347647
(75, 76) : 0.0042323663821040355
(75, 74) : 0.003735734812347647
(75, 30) : 0.0032766833915486965
(76, 75) : 0.0042323663821040355
(76, 31) : 0.0038253166029679
(76, 77) : 0.0030896306320470834
(77, 76) : 0.0030896306320470834
(77, 32) : 0.0038290819378845875
(77, 78) : 0.004612809693554713
(78, 77) : 0.004612809693554713
(78, 33) : 0.004188830089767042
(78, 79) : 0.0040134523180864095
(79, 34) : 0.004105983913540666
(79, 80) : 0.0038060520450352475
(79, 78) : 0.0040134523180864095
(80, 79) : 0.0038060520450352475
(80, 35) : 0.0035767713067724133
(80, 81) : 0.004364500030388228
(81, 82) : 0.004590374422538497
(81, 80) : 0.004364500030388228
(81, 36) : 0.0031129092496792496
(82, 81) : 0.004590374422538497
(82, 37) : 0.003232757663597734
(82, 83) : 0.003433067239683182
(83, 82) : 0.003433067239683182
(83, 38) : 0.0032518428807444748
(83, 84) : 0.003928501617538742
(84, 83) : 0.003928501617538742
(84, 39) : 0.0031797191095203716
(84, 85) : 0.003490515305035266
(85, 84) : 0.003490515305035266
(85, 40) : 0.0034206916980688913
(85, 86) : 0.0038337394448272827
(86, 85) : 0.0038337394448272827
(86, 41) : 0.0038497227697918833
(86, 87) : 0.003449071738024627
(87, 86) : 0.003449071738024627
(87, 42) : 0.004241730207387334
(87, 88) : 0.00389398999238656
(88, 89) : 0.003535255786520047
(88, 87) : 0.00389398999238656
(88, 43) : 0.004187047629088471
(89, 88) : 0.003535255786520047
(89, 44) : 0.0033876092959626587
(89, 90) : 0.0032979238684541666
(90, 46) : 0.0038224503146431425
(90, 89) : 0.0032979238684541666
(90, 45) : 0.0031492659331279014
