(1, 45) : 0.004293265642226992
(1, 46) : 0.004555111109398345
(1, 2) : 0.004459087621084867
(2, 3) : 0.004681417536480973
(2, 1) : 0.004459087621084867
(2, 47) : 0.004346768184021217
(3, 2) : 0.004681417536480973
(3, 48) : 0.003936879503774025
(3, 4) : 0.003234254019479711
(4, 49) : 0.0031433489139694945
(4, 5) : 0.0031540350658598414
(4, 3) : 0.003234254019479711
(5, 4) : 0.0031540350658598414
(5, 50) : 0.0027793900388105755
(5, 6) : 0.0029006355079164267
(6, 51) : 0.0032795740588205113
(6, 7) : 0.0029611581206461903
(6, 5) : 0.0029006355079164267
(7, 6) : 0.0029611581206461903
(7, 52) : 0.0031165062474557124
(7, 8) : 0.003171903863109252
(8, 7) : 0.003171903863109252
(8, 53) : 0.002749489367006956
(8, 9) : 0.0030235665762409565
(9, 10) : 0.003698857900753234
(9, 8) : 0.0030235665762409565
(9, 54) : 0.0032248888226841074
(10, 9) : 0.003698857900753234
(10, 55) : 0.003756449646652564
(10, 11) : 0.003951671880456709
(11, 12) : 0.005356274657155434
(11, 10) : 0.003951671880456709
(11, 56) : 0.003606995762017931
(12, 11) : 0.005356274657155434
(12, 57) : 0.0037112531996418745
(12, 13) : 0.004536355372814568
(13, 14) : 0.0043325128115714005
(13, 12) : 0.004536355372814568
(13, 58) : 0.0039941924955336485
(14, 13) : 0.0043325128115714005
(14, 59) : 0.003752381427568489
(14, 15) : 0.004901622326696192
(15, 16) : 0.004071902304051874
(15, 14) : 0.004901622326696192
(15, 60) : 0.0035359347257551345
(16, 15) : 0.004071902304051874
(16, 61) : 0.00417232600485363
(16, 17) : 0.0031779932401329934
(17, 16) : 0.0031779932401329934
(17, 62) : 0.0046704927743839025
(17, 18) : 0.0033250909629176533
(18, 17) : 0.0033250909629176533
(18, 63) : 0.003626880156363255
(18, 19) : 0.0033429847776855794
(19, 18) : 0.0033429847776855794
(19, 64) : 0.0033755472643663695
(19, 20) : 0.0038707845331413266
(20, 19) : 0.0038707845331413266
(20, 65) : 0.003871987926309038
(20, 21) : 0.0039006478015571585
(21, 20) : 0.0039006478015571585
(21, 66) : 0.0040345210678182
(21, 22) : 0.0031382706699793995
(22, 21) : 0.0031382706699793995
(22, 67) : 0.0044261801112494845
(22, 23) : 0.0030729439833158604
(23, 22) : 0.0030729439833158604
(23, 68) : 0.004205839335580739
(23, 24) : 0.004023611360685563
(24, 25) : 0.0033044796942143973
(24, 23) : 0.004023611360685562
(24, 69) : 0.004276486486233987
(25, 24) : 0.0033044796942143973
(25, 70) : 0.0038537851353808096
(25, 26) : 0.00406091839153433
(26, 27) : 0.003969210031632136
(26, 25) : 0.00406091839153433
(26, 71) : 0.0033489328825205824
(27, 26) : 0.003969210031632136
(27, 72) : 0.003206107635881496
(27, 28) : 0.003827345515548329
(28, 73) : 0.0031378469620349653
(28, 29) : 0.004029866489534593
(28, 27) : 0.003827345515548329
(29, 28) : 0.004029866489534593
(29, 74) : 0.0031831624871189
(29, 30) : 0.0035463759309034898
(30, 75) : 0.003525387723538662
(30, 31) : 0.004018112533515785
(30, 29) : 0.0035463759309034898
(31, 30) : 0.004018112533515785
(31, 76) : 0.0038757516283457034
(31, 32) : 0.00390474237843836
(32, 31) : 0.00390474237843836
(32, 77) : 0.003923955952001672
(32, 33) : 0.004006947436296862
(33, 34) : 0.004170764517950759
(33, 32) : 0.004006947436296862
(33, 78) : 0.0043647111040592095
(34, 33) : 0.004170764517950759
(34, 79) : 0.0039894394234890425
(34, 35) : 0.003925308990252345
(35, 36) : 0.002994234315915083
(35, 34) : 0.003925308990252345
(35, 80) : 0.0037230006549912086
(36, 35) : 0.002994234315915083
(36, 81) : 0.003847645608309368
(36, 37) : 0.003308182702090986
(37, 82) : 0.0037544385899566345
(37, 38) : 0.003169524025793419
(37, 36) : 0.003308182702090986
(38, 37) : 0.003169524025793419
(38, 83) : 0.003203335351044799
(38, 39) : 0.004466903443451607
(39, 84) : 0.0033202708088861444
(39, 40) : 0.0027804112020012425
(39, 38) : 0.004466903443451607
(40, 39) : 0.0027804112020012425
(40, 85) : 0.0033327985335073426
(40, 41) : 0.004050047113295853
(41, 40) : 0.004050047113295853
(41, 86) : 0.0033719167124883443
(41, 42) : 0.0031546003445649035
(42, 43) : 0.003394040313510479
(42, 41) : 0.0031546003445649035
(42, 87) : 0.003647500032541394
(43, 42) : 0.003394040313510479
(43, 88) : 0.003458463156068472
(43, 44) : 0.003592583471887791
(44, 45) : 0.003889047344776068
(44, 43) : 0.003592583471887791
(44, 89) : 0.004238828383973869
(45, 44) : 0.0038890473447760684
(45, 90) : 0.004461814017975264
(45, 1) : 0.004293265642226992
(46, 47) : 0.004803785001282831
(46, 90) : 0.004404381818252987
(46, 1) : 0.004555111109398345
(47, 46) : 0.004803785001282831
(47, 2) : 0.004346768184021217
(47, 48) : 0.00488339558366531
(48, 49) : 0.003666929810056813
(48, 47) : 0.00488339558366531
(48, 3) : 0.003936879503774025
(49, 48) : 0.003666929810056813
(49, 4) : 0.0031433489139694945
(49, 50) : 0.0028536544168588198
(50, 49) : 0.0028536544168588198
(50, 5) : 0.0027793900388105755
(50, 51) : 0.0028516022956796
(51, 50) : 0.0028516022956796
(51, 6) : 0.0032795740588205113
(51, 52) : 0.0026932589872449013
(52, 51) : 0.0026932589872449013
(52, 7) : 0.0031165062474557124
(52, 53) : 0.0029538901720775283
(53, 52) : 0.002953890172077528
(53, 8) : 0.002749489367006956
(53, 54) : 0.002868915580401875
(54, 53) : 0.002868915580401875
(54, 9) : 0.0032248888226841074
(54, 55) : 0.0028357884587092417
(55, 54) : 0.0028357884587092417
(55, 10) : 0.003756449646652564
(55, 56) : 0.0034851109084252483
(56, 55) : 0.0034851109084252483
(56, 11) : 0.0036069957620179305
(56, 57) : 0.003634944441521588
(57, 58) : 0.003341340160970457
(57, 56) : 0.003634944441521588
(57, 12) : 0.003711253199641874
(58, 57) : 0.003341340160970457
(58, 13) : 0.003994192495533649
(58, 59) : 0.003636033115637813
(59, 14) : 0.003752381427568489
(59, 60) : 0.0034399071777823395
(59, 58) : 0.003636033115637813
(60, 59) : 0.0034399071777823395
(60, 15) : 0.0035359347257551345
(60, 61) : 0.00409381642933269
(61, 16) : 0.00417232600485363
(61, 62) : 0.0035399663636548452
(61, 60) : 0.00409381642933269
(62, 61) : 0.0035399663636548457
(62, 17) : 0.0046704927743839025
(62, 63) : 0.0036156395156057945
(63, 62) : 0.0036156395156057945
(63, 18) : 0.003626880156363255
(63, 64) : 0.00458534541204796
(64, 63) : 0.00458534541204796
(64, 19) : 0.0033755472643663695
(64, 65) : 0.004065922243457234
(65, 64) : 0.004065922243457234
(65, 20) : 0.003871987926309038
(65, 66) : 0.004307723185186438
(66, 67) : 0.003588331735588336
(66, 65) : 0.004307723185186438
(66, 21) : 0.0040345210678182
(67, 66) : 0.003588331735588336
(67, 22) : 0.0044261801112494845
(67, 68) : 0.0036314066672975577
(68, 69) : 0.003476689923480627
(68, 67) : 0.0036314066672975577
(68, 23) : 0.004205839335580739
(69, 68) : 0.0034766899234806264
(69, 24) : 0.004276486486233987
(69, 70) : 0.0033251378148871896
(70, 25) : 0.0038537851353808096
(70, 71) : 0.0033864416777984094
(70, 69) : 0.00332513781488719
(71, 70) : 0.0033864416777984094
(71, 26) : 0.0033489328825205824
(71, 72) : 0.00389838234187109
(72, 27) : 0.003206107635881496
(72, 73) : 0.004352072385626475
(72, 71) : 0.003898382341871091
(73, 72) : 0.004352072385626475
(73, 28) : 0.0031378469620349653
(73, 74) : 0.0039987965919834195
(74, 73) : 0.0039987965919834195
(74, 29) : 0.0031831624871189
(74, 75) : 0.003380236660994608
(75, 76) : 0.00309990407339255
(75, 74) : 0.003380236660994608
(75, 30) : 0.003525387723538662
(76, 75) : 0.00309990407339255
(76, 31) : 0.0038757516283457034
(76, 77) : 0.0034192545056765575
(77, 76) : 0.003419254505676557
(77, 32) : 0.003923955952001672
(77, 78) : 0.0037427166855149184
(78, 77) : 0.0037427166855149184
(78, 33) : 0.0043647111040592095
(78, 79) : 0.0036690953534535245
(79, 34) : 0.0039894394234890425
(79, 80) : 0.0043310537464921126
(79, 78) : 0.0036690953534535245
(80, 79) : 0.004331053746492113
(80, 35) : 0.0037230006549912086
(80, 81) : 0.0032800473554516372
(81, 82) : 0.0034567851616401266
(81, 80) : 0.0032800473554516372
(81, 36) : 0.003847645608309368
(82, 81) : 0.0034567851616401266
(82, 37) : 0.0037544385899566345
(82, 83) : 0.003650135465174875
(83, 82) : 0.003650135465174875
(83, 38) : 0.003203335351044799
(83, 84) : 0.004161884375438415
(84, 83) : 0.004161884375438415
(84, 39) : 0.0033202708088861444
(84, 85) : 0.0027676519995014923
(85, 84) : 0.0027676519995014923
(85, 40) : 0.0033327985335073426
(85, 86) : 0.003590028214101817
(86, 85) : 0.003590028214101817
(86, 41) : 0.0033719167124883443
(86, 87) : 0.003351469270367127
(87, 86) : 0.003351469270367127
(87, 42) : 0.003647500032541394
(87, 88) : 0.004229637899148564
(88, 89) : 0.003699229984675856
(88, 87) : 0.004229637899148564
(88, 43) : 0.003458463156068472
(89, 88) : 0.003699229984675856
(89, 44) : 0.004238828383973869
(89, 90) : 0.004889246895138843
(90, 46) : 0.004404381818252987
(90, 89) : 0.004889246895138843
(90, 45) : 0.004461814017975264
