(1, 45) : 0.004798758620175591
(1, 46) : 0.003937724681934351
(1, 2) : 0.0040441189958001274
(2, 3) : 0.0034664163183504818
(2, 1) : 0.0040441189958001274
(2, 47) : 0.004574628572418324
(3, 2) : 0.0034664163183504818
(3, 48) : 0.004077178098972781
(3, 4) : 0.0036161212765379283
(4, 49) : 0.0031408208316350476
(4, 5) : 0.003853265592059194
(4, 3) : 0.0036161212765379283
(5, 4) : 0.003853265592059194
(5, 50) : 0.0031733309526082183
(5, 6) : 0.003302399846272821
(6, 51) : 0.003176301446019096
(6, 7) : 0.0037543670301572645
(6, 5) : 0.003302399846272821
(7, 6) : 0.0037543670301572645
(7, 52) : 0.0029944733644422755
(7, 8) : 0.003698189367162512
(8, 7) : 0.003698189367162512
(8, 53) : 0.003255213524706697
(8, 9) : 0.004233013581607611
(9, 10) : 0.004295197496063895
(9, 8) : 0.004233013581607611
(9, 54) : 0.0033352672500533503
(10, 9) : 0.004295197496063895
(10, 55) : 0.0034229250864073056
(10, 11) : 0.003541047673663464
(11, 12) : 0.0033053285121755586
(11, 10) : 0.003541047673663464
(11, 56) : 0.003921572882652291
(12, 11) : 0.0033053285121755586
(12, 57) : 0.004526812022429622
(12, 13) : 0.0033277721217143882
(13, 14) : 0.003943882748143729
(13, 12) : 0.0033277721217143882
(13, 58) : 0.003824472974351094
(14, 13) : 0.003943882748143729
(14, 59) : 0.0029494305264675313
(14, 15) : 0.0038398283967394278
(15, 16) : 0.004046358406430773
(15, 14) : 0.0038398283967394278
(15, 60) : 0.0029448957448468616
(16, 15) : 0.004046358406430773
(16, 61) : 0.0036848864943722095
(16, 17) : 0.003413116196871758
(17, 16) : 0.003413116196871758
(17, 62) : 0.003860745369300842
(17, 18) : 0.002567412972867205
(18, 17) : 0.002567412972867205
(18, 63) : 0.0029215318832056633
(18, 19) : 0.003117235852998974
(19, 18) : 0.003117235852998974
(19, 64) : 0.0032655498707438177
(19, 20) : 0.003150647585516954
(20, 19) : 0.003150647585516954
(20, 65) : 0.0038448794446022333
(20, 21) : 0.003172484695147824
(21, 20) : 0.003172484695147824
(21, 66) : 0.0031789178189324456
(21, 22) : 0.003475925625423543
(22, 21) : 0.003475925625423543
(22, 67) : 0.002861146324677876
(22, 23) : 0.003815751777103259
(23, 22) : 0.003815751777103259
(23, 68) : 0.0030547834194769845
(23, 24) : 0.004333110926765321
(24, 25) : 0.0038719969112478514
(24, 23) : 0.004333110926765322
(24, 69) : 0.003570640663196201
(25, 24) : 0.0038719969112478514
(25, 70) : 0.004122979311814877
(25, 26) : 0.0041081404112113555
(26, 27) : 0.004273789148303038
(26, 25) : 0.0041081404112113555
(26, 71) : 0.004035794100283252
(27, 26) : 0.004273789148303038
(27, 72) : 0.004000017033479071
(27, 28) : 0.004171824293069182
(28, 73) : 0.004663814506933442
(28, 29) : 0.00369059163419334
(28, 27) : 0.004171824293069182
(29, 28) : 0.00369059163419334
(29, 74) : 0.00421015968912804
(29, 30) : 0.00472230504632088
(30, 75) : 0.0038328418357405744
(30, 31) : 0.003452558763745275
(30, 29) : 0.00472230504632088
(31, 30) : 0.003452558763745275
(31, 76) : 0.00393634562752726
(31, 32) : 0.004937949028308247
(32, 31) : 0.004937949028308247
(32, 77) : 0.003143964101745638
(32, 33) : 0.0035515039011331986
(33, 34) : 0.0037858359398511916
(33, 32) : 0.0035515039011331986
(33, 78) : 0.0035230464462500874
(34, 33) : 0.0037858359398511916
(34, 79) : 0.0041057111366340346
(34, 35) : 0.00389898804415198
(35, 36) : 0.00401866085014272
(35, 34) : 0.00389898804415198
(35, 80) : 0.0033565167938427493
(36, 35) : 0.00401866085014272
(36, 81) : 0.003522054541901375
(36, 37) : 0.003375251833679398
(37, 82) : 0.003535042259225548
(37, 38) : 0.003633877140022432
(37, 36) : 0.003375251833679398
(38, 37) : 0.003633877140022432
(38, 83) : 0.0037063806325504287
(38, 39) : 0.003191922758076419
(39, 84) : 0.0038899568660718735
(39, 40) : 0.0038847656105087383
(39, 38) : 0.003191922758076419
(40, 39) : 0.0038847656105087383
(40, 85) : 0.0038966989180572024
(40, 41) : 0.0031280146264181553
(41, 40) : 0.0031280146264181553
(41, 86) : 0.004083838045123043
(41, 42) : 0.004910169201629015
(42, 43) : 0.0029598374680206156
(42, 41) : 0.004910169201629015
(42, 87) : 0.003908676116974436
(43, 42) : 0.0029598374680206156
(43, 88) : 0.003905046723019538
(43, 44) : 0.004728084584630546
(44, 45) : 0.004428753735966193
(44, 43) : 0.004728084584630546
(44, 89) : 0.003901033091890039
(45, 44) : 0.004428753735966193
(45, 90) : 0.0038841875597224167
(45, 1) : 0.004798758620175591
(46, 47) : 0.003326648765270269
(46, 90) : 0.003503429505499096
(46, 1) : 0.003937724681934351
(47, 46) : 0.003326648765270269
(47, 2) : 0.004574628572418324
(47, 48) : 0.003029297386095912
(48, 49) : 0.003337018336355679
(48, 47) : 0.003029297386095912
(48, 3) : 0.004077178098972781
(49, 48) : 0.003337018336355679
(49, 4) : 0.0031408208316350476
(49, 50) : 0.0036612925733848366
(50, 49) : 0.0036612925733848366
(50, 5) : 0.0031733309526082183
(50, 51) : 0.0029750470988378053
(51, 50) : 0.0029750470988378053
(51, 6) : 0.003176301446019096
(51, 52) : 0.0029063219458956226
(52, 51) : 0.0029063219458956226
(52, 7) : 0.0029944733644422755
(52, 53) : 0.003053685758770809
(53, 52) : 0.003053685758770809
(53, 8) : 0.003255213524706697
(53, 54) : 0.0034625850072883563
(54, 53) : 0.0034625850072883563
(54, 9) : 0.0033352672500533503
(54, 55) : 0.004027819110572818
(55, 54) : 0.004027819110572818
(55, 10) : 0.0034229250864073056
(55, 56) : 0.0033990147399433407
(56, 55) : 0.0033990147399433407
(56, 11) : 0.003921572882652291
(56, 57) : 0.003238583204465506
(57, 58) : 0.003295830216837566
(57, 56) : 0.003238583204465506
(57, 12) : 0.004526812022429622
(58, 57) : 0.003295830216837566
(58, 13) : 0.003824472974351094
(58, 59) : 0.003507174698230651
(59, 14) : 0.0029494305264675313
(59, 60) : 0.003802253044839861
(59, 58) : 0.003507174698230651
(60, 59) : 0.003802253044839861
(60, 15) : 0.0029448957448468616
(60, 61) : 0.004950139518769435
(61, 16) : 0.0036848864943722095
(61, 62) : 0.0036808745263049517
(61, 60) : 0.004950139518769435
(62, 61) : 0.0036808745263049517
(62, 17) : 0.003860745369300842
(62, 63) : 0.0034508174445664155
(63, 62) : 0.0034508174445664155
(63, 18) : 0.0029215318832056633
(63, 64) : 0.003060534561219592
(64, 63) : 0.003060534561219592
(64, 19) : 0.0032655498707438177
(64, 65) : 0.0029683941909399965
(65, 64) : 0.0029683941909399965
(65, 20) : 0.003844879444602233
(65, 66) : 0.00320374061767697
(66, 67) : 0.0031240275738980954
(66, 65) : 0.00320374061767697
(66, 21) : 0.0031789178189324456
(67, 66) : 0.0031240275738980954
(67, 22) : 0.002861146324677876
(67, 68) : 0.003602063127277191
(68, 69) : 0.0039859008774256665
(68, 67) : 0.003602063127277191
(68, 23) : 0.0030547834194769845
(69, 68) : 0.0039859008774256665
(69, 24) : 0.003570640663196201
(69, 70) : 0.00353364890808176
(70, 25) : 0.004122979311814877
(70, 71) : 0.003876962569841591
(70, 69) : 0.00353364890808176
(71, 70) : 0.003876962569841591
(71, 26) : 0.004035794100283252
(71, 72) : 0.004410028354722068
(72, 27) : 0.00400001703347907
(72, 73) : 0.0040219069143843655
(72, 71) : 0.004410028354722068
(73, 72) : 0.0040219069143843655
(73, 28) : 0.004663814506933443
(73, 74) : 0.003971608929462668
(74, 73) : 0.003971608929462668
(74, 29) : 0.00421015968912804
(74, 75) : 0.003898924436671721
(75, 76) : 0.004075177124745018
(75, 74) : 0.003898924436671721
(75, 30) : 0.0038328418357405744
(76, 75) : 0.004075177124745018
(76, 31) : 0.00393634562752726
(76, 77) : 0.00426622893015216
(77, 76) : 0.00426622893015216
(77, 32) : 0.003143964101745638
(77, 78) : 0.004762352922434982
(78, 77) : 0.004762352922434982
(78, 33) : 0.0035230464462500874
(78, 79) : 0.003659678071937028
(79, 34) : 0.0041057111366340346
(79, 80) : 0.004357493923165314
(79, 78) : 0.0036596780719370275
(80, 79) : 0.004357493923165314
(80, 35) : 0.0033565167938427493
(80, 81) : 0.0039598689020087785
(81, 82) : 0.003325494828931759
(81, 80) : 0.0039598689020087785
(81, 36) : 0.003522054541901375
(82, 81) : 0.003325494828931759
(82, 37) : 0.003535042259225548
(82, 83) : 0.004438574261798373
(83, 82) : 0.004438574261798373
(83, 38) : 0.0037063806325504287
(83, 84) : 0.0034205057284175644
(84, 83) : 0.0034205057284175644
(84, 39) : 0.0038899568660718735
(84, 85) : 0.004142368226471236
(85, 84) : 0.004142368226471237
(85, 40) : 0.0038966989180572024
(85, 86) : 0.003762741639766028
(86, 85) : 0.003762741639766028
(86, 41) : 0.004083838045123043
(86, 87) : 0.0035244105240448574
(87, 86) : 0.0035244105240448574
(87, 42) : 0.003908676116974436
(87, 88) : 0.0034557670455250852
(88, 89) : 0.003313738607255834
(88, 87) : 0.0034557670455250852
(88, 43) : 0.003905046723019538
(89, 88) : 0.003313738607255834
(89, 44) : 0.003901033091890039
(89, 90) : 0.0037712181870678562
(90, 46) : 0.003503429505499096
(90, 89) : 0.0037712181870678562
(90, 45) : 0.0038841875597224167
