(1, 45) : 0.003533270414259665
(1, 46) : 0.003061526921971707
(1, 2) : 0.004143998905774368
(2, 3) : 0.0032561987359799624
(2, 1) : 0.004143998905774368
(2, 47) : 0.003152822093862052
(3, 2) : 0.0032561987359799624
(3, 48) : 0.0038720539653839905
(3, 4) : 0.004535306752127339
(4, 49) : 0.003841176833439227
(4, 5) : 0.003273150446433437
(4, 3) : 0.004535306752127339
(5, 4) : 0.003273150446433437
(5, 50) : 0.0035092039817882816
(5, 6) : 0.003470323646172473
(6, 51) : 0.0036055494528907366
(6, 7) : 0.0028919707593845177
(6, 5) : 0.003470323646172473
(7, 6) : 0.0028919707593845177
(7, 52) : 0.0040247894953441945
(7, 8) : 0.0029506207580559606
(8, 7) : 0.0029506207580559606
(8, 53) : 0.0033677632306748973
(8, 9) : 0.0033523985662283324
(9, 10) : 0.0031326856233027892
(9, 8) : 0.0033523985662283324
(9, 54) : 0.0029964629755849428
(10, 9) : 0.0031326856233027892
(10, 55) : 0.0033245013584186542
(10, 11) : 0.0036574987396716468
(11, 12) : 0.0033641116329555694
(11, 10) : 0.003657498739671647
(11, 56) : 0.004148887311289317
(12, 11) : 0.0033641116329555694
(12, 57) : 0.004075050331892365
(12, 13) : 0.0035242640421081117
(13, 14) : 0.00433672023025544
(13, 12) : 0.0035242640421081117
(13, 58) : 0.0036470459815225336
(14, 13) : 0.00433672023025544
(14, 59) : 0.004123777389449238
(14, 15) : 0.0034806805111682344
(15, 16) : 0.003750933792038722
(15, 14) : 0.0034806805111682344
(15, 60) : 0.004022455231157874
(16, 15) : 0.003750933792038722
(16, 61) : 0.0034875725510170757
(16, 17) : 0.004050102037466904
(17, 16) : 0.004050102037466904
(17, 62) : 0.003183329831630339
(17, 18) : 0.003913042432584277
(18, 17) : 0.003913042432584277
(18, 63) : 0.004307413857439975
(18, 19) : 0.004012578111802888
(19, 18) : 0.004012578111802888
(19, 64) : 0.004991471222908568
(19, 20) : 0.004198937634201314
(20, 19) : 0.004198937634201314
(20, 65) : 0.0035540924401976236
(20, 21) : 0.004482850211076161
(21, 20) : 0.004482850211076161
(21, 66) : 0.002626732681367354
(21, 22) : 0.003455988657735233
(22, 21) : 0.003455988657735233
(22, 67) : 0.003020021346728188
(22, 23) : 0.0031715827585464796
(23, 22) : 0.0031715827585464796
(23, 68) : 0.0036484760955372126
(23, 24) : 0.0040458507533986604
(24, 25) : 0.0038717479208013367
(24, 23) : 0.0040458507533986604
(24, 69) : 0.0038146536410057046
(25, 24) : 0.0038717479208013367
(25, 70) : 0.0034220108983623607
(25, 26) : 0.003756203422112285
(26, 27) : 0.0032829815239448492
(26, 25) : 0.003756203422112285
(26, 71) : 0.003393058682845063
(27, 26) : 0.0032829815239448492
(27, 72) : 0.0037819899560655322
(27, 28) : 0.002975982319669172
(28, 73) : 0.003379515503617485
(28, 29) : 0.0036904025901992816
(28, 27) : 0.002975982319669172
(29, 28) : 0.0036904025901992816
(29, 74) : 0.0029162338426246045
(29, 30) : 0.004376734235519015
(30, 75) : 0.0036766370827082426
(30, 31) : 0.004030146968743756
(30, 29) : 0.004376734235519015
(31, 30) : 0.004030146968743756
(31, 76) : 0.0042207913829084695
(31, 32) : 0.004561199738978293
(32, 31) : 0.004561199738978293
(32, 77) : 0.003328087580339835
(32, 33) : 0.005163076948627334
(33, 34) : 0.00362847999481077
(33, 32) : 0.005163076948627334
(33, 78) : 0.0033902763995867905
(34, 33) : 0.00362847999481077
(34, 79) : 0.0033704896117518063
(34, 35) : 0.004195459149021235
(35, 36) : 0.003900189925751036
(35, 34) : 0.004195459149021235
(35, 80) : 0.003340516782274135
(36, 35) : 0.003900189925751036
(36, 81) : 0.004488455353400036
(36, 37) : 0.003746399611355184
(37, 82) : 0.004458483899527929
(37, 38) : 0.004134041070030368
(37, 36) : 0.003746399611355184
(38, 37) : 0.004134041070030368
(38, 83) : 0.004501824890723636
(38, 39) : 0.0032574405741300477
(39, 84) : 0.004018795103649839
(39, 40) : 0.0035735736165923705
(39, 38) : 0.0032574405741300477
(40, 39) : 0.0035735736165923705
(40, 85) : 0.003332122170762453
(40, 41) : 0.004013932094464409
(41, 40) : 0.004013932094464409
(41, 86) : 0.0037787951499593745
(41, 42) : 0.004013321454424361
(42, 43) : 0.005715103171414048
(42, 41) : 0.004013321454424361
(42, 87) : 0.003986539116086846
(43, 42) : 0.005715103171414048
(43, 88) : 0.004066837108123228
(43, 44) : 0.004175117017128744
(44, 45) : 0.0035034613782161314
(44, 43) : 0.004175117017128744
(44, 89) : 0.004058812722474988
(45, 44) : 0.0035034613782161314
(45, 90) : 0.003736241838817049
(45, 1) : 0.003533270414259665
(46, 47) : 0.003456639905661672
(46, 90) : 0.0033406499509307857
(46, 1) : 0.003061526921971707
(47, 46) : 0.003456639905661672
(47, 2) : 0.003152822093862052
(47, 48) : 0.003522190539443988
(48, 49) : 0.003287194621414976
(48, 47) : 0.0035221905394439874
(48, 3) : 0.0038720539653839905
(49, 48) : 0.003287194621414976
(49, 4) : 0.003841176833439227
(49, 50) : 0.003921317303415875
(50, 49) : 0.003921317303415875
(50, 5) : 0.0035092039817882816
(50, 51) : 0.0029249924757279787
(51, 50) : 0.0029249924757279787
(51, 6) : 0.0036055494528907366
(51, 52) : 0.003398798316621315
(52, 51) : 0.003398798316621315
(52, 7) : 0.0040247894953441945
(52, 53) : 0.0029249924757279787
(53, 52) : 0.0029249924757279787
(53, 8) : 0.0033677632306748973
(53, 54) : 0.0031571850000152914
(54, 53) : 0.0031571850000152914
(54, 9) : 0.0029964629755849428
(54, 55) : 0.002724587036648529
(55, 54) : 0.002724587036648529
(55, 10) : 0.0033245013584186542
(55, 56) : 0.0034455541428452686
(56, 55) : 0.0034455541428452686
(56, 11) : 0.004148887311289317
(56, 57) : 0.00304584787372476
(57, 58) : 0.004576432678954265
(57, 56) : 0.00304584787372476
(57, 12) : 0.004075050331892365
(58, 57) : 0.004576432678954265
(58, 13) : 0.0036470459815225336
(58, 59) : 0.0036812850009751807
(59, 14) : 0.004123777389449238
(59, 60) : 0.004218948911743851
(59, 58) : 0.0036812850009751807
(60, 59) : 0.004218948911743851
(60, 15) : 0.004022455231157874
(60, 61) : 0.0032752368193273446
(61, 16) : 0.0034875725510170757
(61, 62) : 0.003561332661030551
(61, 60) : 0.0032752368193273446
(62, 61) : 0.003561332661030551
(62, 17) : 0.003183329831630339
(62, 63) : 0.003620444130894123
(63, 62) : 0.003620444130894123
(63, 18) : 0.004307413857439975
(63, 64) : 0.0032356712777185303
(64, 63) : 0.0032356712777185303
(64, 19) : 0.004991471222908568
(64, 65) : 0.0036821886087026016
(65, 64) : 0.003682188608702602
(65, 20) : 0.0035540924401976236
(65, 66) : 0.004111581611521484
(66, 67) : 0.0035401297164835044
(66, 65) : 0.004111581611521484
(66, 21) : 0.002626732681367354
(67, 66) : 0.0035401297164835044
(67, 22) : 0.003020021346728188
(67, 68) : 0.0032320318852069978
(68, 69) : 0.003493727670812688
(68, 67) : 0.0032320318852069978
(68, 23) : 0.0036484760955372126
(69, 68) : 0.0034937276708126882
(69, 24) : 0.0038146536410057046
(69, 70) : 0.00397276384482801
(70, 25) : 0.0034220108983623607
(70, 71) : 0.003646633284398428
(70, 69) : 0.00397276384482801
(71, 70) : 0.003646633284398428
(71, 26) : 0.003393058682845062
(71, 72) : 0.0032316532767562526
(72, 27) : 0.0037819899560655322
(72, 73) : 0.003546300697262724
(72, 71) : 0.0032316532767562526
(73, 72) : 0.003546300697262724
(73, 28) : 0.003379515503617485
(73, 74) : 0.0035673249912500133
(74, 73) : 0.0035673249912500133
(74, 29) : 0.0029162338426246045
(74, 75) : 0.004049950395678409
(75, 76) : 0.0034072243822781843
(75, 74) : 0.004049950395678409
(75, 30) : 0.0036766370827082426
(76, 75) : 0.0034072243822781843
(76, 31) : 0.0042207913829084695
(76, 77) : 0.003926136698234643
(77, 76) : 0.003926136698234643
(77, 32) : 0.003328087580339835
(77, 78) : 0.004641972325962227
(78, 77) : 0.004641972325962227
(78, 33) : 0.0033902763995867905
(78, 79) : 0.003613672906830386
(79, 34) : 0.0033704896117518063
(79, 80) : 0.00409256988655389
(79, 78) : 0.003613672906830386
(80, 79) : 0.00409256988655389
(80, 35) : 0.003340516782274135
(80, 81) : 0.004025236304420448
(81, 82) : 0.0036007780431472065
(81, 80) : 0.004025236304420449
(81, 36) : 0.004488455353400036
(82, 81) : 0.0036007780431472065
(82, 37) : 0.004458483899527929
(82, 83) : 0.003522454754404801
(83, 82) : 0.003522454754404801
(83, 38) : 0.004501824890723636
(83, 84) : 0.0030102641760012348
(84, 83) : 0.0030102641760012348
(84, 39) : 0.004018795103649839
(84, 85) : 0.0034227162531106033
(85, 84) : 0.0034227162531106033
(85, 40) : 0.003332122170762453
(85, 86) : 0.0029990401266272743
(86, 85) : 0.0029990401266272748
(86, 41) : 0.0037787951499593745
(86, 87) : 0.0047061004534979635
(87, 86) : 0.004706100453497963
(87, 42) : 0.003986539116086846
(87, 88) : 0.004656185225906756
(88, 89) : 0.0040566403973882345
(88, 87) : 0.004656185225906756
(88, 43) : 0.004066837108123228
(89, 88) : 0.0040566403973882345
(89, 44) : 0.004058812722474988
(89, 90) : 0.003322014782138553
(90, 46) : 0.0033406499509307857
(90, 89) : 0.003322014782138553
(90, 45) : 0.0037362418388170488
