(1, 45) : 0.004001376159945485
(1, 46) : 0.00324747890955003
(1, 2) : 0.004117001693020509
(2, 3) : 0.0041389276297430075
(2, 1) : 0.004117001693020509
(2, 47) : 0.002821512921796739
(3, 2) : 0.0041389276297430075
(3, 48) : 0.0028124059747292257
(3, 4) : 0.003898116458069355
(4, 49) : 0.0033941728879939913
(4, 5) : 0.0031863791260695064
(4, 3) : 0.003898116458069355
(5, 4) : 0.0031863791260695064
(5, 50) : 0.0037966282718356714
(5, 6) : 0.0041396414981260685
(6, 51) : 0.0037339605299473964
(6, 7) : 0.004871198651870963
(6, 5) : 0.0041396414981260685
(7, 6) : 0.004871198651870963
(7, 52) : 0.004049612363724324
(7, 8) : 0.004776901095847566
(8, 7) : 0.004776901095847566
(8, 53) : 0.0040972058030159944
(8, 9) : 0.003614037857612509
(9, 10) : 0.003240719089308251
(9, 8) : 0.003614037857612509
(9, 54) : 0.0037001806452615204
(10, 9) : 0.003240719089308251
(10, 55) : 0.0032863837768839625
(10, 11) : 0.004350156737647612
(11, 12) : 0.004722772109719793
(11, 10) : 0.004350156737647612
(11, 56) : 0.003906651062546767
(12, 11) : 0.004722772109719793
(12, 57) : 0.004522666214598868
(12, 13) : 0.004518034533160037
(13, 14) : 0.004214877439433234
(13, 12) : 0.004518034533160037
(13, 58) : 0.004257412983561471
(14, 13) : 0.004214877439433234
(14, 59) : 0.00418327176533575
(14, 15) : 0.0030466353878463937
(15, 16) : 0.0027245934810409727
(15, 14) : 0.0030466353878463937
(15, 60) : 0.0035549906699232853
(16, 15) : 0.0027245934810409727
(16, 61) : 0.002844857123414295
(16, 17) : 0.0029939456125579324
(17, 16) : 0.0029939456125579324
(17, 62) : 0.002920320471063263
(17, 18) : 0.0031104235218254016
(18, 17) : 0.0031104235218254016
(18, 63) : 0.0032433521458311
(18, 19) : 0.003361397361760794
(19, 18) : 0.003361397361760794
(19, 64) : 0.0029792219330694175
(19, 20) : 0.0031648825128555353
(20, 19) : 0.0031648825128555353
(20, 65) : 0.0032706012392714097
(20, 21) : 0.0028641234816723904
(21, 20) : 0.0028641234816723904
(21, 66) : 0.003564455345465598
(21, 22) : 0.0033534616734877754
(22, 21) : 0.0033534616734877754
(22, 67) : 0.0032213786579203606
(22, 23) : 0.0036597146401409503
(23, 22) : 0.0036597146401409503
(23, 68) : 0.003533643014248227
(23, 24) : 0.004070096565800478
(24, 25) : 0.0035431225419208603
(24, 23) : 0.004070096565800478
(24, 69) : 0.003823026969782198
(25, 24) : 0.0035431225419208603
(25, 70) : 0.003930145037606192
(25, 26) : 0.004083747069643394
(26, 27) : 0.0028062049074713265
(26, 25) : 0.004083747069643394
(26, 71) : 0.004355052614942644
(27, 26) : 0.0028062049074713265
(27, 72) : 0.0035086105862002196
(27, 28) : 0.004607406789554867
(28, 73) : 0.0034824613366728294
(28, 29) : 0.003972994275420088
(28, 27) : 0.004607406789554867
(29, 28) : 0.003972994275420088
(29, 74) : 0.0041981631835515875
(29, 30) : 0.003072519489599139
(30, 75) : 0.003958452721878386
(30, 31) : 0.0037694298405422082
(30, 29) : 0.003072519489599139
(31, 30) : 0.0037694298405422082
(31, 76) : 0.0035507042356273735
(31, 32) : 0.003887627716934164
(32, 31) : 0.003887627716934164
(32, 77) : 0.004041711650324651
(32, 33) : 0.002993381433223443
(33, 34) : 0.0035840195744200206
(33, 32) : 0.002993381433223443
(33, 78) : 0.004078500048556936
(34, 33) : 0.0035840195744200206
(34, 79) : 0.00320761588582012
(34, 35) : 0.0035158574181900666
(35, 36) : 0.0037719043834582603
(35, 34) : 0.0035158574181900666
(35, 80) : 0.0027936288341829053
(36, 35) : 0.0037719043834582603
(36, 81) : 0.004035744746353519
(36, 37) : 0.003563211478712218
(37, 82) : 0.005168703009658967
(37, 38) : 0.004347982547247853
(37, 36) : 0.003563211478712218
(38, 37) : 0.004347982547247853
(38, 83) : 0.004329437178166957
(38, 39) : 0.0038662440845818975
(39, 84) : 0.003961321583565608
(39, 40) : 0.004015834615118075
(39, 38) : 0.003866244084581898
(40, 39) : 0.004015834615118075
(40, 85) : 0.003909124188719251
(40, 41) : 0.003912001637694134
(41, 40) : 0.003912001637694134
(41, 86) : 0.004029778590646797
(41, 42) : 0.0036455287496303694
(42, 43) : 0.0035217579959717048
(42, 41) : 0.0036455287496303694
(42, 87) : 0.0037882453037823664
(43, 42) : 0.0035217579959717048
(43, 88) : 0.0033460150622428514
(43, 44) : 0.0033565550293880655
(44, 45) : 0.004205857271908859
(44, 43) : 0.0033565550293880655
(44, 89) : 0.003398082030620685
(45, 44) : 0.004205857271908859
(45, 90) : 0.003425421305965139
(45, 1) : 0.004001376159945485
(46, 47) : 0.0036334379064553216
(46, 90) : 0.003454634779743054
(46, 1) : 0.00324747890955003
(47, 46) : 0.003633437906455321
(47, 2) : 0.002821512921796739
(47, 48) : 0.004059458331163384
(48, 49) : 0.0032839922507026985
(48, 47) : 0.004059458331163384
(48, 3) : 0.0028124059747292257
(49, 48) : 0.0032839922507026985
(49, 4) : 0.0033941728879939913
(49, 50) : 0.003349677958312591
(50, 49) : 0.003349677958312591
(50, 5) : 0.0037966282718356714
(50, 51) : 0.0028040925271399413
(51, 50) : 0.0028040925271399413
(51, 6) : 0.0037339605299473964
(51, 52) : 0.004877050098647434
(52, 51) : 0.004877050098647434
(52, 7) : 0.004049612363724324
(52, 53) : 0.004450601318936664
(53, 52) : 0.004450601318936664
(53, 8) : 0.0040972058030159944
(53, 54) : 0.0038930058316444076
(54, 53) : 0.0038930058316444076
(54, 9) : 0.0037001806452615204
(54, 55) : 0.0032802854675513127
(55, 54) : 0.0032802854675513127
(55, 10) : 0.0032863837768839625
(55, 56) : 0.0045006886452877235
(56, 55) : 0.0045006886452877235
(56, 11) : 0.003906651062546767
(56, 57) : 0.003546747272581356
(57, 58) : 0.004568938109145717
(57, 56) : 0.003546747272581356
(57, 12) : 0.004522666214598868
(58, 57) : 0.004568938109145717
(58, 13) : 0.004257412983561471
(58, 59) : 0.003455051051979938
(59, 14) : 0.00418327176533575
(59, 60) : 0.003628753424763436
(59, 58) : 0.003455051051979938
(60, 59) : 0.003628753424763436
(60, 15) : 0.0035549906699232853
(60, 61) : 0.0028013795105843323
(61, 16) : 0.002844857123414295
(61, 62) : 0.003315421129047843
(61, 60) : 0.0028013795105843323
(62, 61) : 0.003315421129047843
(62, 17) : 0.002920320471063263
(62, 63) : 0.0030276326431070686
(63, 62) : 0.0030276326431070686
(63, 18) : 0.0032433521458311
(63, 64) : 0.003113459872502659
(64, 63) : 0.003113459872502659
(64, 19) : 0.0029792219330694175
(64, 65) : 0.0035387375048525943
(65, 64) : 0.0035387375048525943
(65, 20) : 0.0032706012392714097
(65, 66) : 0.0032269513085075386
(66, 67) : 0.0036389732435794606
(66, 65) : 0.0032269513085075386
(66, 21) : 0.003564455345465598
(67, 66) : 0.0036389732435794606
(67, 22) : 0.0032213786579203606
(67, 68) : 0.0051079140951398585
(68, 69) : 0.003284297122978357
(68, 67) : 0.0051079140951398585
(68, 23) : 0.0035336430142482262
(69, 68) : 0.003284297122978357
(69, 24) : 0.003823026969782198
(69, 70) : 0.005678255592399165
(70, 25) : 0.003930145037606192
(70, 71) : 0.0034247474601132974
(70, 69) : 0.005678255592399165
(71, 70) : 0.0034247474601132974
(71, 26) : 0.004355052614942644
(71, 72) : 0.004027995478861841
(72, 27) : 0.0035086105862002196
(72, 73) : 0.0046326643930446705
(72, 71) : 0.004027995478861841
(73, 72) : 0.0046326643930446705
(73, 28) : 0.0034824613366728294
(73, 74) : 0.003969503588018875
(74, 73) : 0.003969503588018875
(74, 29) : 0.0041981631835515875
(74, 75) : 0.003990485002568283
(75, 76) : 0.004017315665902499
(75, 74) : 0.003990485002568283
(75, 30) : 0.003958452721878386
(76, 75) : 0.004017315665902499
(76, 31) : 0.0035507042356273735
(76, 77) : 0.003976884636066503
(77, 76) : 0.003976884636066503
(77, 32) : 0.004041711650324651
(77, 78) : 0.0031841232362086187
(78, 77) : 0.0031841232362086187
(78, 33) : 0.004078500048556936
(78, 79) : 0.0028651489934750428
(79, 34) : 0.00320761588582012
(79, 80) : 0.003151181609680335
(79, 78) : 0.0028651489934750428
(80, 79) : 0.003151181609680335
(80, 35) : 0.0027936288341829053
(80, 81) : 0.003608488191085831
(81, 82) : 0.0030645502551702305
(81, 80) : 0.003608488191085831
(81, 36) : 0.004035744746353519
(82, 81) : 0.0030645502551702305
(82, 37) : 0.005168703009658967
(82, 83) : 0.004061354655714068
(83, 82) : 0.004061354655714068
(83, 38) : 0.004329437178166957
(83, 84) : 0.0038360632818852723
(84, 83) : 0.0038360632818852723
(84, 39) : 0.003961321583565608
(84, 85) : 0.003927520445982511
(85, 84) : 0.003927520445982511
(85, 40) : 0.003909124188719251
(85, 86) : 0.00472149775135496
(86, 85) : 0.00472149775135496
(86, 41) : 0.004029778590646797
(86, 87) : 0.003424326355511013
(87, 86) : 0.003424326355511013
(87, 42) : 0.0037882453037823664
(87, 88) : 0.003291483042389282
(88, 89) : 0.0027591047124062556
(88, 87) : 0.003291483042389282
(88, 43) : 0.0033460150622428514
(89, 88) : 0.0027591047124062556
(89, 44) : 0.003398082030620685
(89, 90) : 0.003101210262756256
(90, 46) : 0.003454634779743054
(90, 89) : 0.003101210262756256
(90, 45) : 0.0034254213059651396
