(1, 45) : 0.0034736004195212705
(1, 46) : 0.0029376960632114123
(1, 2) : 0.0032405101774536866
(2, 3) : 0.003614890200848377
(2, 1) : 0.0032405101774536866
(2, 47) : 0.0034966687053857165
(3, 2) : 0.003614890200848377
(3, 48) : 0.003713223533959286
(3, 4) : 0.0033924520341570147
(4, 49) : 0.003116345655873064
(4, 5) : 0.0034486024593332718
(4, 3) : 0.003392452034157015
(5, 4) : 0.0034486024593332718
(5, 50) : 0.003211927678188506
(5, 6) : 0.004419823889560119
(6, 51) : 0.004192593456795582
(6, 7) : 0.0037918611047070066
(6, 5) : 0.004419823889560119
(7, 6) : 0.0037918611047070066
(7, 52) : 0.004317582888560927
(7, 8) : 0.0037827226148494947
(8, 7) : 0.0037827226148494947
(8, 53) : 0.00377019470278752
(8, 9) : 0.0035287188199755347
(9, 10) : 0.004326664387929703
(9, 8) : 0.0035287188199755347
(9, 54) : 0.0032981612773932893
(10, 9) : 0.004326664387929703
(10, 55) : 0.003808777559494839
(10, 11) : 0.0028491352913610902
(11, 12) : 0.004842093242459567
(11, 10) : 0.0028491352913610902
(11, 56) : 0.003913700151707716
(12, 11) : 0.004842093242459567
(12, 57) : 0.003637540682711169
(12, 13) : 0.005105804483571922
(13, 14) : 0.004092853698953198
(13, 12) : 0.005105804483571923
(13, 58) : 0.005767998636036185
(14, 13) : 0.004092853698953198
(14, 59) : 0.006104808338341706
(14, 15) : 0.004649418899576195
(15, 16) : 0.004494263517453062
(15, 14) : 0.004649418899576195
(15, 60) : 0.004795222036922484
(16, 15) : 0.004494263517453062
(16, 61) : 0.0035819281070156796
(16, 17) : 0.004446065063083713
(17, 16) : 0.004446065063083713
(17, 62) : 0.002693499862308997
(17, 18) : 0.0029065013286547624
(18, 17) : 0.0029065013286547624
(18, 63) : 0.0029992245570055315
(18, 19) : 0.0032517471108788223
(19, 18) : 0.0032517471108788223
(19, 64) : 0.003716709591175889
(19, 20) : 0.0035653636446933224
(20, 19) : 0.0035653636446933224
(20, 65) : 0.003776781727818533
(20, 21) : 0.003998193014657112
(21, 20) : 0.003998193014657112
(21, 66) : 0.0032289424608726042
(21, 22) : 0.004264774686243178
(22, 21) : 0.004264774686243179
(22, 67) : 0.0033903884664670723
(22, 23) : 0.004104488770339183
(23, 22) : 0.004104488770339183
(23, 68) : 0.003787225091854376
(23, 24) : 0.003502363703437237
(24, 25) : 0.0038189863226871304
(24, 23) : 0.003502363703437237
(24, 69) : 0.004493250390685079
(25, 24) : 0.0038189863226871304
(25, 70) : 0.004322777747146195
(25, 26) : 0.004459886570247511
(26, 27) : 0.004077177163460045
(26, 25) : 0.004459886570247511
(26, 71) : 0.0036380192952142646
(27, 26) : 0.004077177163460045
(27, 72) : 0.0033336277135799786
(27, 28) : 0.003331329569878658
(28, 73) : 0.0029554917191067192
(28, 29) : 0.0033446998782018277
(28, 27) : 0.003331329569878658
(29, 28) : 0.0033446998782018277
(29, 74) : 0.003514987075076395
(29, 30) : 0.0030618107619804283
(30, 75) : 0.003652598932571988
(30, 31) : 0.003875808154647888
(30, 29) : 0.0030618107619804283
(31, 30) : 0.003875808154647888
(31, 76) : 0.0036289634679799706
(31, 32) : 0.0031543449685625595
(32, 31) : 0.0031543449685625595
(32, 77) : 0.00395795024826743
(32, 33) : 0.003866596649649663
(33, 34) : 0.0034618032409967914
(33, 32) : 0.003866596649649663
(33, 78) : 0.0039245244463239695
(34, 33) : 0.0034618032409967914
(34, 79) : 0.003421740230909024
(34, 35) : 0.0037007974776564925
(35, 36) : 0.0031872240823867404
(35, 34) : 0.0037007974776564925
(35, 80) : 0.0031762587228508846
(36, 35) : 0.0031872240823867404
(36, 81) : 0.0032589009705591638
(36, 37) : 0.0030337083019786404
(37, 82) : 0.0028060326199016244
(37, 38) : 0.003313484213579135
(37, 36) : 0.0030337083019786404
(38, 37) : 0.003313484213579135
(38, 83) : 0.0032669980106609705
(38, 39) : 0.0034646062147725087
(39, 84) : 0.004199658808679074
(39, 40) : 0.003300034266374753
(39, 38) : 0.0034646062147725087
(40, 39) : 0.003300034266374753
(40, 85) : 0.0036443059799261056
(40, 41) : 0.003931676034163782
(41, 40) : 0.003931676034163782
(41, 86) : 0.0033000988334765217
(41, 42) : 0.003019414977277917
(42, 43) : 0.004199316342252831
(42, 41) : 0.003019414977277917
(42, 87) : 0.0033412422499913327
(43, 42) : 0.004199316342252831
(43, 88) : 0.003505248535037204
(43, 44) : 0.004055033726292274
(44, 45) : 0.004075855743910609
(44, 43) : 0.004055033726292274
(44, 89) : 0.0034344940022244855
(45, 44) : 0.004075855743910609
(45, 90) : 0.002960987597133263
(45, 1) : 0.0034736004195212705
(46, 47) : 0.0038047737749081103
(46, 90) : 0.0031510600225670322
(46, 1) : 0.0029376960632114123
(47, 46) : 0.0038047737749081103
(47, 2) : 0.0034966687053857165
(47, 48) : 0.0037010072938062607
(48, 49) : 0.0040233913696108735
(48, 47) : 0.0037010072938062607
(48, 3) : 0.003713223533959286
(49, 48) : 0.0040233913696108735
(49, 4) : 0.003116345655873064
(49, 50) : 0.003975280873165867
(50, 49) : 0.003975280873165867
(50, 5) : 0.003211927678188506
(50, 51) : 0.004319824352246304
(51, 50) : 0.004319824352246304
(51, 6) : 0.004192593456795582
(51, 52) : 0.003652511211870087
(52, 51) : 0.003652511211870087
(52, 7) : 0.004317582888560927
(52, 53) : 0.003234926771047545
(53, 52) : 0.003234926771047545
(53, 8) : 0.00377019470278752
(53, 54) : 0.0033192322282667437
(54, 53) : 0.0033192322282667437
(54, 9) : 0.0032981612773932893
(54, 55) : 0.0037144339473066507
(55, 54) : 0.0037144339473066507
(55, 10) : 0.003808777559494839
(55, 56) : 0.0032215252025656936
(56, 55) : 0.0032215252025656936
(56, 11) : 0.003913700151707716
(56, 57) : 0.00453172056389457
(57, 58) : 0.005758384449855065
(57, 56) : 0.00453172056389457
(57, 12) : 0.003637540682711169
(58, 57) : 0.005758384449855065
(58, 13) : 0.005767998636036185
(58, 59) : 0.004381828073661465
(59, 14) : 0.006104808338341706
(59, 60) : 0.004484176991103658
(59, 58) : 0.004381828073661465
(60, 59) : 0.004484176991103658
(60, 15) : 0.004795222036922484
(60, 61) : 0.004542116870578768
(61, 16) : 0.003581928107015679
(61, 62) : 0.004180507777357797
(61, 60) : 0.004542116870578768
(62, 61) : 0.004180507777357797
(62, 17) : 0.002693499862308997
(62, 63) : 0.0031781671850527634
(63, 62) : 0.0031781671850527634
(63, 18) : 0.0029992245570055315
(63, 64) : 0.003310367584560992
(64, 63) : 0.003310367584560992
(64, 19) : 0.003716709591175889
(64, 65) : 0.0036498034857441325
(65, 64) : 0.0036498034857441325
(65, 20) : 0.003776781727818533
(65, 66) : 0.0036514994574075844
(66, 67) : 0.003923445733094141
(66, 65) : 0.0036514994574075844
(66, 21) : 0.0032289424608726042
(67, 66) : 0.003923445733094141
(67, 22) : 0.0033903884664670723
(67, 68) : 0.0032021345506107993
(68, 69) : 0.0037696124858505485
(68, 67) : 0.0032021345506107993
(68, 23) : 0.003787225091854376
(69, 68) : 0.0037696124858505493
(69, 24) : 0.004493250390685079
(69, 70) : 0.0033479817828097115
(70, 25) : 0.004322777747146194
(70, 71) : 0.004827795758119887
(70, 69) : 0.0033479817828097115
(71, 70) : 0.004827795758119887
(71, 26) : 0.0036380192952142646
(71, 72) : 0.003909191980864607
(72, 27) : 0.0033336277135799786
(72, 73) : 0.0031037760086474265
(72, 71) : 0.003909191980864607
(73, 72) : 0.0031037760086474265
(73, 28) : 0.0029554917191067192
(73, 74) : 0.002882827606629057
(74, 73) : 0.002882827606629057
(74, 29) : 0.003514987075076395
(74, 75) : 0.003147397392584073
(75, 76) : 0.003594343976872913
(75, 74) : 0.003147397392584073
(75, 30) : 0.003652598932571988
(76, 75) : 0.003594343976872913
(76, 31) : 0.0036289634679799706
(76, 77) : 0.0032881224058093606
(77, 76) : 0.0032881224058093606
(77, 32) : 0.00395795024826743
(77, 78) : 0.0036971396094965816
(78, 77) : 0.0036971396094965816
(78, 33) : 0.0039245244463239695
(78, 79) : 0.0034076785798865788
(79, 34) : 0.003421740230909024
(79, 80) : 0.004174405892446892
(79, 78) : 0.0034076785798865788
(80, 79) : 0.004174405892446892
(80, 35) : 0.0031762587228508846
(80, 81) : 0.0034420152867598907
(81, 82) : 0.0036372652477250434
(81, 80) : 0.003442015286759891
(81, 36) : 0.0032589009705591638
(82, 81) : 0.0036372652477250434
(82, 37) : 0.0028060326199016244
(82, 83) : 0.003326753218347739
(83, 82) : 0.003326753218347739
(83, 38) : 0.0032669980106609705
(83, 84) : 0.003164675725699771
(84, 83) : 0.0031646757256997716
(84, 39) : 0.004199658808679074
(84, 85) : 0.0032514016040580585
(85, 84) : 0.0032514016040580585
(85, 40) : 0.0036443059799261056
(85, 86) : 0.002918113623577803
(86, 85) : 0.002918113623577803
(86, 41) : 0.0033000988334765217
(86, 87) : 0.0028327532394940647
(87, 86) : 0.0028327532394940647
(87, 42) : 0.0033412422499913327
(87, 88) : 0.0035712167828712968
(88, 89) : 0.0036068285820056553
(88, 87) : 0.0035712167828712968
(88, 43) : 0.003505248535037204
(89, 88) : 0.0036068285820056553
(89, 44) : 0.0034344940022244855
(89, 90) : 0.004364777385314258
(90, 46) : 0.0031510600225670322
(90, 89) : 0.004364777385314258
(90, 45) : 0.002960987597133263
