(1, 45) : 0.004845037326615598
(1, 46) : 0.00434595538042099
(1, 2) : 0.0038762328077687072
(2, 3) : 0.00429345169263663
(2, 1) : 0.0038762328077687072
(2, 47) : 0.00368045133816581
(3, 2) : 0.00429345169263663
(3, 48) : 0.003079747154530071
(3, 4) : 0.003565324015648854
(4, 49) : 0.003565555854507244
(4, 5) : 0.0035522065777091535
(4, 3) : 0.003565324015648854
(5, 4) : 0.0035522065777091535
(5, 50) : 0.003733705356280665
(5, 6) : 0.003296896823958457
(6, 51) : 0.0033519001459998417
(6, 7) : 0.003856340286933306
(6, 5) : 0.003296896823958457
(7, 6) : 0.003856340286933306
(7, 52) : 0.0032269282010478134
(7, 8) : 0.0037828306684164798
(8, 7) : 0.0037828306684164798
(8, 53) : 0.0037299270761745208
(8, 9) : 0.003443317166648653
(9, 10) : 0.003956567077265148
(9, 8) : 0.003443317166648653
(9, 54) : 0.00365400124055309
(10, 9) : 0.003956567077265148
(10, 55) : 0.003784680260758376
(10, 11) : 0.003836940665528932
(11, 12) : 0.004661509512171345
(11, 10) : 0.003836940665528932
(11, 56) : 0.003598320033187093
(12, 11) : 0.004661509512171345
(12, 57) : 0.003891440272834558
(12, 13) : 0.003498561189361139
(13, 14) : 0.004647510988839707
(13, 12) : 0.003498561189361139
(13, 58) : 0.0035015778577579897
(14, 13) : 0.004647510988839707
(14, 59) : 0.003530203485765161
(14, 15) : 0.0032121746926260285
(15, 16) : 0.003981356603415144
(15, 14) : 0.0032121746926260285
(15, 60) : 0.004866636100747018
(16, 15) : 0.003981356603415144
(16, 61) : 0.004413816538077781
(16, 17) : 0.0042297819491063345
(17, 16) : 0.0042297819491063345
(17, 62) : 0.0037449456000102138
(17, 18) : 0.0031148930721457313
(18, 17) : 0.003114893072145732
(18, 63) : 0.0038783662781135117
(18, 19) : 0.003433911873571593
(19, 18) : 0.003433911873571593
(19, 64) : 0.0037593426072809635
(19, 20) : 0.003289532767764313
(20, 19) : 0.003289532767764313
(20, 65) : 0.0035492033951464693
(20, 21) : 0.0038731826400509287
(21, 20) : 0.0038731826400509287
(21, 66) : 0.004107594816834492
(21, 22) : 0.004040995658955236
(22, 21) : 0.004040995658955236
(22, 67) : 0.004605817521362351
(22, 23) : 0.004386440075928359
(23, 22) : 0.004386440075928359
(23, 68) : 0.004947821662303567
(23, 24) : 0.003502507552610586
(24, 25) : 0.00386545374279995
(24, 23) : 0.003502507552610586
(24, 69) : 0.004123412959177728
(25, 24) : 0.00386545374279995
(25, 70) : 0.003362224125048383
(25, 26) : 0.0030664637617317677
(26, 27) : 0.0034995329755285578
(26, 25) : 0.0030664637617317672
(26, 71) : 0.0034334040193284947
(27, 26) : 0.0034995329755285578
(27, 72) : 0.0032463451952697963
(27, 28) : 0.002823303807085884
(28, 73) : 0.003215944754745221
(28, 29) : 0.0032616984934637243
(28, 27) : 0.002823303807085884
(29, 28) : 0.0032616984934637243
(29, 74) : 0.00329507777397541
(29, 30) : 0.003306726691825924
(30, 75) : 0.003831616354376766
(30, 31) : 0.003766467136107651
(30, 29) : 0.003306726691825924
(31, 30) : 0.003766467136107651
(31, 76) : 0.0036386422571811215
(31, 32) : 0.005326955964886695
(32, 31) : 0.005326955964886695
(32, 77) : 0.003743645363998885
(32, 33) : 0.0030369796067121163
(33, 34) : 0.003830794883293665
(33, 32) : 0.0030369796067121163
(33, 78) : 0.003958298796183716
(34, 33) : 0.003830794883293665
(34, 79) : 0.00311140469330895
(34, 35) : 0.0037708522101111298
(35, 36) : 0.004334208190526624
(35, 34) : 0.0037708522101111298
(35, 80) : 0.0031688969605642757
(36, 35) : 0.004334208190526624
(36, 81) : 0.003607728470462942
(36, 37) : 0.003486220012228814
(37, 82) : 0.004402498050031125
(37, 38) : 0.0033507702066246903
(37, 36) : 0.003486220012228814
(38, 37) : 0.0033507702066246903
(38, 83) : 0.004571138460676115
(38, 39) : 0.00408915008377764
(39, 84) : 0.003756099174186934
(39, 40) : 0.004109420280186746
(39, 38) : 0.00408915008377764
(40, 39) : 0.004109420280186746
(40, 85) : 0.0040963052620159
(40, 41) : 0.0034653269017016174
(41, 40) : 0.0034653269017016174
(41, 86) : 0.004484228138865083
(41, 42) : 0.004061860766430414
(42, 43) : 0.003813864541272744
(42, 41) : 0.004061860766430414
(42, 87) : 0.003549355597279398
(43, 42) : 0.0038138645412727438
(43, 88) : 0.002870005249926101
(43, 44) : 0.003196640496761069
(44, 45) : 0.0032960412485425732
(44, 43) : 0.003196640496761069
(44, 89) : 0.0034481947326637278
(45, 44) : 0.0032960412485425732
(45, 90) : 0.0039291842638531395
(45, 1) : 0.004845037326615598
(46, 47) : 0.0032725608052196144
(46, 90) : 0.003914574945235105
(46, 1) : 0.004345955380420991
(47, 46) : 0.0032725608052196144
(47, 2) : 0.00368045133816581
(47, 48) : 0.0038684569481678478
(48, 49) : 0.0035069100019323968
(48, 47) : 0.0038684569481678478
(48, 3) : 0.003079747154530071
(49, 48) : 0.0035069100019323968
(49, 4) : 0.003565555854507244
(49, 50) : 0.003809994006737897
(50, 49) : 0.003809994006737897
(50, 5) : 0.003733705356280665
(50, 51) : 0.003360311290057589
(51, 50) : 0.003360311290057589
(51, 6) : 0.0033519001459998417
(51, 52) : 0.003987034772253994
(52, 51) : 0.003987034772253994
(52, 7) : 0.0032269282010478134
(52, 53) : 0.0032854134591408664
(53, 52) : 0.0032854134591408664
(53, 8) : 0.0037299270761745208
(53, 54) : 0.0038371036067140507
(54, 53) : 0.0038371036067140507
(54, 9) : 0.00365400124055309
(54, 55) : 0.003375993802631365
(55, 54) : 0.0033759938026313653
(55, 10) : 0.003784680260758376
(55, 56) : 0.0038365069907739134
(56, 55) : 0.0038365069907739134
(56, 11) : 0.003598320033187093
(56, 57) : 0.004388347459613384
(57, 58) : 0.0031373280272298004
(57, 56) : 0.004388347459613384
(57, 12) : 0.003891440272834558
(58, 57) : 0.0031373280272298004
(58, 13) : 0.0035015778577579897
(58, 59) : 0.002933354148055182
(59, 14) : 0.003530203485765161
(59, 60) : 0.0030766868106796696
(59, 58) : 0.002933354148055182
(60, 59) : 0.0030766868106796696
(60, 15) : 0.004866636100747018
(60, 61) : 0.0032964358974770067
(61, 16) : 0.004413816538077781
(61, 62) : 0.0037551689929179997
(61, 60) : 0.0032964358974770067
(62, 61) : 0.0037551689929179993
(62, 17) : 0.0037449456000102138
(62, 63) : 0.004402142675680989
(63, 62) : 0.004402142675680989
(63, 18) : 0.0038783662781135117
(63, 64) : 0.0032290533600385155
(64, 63) : 0.0032290533600385155
(64, 19) : 0.0037593426072809635
(64, 65) : 0.004328759366248988
(65, 64) : 0.004328759366248988
(65, 20) : 0.0035492033951464693
(65, 66) : 0.003973678092862335
(66, 67) : 0.004765593941489364
(66, 65) : 0.003973678092862335
(66, 21) : 0.004107594816834492
(67, 66) : 0.004765593941489364
(67, 22) : 0.004605817521362351
(67, 68) : 0.004197866492453373
(68, 69) : 0.003462652711911892
(68, 67) : 0.004197866492453373
(68, 23) : 0.004947821662303567
(69, 68) : 0.003462652711911892
(69, 24) : 0.004123412959177728
(69, 70) : 0.0034485780569670442
(70, 25) : 0.003362224125048383
(70, 71) : 0.0030756565963840263
(70, 69) : 0.0034485780569670442
(71, 70) : 0.0030756565963840263
(71, 26) : 0.0034334040193284947
(71, 72) : 0.003321941803208186
(72, 27) : 0.0032463451952697963
(72, 73) : 0.003613233308740466
(72, 71) : 0.003321941803208186
(73, 72) : 0.003613233308740466
(73, 28) : 0.003215944754745221
(73, 74) : 0.0028467304192054724
(74, 73) : 0.0028467304192054724
(74, 29) : 0.00329507777397541
(74, 75) : 0.0032194842811558463
(75, 76) : 0.0032754858249243396
(75, 74) : 0.0032194842811558463
(75, 30) : 0.003831616354376766
(76, 75) : 0.0032754858249243396
(76, 31) : 0.0036386422571811215
(76, 77) : 0.003561999073566746
(77, 76) : 0.0035619990735667466
(77, 32) : 0.003743645363998885
(77, 78) : 0.0031775728814316968
(78, 77) : 0.0031775728814316968
(78, 33) : 0.003958298796183716
(78, 79) : 0.0026467206611452236
(79, 34) : 0.00311140469330895
(79, 80) : 0.004067902179696379
(79, 78) : 0.0026467206611452236
(80, 79) : 0.004067902179696379
(80, 35) : 0.0031688969605642757
(80, 81) : 0.0041516126218251615
(81, 82) : 0.0038696933590542104
(81, 80) : 0.0041516126218251615
(81, 36) : 0.003607728470462942
(82, 81) : 0.0038696933590542104
(82, 37) : 0.004402498050031125
(82, 83) : 0.003872989058615943
(83, 82) : 0.003872989058615944
(83, 38) : 0.004571138460676115
(83, 84) : 0.004468912631508766
(84, 83) : 0.004468912631508766
(84, 39) : 0.003756099174186934
(84, 85) : 0.004228316346039505
(85, 84) : 0.004228316346039505
(85, 40) : 0.0040963052620159
(85, 86) : 0.003300134083777582
(86, 85) : 0.003300134083777582
(86, 41) : 0.004484228138865083
(86, 87) : 0.0037358215642402854
(87, 86) : 0.0037358215642402854
(87, 42) : 0.003549355597279398
(87, 88) : 0.003355794675203616
(88, 89) : 0.0028999427881606877
(88, 87) : 0.003355794675203616
(88, 43) : 0.002870005249926101
(89, 88) : 0.0028999427881606877
(89, 44) : 0.003448194732663728
(89, 90) : 0.0025317246613705833
(90, 46) : 0.003914574945235105
(90, 89) : 0.0025317246613705833
(90, 45) : 0.0039291842638531395
