(1, 45) : 0.003632398264259095
(1, 46) : 0.002962467005712779
(1, 2) : 0.00383762224903949
(2, 3) : 0.0033251084428947636
(2, 1) : 0.00383762224903949
(2, 47) : 0.0038952832823677375
(3, 2) : 0.0033251084428947636
(3, 48) : 0.004395888958916598
(3, 4) : 0.004529567972885254
(4, 49) : 0.003596672057993537
(4, 5) : 0.0030098507285760594
(4, 3) : 0.004529567972885254
(5, 4) : 0.0030098507285760594
(5, 50) : 0.0035797976242471345
(5, 6) : 0.0033104857705117943
(6, 51) : 0.003910754452899037
(6, 7) : 0.003329254748199641
(6, 5) : 0.0033104857705117943
(7, 6) : 0.003329254748199641
(7, 52) : 0.00457782216083506
(7, 8) : 0.0037413906038166055
(8, 7) : 0.003741390603816606
(8, 53) : 0.0043272166964166015
(8, 9) : 0.002995367329164823
(9, 10) : 0.003349957142650067
(9, 8) : 0.002995367329164823
(9, 54) : 0.0039013160874636593
(10, 9) : 0.003349957142650067
(10, 55) : 0.0031781336646636627
(10, 11) : 0.003070819296813387
(11, 12) : 0.0034818841690041954
(11, 10) : 0.003070819296813387
(11, 56) : 0.003270753700753308
(12, 11) : 0.0034818841690041954
(12, 57) : 0.003792416156635962
(12, 13) : 0.004760039220132872
(13, 14) : 0.004314827673405054
(13, 12) : 0.004760039220132872
(13, 58) : 0.003979496673716595
(14, 13) : 0.004314827673405054
(14, 59) : 0.005077043221639084
(14, 15) : 0.003781945800415017
(15, 16) : 0.004727932103667758
(15, 14) : 0.003781945800415017
(15, 60) : 0.004373227433481293
(16, 15) : 0.004727932103667758
(16, 61) : 0.003707328894614295
(16, 17) : 0.00423353399705674
(17, 16) : 0.00423353399705674
(17, 62) : 0.004170127022700861
(17, 18) : 0.003790772425567702
(18, 17) : 0.003790772425567702
(18, 63) : 0.003196323627965966
(18, 19) : 0.0028594387510294922
(19, 18) : 0.0028594387510294922
(19, 64) : 0.0026526154547936863
(19, 20) : 0.0029233598136264275
(20, 19) : 0.0029233598136264275
(20, 65) : 0.0034643506086858185
(20, 21) : 0.003441437296353115
(21, 20) : 0.003441437296353115
(21, 66) : 0.003374920461380884
(21, 22) : 0.003951096433204527
(22, 21) : 0.003951096433204527
(22, 67) : 0.0030063846088664954
(22, 23) : 0.0036363944199190846
(23, 22) : 0.0036363944199190846
(23, 68) : 0.0035562690062123426
(23, 24) : 0.0035002947420050222
(24, 25) : 0.003242915306138956
(24, 23) : 0.0035002947420050222
(24, 69) : 0.00390783471958633
(25, 24) : 0.003242915306138956
(25, 70) : 0.0036257364158485098
(25, 26) : 0.0036799231036028983
(26, 27) : 0.0036751382635319256
(26, 25) : 0.0036799231036028983
(26, 71) : 0.0034347906425340868
(27, 26) : 0.0036751382635319256
(27, 72) : 0.0038106472079877684
(27, 28) : 0.0036519368089772716
(28, 73) : 0.0042770426677420405
(28, 29) : 0.003443630527111479
(28, 27) : 0.0036519368089772716
(29, 28) : 0.003443630527111479
(29, 74) : 0.003629836593156277
(29, 30) : 0.004579122123965819
(30, 75) : 0.003439054515398152
(30, 31) : 0.003015590143502999
(30, 29) : 0.004579122123965819
(31, 30) : 0.003015590143502999
(31, 76) : 0.0038075442583438484
(31, 32) : 0.003963166008344922
(32, 31) : 0.003963166008344922
(32, 77) : 0.003695094306303909
(32, 33) : 0.004287824478130078
(33, 34) : 0.0036897212330152156
(33, 32) : 0.004287824478130078
(33, 78) : 0.00427346507518496
(34, 33) : 0.0036897212330152156
(34, 79) : 0.004670048282089786
(34, 35) : 0.003791252945602104
(35, 36) : 0.00400966712129756
(35, 34) : 0.003791252945602104
(35, 80) : 0.003908608280544484
(36, 35) : 0.00400966712129756
(36, 81) : 0.004016981711133949
(36, 37) : 0.0034127960806048796
(37, 82) : 0.004071367047413756
(37, 38) : 0.004053856199157376
(37, 36) : 0.0034127960806048796
(38, 37) : 0.004053856199157376
(38, 83) : 0.0031559067377376904
(38, 39) : 0.0031730971810709266
(39, 84) : 0.002794417342124567
(39, 40) : 0.0035709720971582124
(39, 38) : 0.0031730971810709266
(40, 39) : 0.0035709720971582124
(40, 85) : 0.002915624256244393
(40, 41) : 0.0033280139533406845
(41, 40) : 0.0033280139533406845
(41, 86) : 0.0033263539882296424
(41, 42) : 0.003335398925447141
(42, 43) : 0.0037434945397995184
(42, 41) : 0.003335398925447141
(42, 87) : 0.002896665768498975
(43, 42) : 0.0037434945397995184
(43, 88) : 0.0031028016849136393
(43, 44) : 0.00376080402228274
(44, 45) : 0.003021813308053732
(44, 43) : 0.00376080402228274
(44, 89) : 0.004021841785298161
(45, 44) : 0.003021813308053732
(45, 90) : 0.003932082215062956
(45, 1) : 0.003632398264259095
(46, 47) : 0.003921281839410967
(46, 90) : 0.003016201882354671
(46, 1) : 0.002962467005712779
(47, 46) : 0.003921281839410967
(47, 2) : 0.0038952832823677375
(47, 48) : 0.003265533192952738
(48, 49) : 0.00416465080481984
(48, 47) : 0.003265533192952738
(48, 3) : 0.004395888958916598
(49, 48) : 0.00416465080481984
(49, 4) : 0.003596672057993537
(49, 50) : 0.0029241410718912264
(50, 49) : 0.0029241410718912264
(50, 5) : 0.0035797976242471345
(50, 51) : 0.003285721134681665
(51, 50) : 0.003285721134681665
(51, 6) : 0.003910754452899037
(51, 52) : 0.0035989544936238706
(52, 51) : 0.0035989544936238706
(52, 7) : 0.00457782216083506
(52, 53) : 0.0036228923285360755
(53, 52) : 0.0036228923285360755
(53, 8) : 0.0043272166964166015
(53, 54) : 0.003574170345552922
(54, 53) : 0.003574170345552922
(54, 9) : 0.0039013160874636593
(54, 55) : 0.003357997340517082
(55, 54) : 0.003357997340517082
(55, 10) : 0.003178133664663663
(55, 56) : 0.004201509561410021
(56, 55) : 0.004201509561410021
(56, 11) : 0.003270753700753308
(56, 57) : 0.003550613042890766
(57, 58) : 0.004843449931614916
(57, 56) : 0.003550613042890766
(57, 12) : 0.003792416156635962
(58, 57) : 0.004843449931614916
(58, 13) : 0.003979496673716595
(58, 59) : 0.004193914378797882
(59, 14) : 0.005077043221639085
(59, 60) : 0.0032284665663314554
(59, 58) : 0.004193914378797882
(60, 59) : 0.0032284665663314554
(60, 15) : 0.004373227433481293
(60, 61) : 0.004383661979529226
(61, 16) : 0.003707328894614295
(61, 62) : 0.004414100237148188
(61, 60) : 0.004383661979529226
(62, 61) : 0.004414100237148187
(62, 17) : 0.004170127022700861
(62, 63) : 0.0036092678881563846
(63, 62) : 0.0036092678881563846
(63, 18) : 0.003196323627965966
(63, 64) : 0.0029920461517920307
(64, 63) : 0.0029920461517920307
(64, 19) : 0.0026526154547936863
(64, 65) : 0.0033290659262174014
(65, 64) : 0.0033290659262174014
(65, 20) : 0.0034643506086858185
(65, 66) : 0.0035694784745743417
(66, 67) : 0.004752146913375648
(66, 65) : 0.0035694784745743417
(66, 21) : 0.003374920461380884
(67, 66) : 0.004752146913375648
(67, 22) : 0.0030063846088664954
(67, 68) : 0.0038914585429330618
(68, 69) : 0.004128909489895027
(68, 67) : 0.0038914585429330618
(68, 23) : 0.0035562690062123426
(69, 68) : 0.004128909489895027
(69, 24) : 0.00390783471958633
(69, 70) : 0.004026382665981813
(70, 25) : 0.0036257364158485098
(70, 71) : 0.00484429209720796
(70, 69) : 0.004026382665981813
(71, 70) : 0.00484429209720796
(71, 26) : 0.0034347906425340868
(71, 72) : 0.004534637209258256
(72, 27) : 0.003810647207987769
(72, 73) : 0.004610855462847321
(72, 71) : 0.004534637209258256
(73, 72) : 0.004610855462847321
(73, 28) : 0.00427704266774204
(73, 74) : 0.0036619685053984733
(74, 73) : 0.0036619685053984733
(74, 29) : 0.003629836593156277
(74, 75) : 0.003795778385489364
(75, 76) : 0.0030271196424456258
(75, 74) : 0.003795778385489364
(75, 30) : 0.003439054515398152
(76, 75) : 0.0030271196424456258
(76, 31) : 0.0038075442583438484
(76, 77) : 0.0032644618514656464
(77, 76) : 0.0032644618514656464
(77, 32) : 0.003695094306303909
(77, 78) : 0.003744275837399395
(78, 77) : 0.003744275837399395
(78, 33) : 0.00427346507518496
(78, 79) : 0.004251862360687084
(79, 34) : 0.004670048282089786
(79, 80) : 0.002791579336298736
(79, 78) : 0.004251862360687084
(80, 79) : 0.002791579336298736
(80, 35) : 0.003908608280544484
(80, 81) : 0.004486871036034701
(81, 82) : 0.003376356910151632
(81, 80) : 0.004486871036034701
(81, 36) : 0.004016981711133949
(82, 81) : 0.003376356910151632
(82, 37) : 0.004071367047413756
(82, 83) : 0.003740556939172916
(83, 82) : 0.003740556939172916
(83, 38) : 0.0031559067377376904
(83, 84) : 0.003438493951697118
(84, 83) : 0.003438493951697118
(84, 39) : 0.002794417342124567
(84, 85) : 0.0036954128107769043
(85, 84) : 0.0036954128107769043
(85, 40) : 0.002915624256244393
(85, 86) : 0.0032765064655961495
(86, 85) : 0.0032765064655961495
(86, 41) : 0.0033263539882296424
(86, 87) : 0.00394735115977545
(87, 86) : 0.00394735115977545
(87, 42) : 0.002896665768498975
(87, 88) : 0.004028148790803581
(88, 89) : 0.003241279643409426
(88, 87) : 0.004028148790803581
(88, 43) : 0.0031028016849136393
(89, 88) : 0.003241279643409426
(89, 44) : 0.004021841785298161
(89, 90) : 0.003770907290420049
(90, 46) : 0.003016201882354671
(90, 89) : 0.003770907290420049
(90, 45) : 0.003932082215062956
