(1, 45) : 0.0027591695700052024
(1, 46) : 0.003273077925110812
(1, 2) : 0.0031877428805367155
(2, 3) : 0.003409935463228183
(2, 1) : 0.0031877428805367155
(2, 47) : 0.003500757847329361
(3, 2) : 0.003409935463228183
(3, 48) : 0.003154750417067551
(3, 4) : 0.0033713504115376915
(4, 49) : 0.0030053578509127254
(4, 5) : 0.0035046297281318456
(4, 3) : 0.0033713504115376915
(5, 4) : 0.0035046297281318456
(5, 50) : 0.0034182039577987672
(5, 6) : 0.0040377627062617195
(6, 51) : 0.003982253783090192
(6, 7) : 0.00388273489067008
(6, 5) : 0.0040377627062617195
(7, 6) : 0.00388273489067008
(7, 52) : 0.003932217633849733
(7, 8) : 0.0034263281593305585
(8, 7) : 0.0034263281593305585
(8, 53) : 0.003515940845862281
(8, 9) : 0.0037402658563943617
(9, 10) : 0.003883518776521558
(9, 8) : 0.0037402658563943617
(9, 54) : 0.003847361633282135
(10, 9) : 0.003883518776521558
(10, 55) : 0.003828829478040519
(10, 11) : 0.0034218473421496593
(11, 12) : 0.003820608527479411
(11, 10) : 0.0034218473421496593
(11, 56) : 0.004126845005529673
(12, 11) : 0.003820608527479411
(12, 57) : 0.0044853036099419845
(12, 13) : 0.004544265868553409
(13, 14) : 0.003726140609415117
(13, 12) : 0.004544265868553409
(13, 58) : 0.004117866446562355
(14, 13) : 0.003726140609415117
(14, 59) : 0.003577203749580952
(14, 15) : 0.003944916688249945
(15, 16) : 0.003832094572621826
(15, 14) : 0.003944916688249945
(15, 60) : 0.003417863925068535
(16, 15) : 0.003832094572621826
(16, 61) : 0.003896162151249043
(16, 17) : 0.004513764339610939
(17, 16) : 0.004513764339610939
(17, 62) : 0.004456723673539628
(17, 18) : 0.0036607041980055797
(18, 17) : 0.0036607041980055797
(18, 63) : 0.0038664359331491856
(18, 19) : 0.0033953264245331098
(19, 18) : 0.0033953264245331098
(19, 64) : 0.00341515110624794
(19, 20) : 0.0036410862691411507
(20, 19) : 0.0036410862691411507
(20, 65) : 0.004088048940623246
(20, 21) : 0.004072265844006128
(21, 20) : 0.004072265844006128
(21, 66) : 0.003841952256451666
(21, 22) : 0.0036099276877367605
(22, 21) : 0.0036099276877367605
(22, 67) : 0.003395910354441037
(22, 23) : 0.004077095727781934
(23, 22) : 0.004077095727781934
(23, 68) : 0.003609062520024572
(23, 24) : 0.003809658436219788
(24, 25) : 0.0029882295628134692
(24, 23) : 0.003809658436219788
(24, 69) : 0.003942502528173793
(25, 24) : 0.0029882295628134692
(25, 70) : 0.004084957461389349
(25, 26) : 0.0037994189147877275
(26, 27) : 0.0035800058268602598
(26, 25) : 0.0037994189147877275
(26, 71) : 0.003780866453097366
(27, 26) : 0.0035800058268602598
(27, 72) : 0.003449697761079534
(27, 28) : 0.004188144500908188
(28, 73) : 0.0033878586241115937
(28, 29) : 0.003283727490266654
(28, 27) : 0.004188144500908188
(29, 28) : 0.003283727490266654
(29, 74) : 0.003587563053447325
(29, 30) : 0.0030172326128524566
(30, 75) : 0.003312594904147227
(30, 31) : 0.004171853121288098
(30, 29) : 0.0030172326128524566
(31, 30) : 0.004171853121288098
(31, 76) : 0.0035768748281122488
(31, 32) : 0.0037089858299550874
(32, 31) : 0.0037089858299550874
(32, 77) : 0.0040855926448392305
(32, 33) : 0.004597422578363173
(33, 34) : 0.0040393747118472835
(33, 32) : 0.004597422578363173
(33, 78) : 0.004008600433097647
(34, 33) : 0.0040393747118472835
(34, 79) : 0.004887082316314702
(34, 35) : 0.004441942421526193
(35, 36) : 0.004016085218911858
(35, 34) : 0.004441942421526193
(35, 80) : 0.004395034495813469
(36, 35) : 0.004016085218911858
(36, 81) : 0.003183269302977091
(36, 37) : 0.0037724904934152213
(37, 82) : 0.0033337537837197662
(37, 38) : 0.004366290866759617
(37, 36) : 0.0037724904934152213
(38, 37) : 0.004366290866759617
(38, 83) : 0.004047081234899106
(38, 39) : 0.004350218463624726
(39, 84) : 0.0037154907508176287
(39, 40) : 0.004157641436752263
(39, 38) : 0.004350218463624726
(40, 39) : 0.004157641436752263
(40, 85) : 0.0032852874675874787
(40, 41) : 0.00297865351053817
(41, 40) : 0.00297865351053817
(41, 86) : 0.0031165453449988473
(41, 42) : 0.0034986668491173724
(42, 43) : 0.0028218036373231507
(42, 41) : 0.003498666849117372
(42, 87) : 0.0032838735879317333
(43, 42) : 0.0028218036373231507
(43, 88) : 0.003592370159334125
(43, 44) : 0.0030379072554291434
(44, 45) : 0.002914457606273097
(44, 43) : 0.0030379072554291434
(44, 89) : 0.0034249828955679484
(45, 44) : 0.002914457606273097
(45, 90) : 0.003496540440236941
(45, 1) : 0.0027591695700052024
(46, 47) : 0.003704450122176119
(46, 90) : 0.003859948979045894
(46, 1) : 0.003273077925110812
(47, 46) : 0.003704450122176119
(47, 2) : 0.003500757847329361
(47, 48) : 0.003839817435073798
(48, 49) : 0.003903593607586673
(48, 47) : 0.003839817435073798
(48, 3) : 0.003154750417067551
(49, 48) : 0.003903593607586673
(49, 4) : 0.0030053578509127254
(49, 50) : 0.0030525403348670905
(50, 49) : 0.0030525403348670905
(50, 5) : 0.0034182039577987672
(50, 51) : 0.004069139170417925
(51, 50) : 0.004069139170417925
(51, 6) : 0.003982253783090192
(51, 52) : 0.0031949230107353784
(52, 51) : 0.0031949230107353784
(52, 7) : 0.003932217633849733
(52, 53) : 0.003889632649776836
(53, 52) : 0.003889632649776836
(53, 8) : 0.003515940845862281
(53, 54) : 0.0037147310656252767
(54, 53) : 0.0037147310656252767
(54, 9) : 0.003847361633282135
(54, 55) : 0.004060837192983625
(55, 54) : 0.004060837192983625
(55, 10) : 0.003828829478040519
(55, 56) : 0.0037457526314582856
(56, 55) : 0.0037457526314582856
(56, 11) : 0.004126845005529673
(56, 57) : 0.0037209349869749848
(57, 58) : 0.004411974345336566
(57, 56) : 0.0037209349869749848
(57, 12) : 0.0044853036099419845
(58, 57) : 0.004411974345336566
(58, 13) : 0.004117866446562355
(58, 59) : 0.003995378177872454
(59, 14) : 0.003577203749580952
(59, 60) : 0.003151265829426427
(59, 58) : 0.003995378177872454
(60, 59) : 0.003151265829426427
(60, 15) : 0.003417863925068535
(60, 61) : 0.0037230609206338372
(61, 16) : 0.0038961621512490423
(61, 62) : 0.004108281526419692
(61, 60) : 0.0037230609206338372
(62, 61) : 0.004108281526419692
(62, 17) : 0.004456723673539628
(62, 63) : 0.0034088294915958846
(63, 62) : 0.0034088294915958846
(63, 18) : 0.0038664359331491856
(63, 64) : 0.003486164244355501
(64, 63) : 0.003486164244355501
(64, 19) : 0.00341515110624794
(64, 65) : 0.004103973080546755
(65, 64) : 0.004103973080546755
(65, 20) : 0.004088048940623246
(65, 66) : 0.003567256961453173
(66, 67) : 0.004146322440588389
(66, 65) : 0.003567256961453173
(66, 21) : 0.003841952256451666
(67, 66) : 0.00414632244058839
(67, 22) : 0.003395910354441037
(67, 68) : 0.0038356912724234887
(68, 69) : 0.0041469634767242304
(68, 67) : 0.0038356912724234887
(68, 23) : 0.003609062520024572
(69, 68) : 0.0041469634767242304
(69, 24) : 0.003942502528173793
(69, 70) : 0.003221984243236739
(70, 25) : 0.004084957461389349
(70, 71) : 0.00392949172789815
(70, 69) : 0.003221984243236739
(71, 70) : 0.00392949172789815
(71, 26) : 0.003780866453097366
(71, 72) : 0.00407992886090237
(72, 27) : 0.003449697761079534
(72, 73) : 0.0035149518925483045
(72, 71) : 0.00407992886090237
(73, 72) : 0.0035149518925483045
(73, 28) : 0.0033878586241115937
(73, 74) : 0.0037394721134512117
(74, 73) : 0.0037394721134512117
(74, 29) : 0.003587563053447325
(74, 75) : 0.0027778972520005156
(75, 76) : 0.0035969997016796467
(75, 74) : 0.0027778972520005156
(75, 30) : 0.003312594904147227
(76, 75) : 0.0035969997016796467
(76, 31) : 0.0035768748281122488
(76, 77) : 0.004828685451920195
(77, 76) : 0.004828685451920195
(77, 32) : 0.0040855926448392305
(77, 78) : 0.0030058628547943696
(78, 77) : 0.0030058628547943696
(78, 33) : 0.004008600433097647
(78, 79) : 0.004994568167009322
(79, 34) : 0.004887082316314702
(79, 80) : 0.0033533926487878903
(79, 78) : 0.004994568167009322
(80, 79) : 0.0033533926487878903
(80, 35) : 0.004395034495813469
(80, 81) : 0.003504109599898857
(81, 82) : 0.0029775145405252193
(81, 80) : 0.003504109599898857
(81, 36) : 0.003183269302977091
(82, 81) : 0.0029775145405252193
(82, 37) : 0.0033337537837197662
(82, 83) : 0.004026910624884235
(83, 82) : 0.004026910624884235
(83, 38) : 0.004047081234899106
(83, 84) : 0.003919328081485414
(84, 83) : 0.003919328081485414
(84, 39) : 0.0037154907508176287
(84, 85) : 0.004482748922720128
(85, 84) : 0.004482748922720128
(85, 40) : 0.0032852874675874787
(85, 86) : 0.0030326329218679808
(86, 85) : 0.0030326329218679808
(86, 41) : 0.0031165453449988473
(86, 87) : 0.003280222270549748
(87, 86) : 0.003280222270549748
(87, 42) : 0.0032838735879317333
(87, 88) : 0.0028898312949128236
(88, 89) : 0.0033868562974789895
(88, 87) : 0.0028898312949128236
(88, 43) : 0.003592370159334125
(89, 88) : 0.0033868562974789895
(89, 44) : 0.0034249828955679484
(89, 90) : 0.0028797521731655893
(90, 46) : 0.003859948979045894
(90, 89) : 0.0028797521731655893
(90, 45) : 0.003496540440236941
