(1, 45) : 0.005520159695828201
(1, 46) : 0.0037825097758479847
(1, 2) : 0.0037183102718386673
(2, 3) : 0.004607913791107703
(2, 1) : 0.0037183102718386673
(2, 47) : 0.003831086278823226
(3, 2) : 0.004607913791107703
(3, 48) : 0.0033312996114341605
(3, 4) : 0.003629748957904096
(4, 49) : 0.003933713453506261
(4, 5) : 0.0037120367947159577
(4, 3) : 0.003629748957904096
(5, 4) : 0.0037120367947159577
(5, 50) : 0.004456629456942562
(5, 6) : 0.002605387784535134
(6, 51) : 0.0037838788755587866
(6, 7) : 0.0031659300904893755
(6, 5) : 0.002605387784535134
(7, 6) : 0.0031659300904893755
(7, 52) : 0.0026524792485176185
(7, 8) : 0.0026783249305859847
(8, 7) : 0.0026783249305859847
(8, 53) : 0.003049363147828867
(8, 9) : 0.002777513883161171
(9, 10) : 0.003192104096529898
(9, 8) : 0.002777513883161171
(9, 54) : 0.0033874515395046958
(10, 9) : 0.003192104096529898
(10, 55) : 0.00390981190862223
(10, 11) : 0.003786821199411603
(11, 12) : 0.0041288004718983105
(11, 10) : 0.003786821199411603
(11, 56) : 0.0038840152587570004
(12, 11) : 0.0041288004718983105
(12, 57) : 0.003474771191783047
(12, 13) : 0.003434085734349015
(13, 14) : 0.0033639546278191245
(13, 12) : 0.003434085734349015
(13, 58) : 0.0036896063703793403
(14, 13) : 0.0033639546278191245
(14, 59) : 0.003943749653475315
(14, 15) : 0.003507178066755018
(15, 16) : 0.00439304419561142
(15, 14) : 0.003507178066755018
(15, 60) : 0.0033793294997348086
(16, 15) : 0.00439304419561142
(16, 61) : 0.003401198524454702
(16, 17) : 0.004010462495555286
(17, 16) : 0.004010462495555286
(17, 62) : 0.004275262139207163
(17, 18) : 0.004320294649201031
(18, 17) : 0.004320294649201031
(18, 63) : 0.0038340049008583382
(18, 19) : 0.0034064920202060106
(19, 18) : 0.0034064920202060106
(19, 64) : 0.003346925697341314
(19, 20) : 0.002944517468286279
(20, 19) : 0.002944517468286279
(20, 65) : 0.0033229778694861805
(20, 21) : 0.0028586558621620504
(21, 20) : 0.0028586558621620504
(21, 66) : 0.0031937959563575974
(21, 22) : 0.0044956555369817675
(22, 21) : 0.0044956555369817675
(22, 67) : 0.0034051127487922453
(22, 23) : 0.004348493132264232
(23, 22) : 0.004348493132264232
(23, 68) : 0.00380618626476341
(23, 24) : 0.0035972234777926298
(24, 25) : 0.0035096645316934926
(24, 23) : 0.0035972234777926298
(24, 69) : 0.003301418346008746
(25, 24) : 0.003509664531693493
(25, 70) : 0.0033095669384962355
(25, 26) : 0.0037639567666727354
(26, 27) : 0.004700108456259883
(26, 25) : 0.0037639567666727354
(26, 71) : 0.003900133859864141
(27, 26) : 0.004700108456259884
(27, 72) : 0.00454733854286681
(27, 28) : 0.003629115823659972
(28, 73) : 0.005401397594575294
(28, 29) : 0.004150336983441222
(28, 27) : 0.003629115823659972
(29, 28) : 0.004150336983441222
(29, 74) : 0.004098073726587614
(29, 30) : 0.0034364918312158113
(30, 75) : 0.0026628111386884277
(30, 31) : 0.0032561822584500754
(30, 29) : 0.0034364918312158113
(31, 30) : 0.0032561822584500754
(31, 76) : 0.004296372639635901
(31, 32) : 0.0032444523947081742
(32, 31) : 0.0032444523947081742
(32, 77) : 0.005170296846337996
(32, 33) : 0.0043058150519035086
(33, 34) : 0.0038708494658432836
(33, 32) : 0.0043058150519035086
(33, 78) : 0.003301294767893374
(34, 33) : 0.0038708494658432836
(34, 79) : 0.0029734977808533155
(34, 35) : 0.003168624482725631
(35, 36) : 0.0034936300198664533
(35, 34) : 0.003168624482725631
(35, 80) : 0.002965966406082887
(36, 35) : 0.0034936300198664533
(36, 81) : 0.0029813035281544384
(36, 37) : 0.003982846499949658
(37, 82) : 0.003777410577859178
(37, 38) : 0.003943460602813919
(37, 36) : 0.003982846499949658
(38, 37) : 0.003943460602813919
(38, 83) : 0.004000726055056347
(38, 39) : 0.00426211224641612
(39, 84) : 0.004415673713623106
(39, 40) : 0.0034064311895377754
(39, 38) : 0.00426211224641612
(40, 39) : 0.0034064311895377754
(40, 85) : 0.00470015005556029
(40, 41) : 0.004155048478561045
(41, 40) : 0.004155048478561045
(41, 86) : 0.0038222081613168576
(41, 42) : 0.0036114440256307247
(42, 43) : 0.003405490339980916
(42, 41) : 0.0036114440256307247
(42, 87) : 0.0034261557513242725
(43, 42) : 0.003405490339980916
(43, 88) : 0.0034179844405387307
(43, 44) : 0.003282183325538905
(44, 45) : 0.0036574071111946872
(44, 43) : 0.003282183325538905
(44, 89) : 0.0034388028474609425
(45, 44) : 0.0036574071111946872
(45, 90) : 0.0030578479452589304
(45, 1) : 0.005520159695828201
(46, 47) : 0.0036683642302308577
(46, 90) : 0.004806067332948399
(46, 1) : 0.0037825097758479847
(47, 46) : 0.0036683642302308577
(47, 2) : 0.003831086278823226
(47, 48) : 0.004745719009295449
(48, 49) : 0.004268450166459696
(48, 47) : 0.004745719009295449
(48, 3) : 0.0033312996114341605
(49, 48) : 0.004268450166459696
(49, 4) : 0.003933713453506261
(49, 50) : 0.004278742617649348
(50, 49) : 0.004278742617649348
(50, 5) : 0.004456629456942562
(50, 51) : 0.0031775606363234083
(51, 50) : 0.0031775606363234083
(51, 6) : 0.0037838788755587866
(51, 52) : 0.003462196519057695
(52, 51) : 0.003462196519057695
(52, 7) : 0.0026524792485176185
(52, 53) : 0.003081319422600896
(53, 52) : 0.003081319422600896
(53, 8) : 0.003049363147828867
(53, 54) : 0.0028454718795209283
(54, 53) : 0.0028454718795209283
(54, 9) : 0.0033874515395046958
(54, 55) : 0.003656440782144381
(55, 54) : 0.003656440782144381
(55, 10) : 0.00390981190862223
(55, 56) : 0.004380004572349738
(56, 55) : 0.004380004572349738
(56, 11) : 0.0038840152587570004
(56, 57) : 0.004292373502571877
(57, 58) : 0.0032693123203669052
(57, 56) : 0.004292373502571877
(57, 12) : 0.003474771191783047
(58, 57) : 0.0032693123203669052
(58, 13) : 0.0036896063703793403
(58, 59) : 0.003767182993065188
(59, 14) : 0.003943749653475315
(59, 60) : 0.0029949143415872862
(59, 58) : 0.003767182993065188
(60, 59) : 0.0029949143415872862
(60, 15) : 0.0033793294997348086
(60, 61) : 0.0038147251341556446
(61, 16) : 0.003401198524454702
(61, 62) : 0.004582683467909217
(61, 60) : 0.0038147251341556446
(62, 61) : 0.004582683467909217
(62, 17) : 0.004275262139207163
(62, 63) : 0.0040363956962755085
(63, 62) : 0.0040363956962755085
(63, 18) : 0.0038340049008583382
(63, 64) : 0.0035013923908357456
(64, 63) : 0.0035013923908357456
(64, 19) : 0.003346925697341314
(64, 65) : 0.0031223923188853303
(65, 64) : 0.0031223923188853303
(65, 20) : 0.0033229778694861805
(65, 66) : 0.002775839441894499
(66, 67) : 0.003793354151225446
(66, 65) : 0.002775839441894499
(66, 21) : 0.003193795956357597
(67, 66) : 0.003793354151225446
(67, 22) : 0.0034051127487922453
(67, 68) : 0.00419545093604532
(68, 69) : 0.003069726908983091
(68, 67) : 0.00419545093604532
(68, 23) : 0.00380618626476341
(69, 68) : 0.003069726908983091
(69, 24) : 0.003301418346008746
(69, 70) : 0.0030700662475307166
(70, 25) : 0.0033095669384962355
(70, 71) : 0.003781539188213095
(70, 69) : 0.0030700662475307166
(71, 70) : 0.0037815391882130953
(71, 26) : 0.003900133859864141
(71, 72) : 0.0039600177350364455
(72, 27) : 0.00454733854286681
(72, 73) : 0.004276693192445959
(72, 71) : 0.0039600177350364455
(73, 72) : 0.004276693192445959
(73, 28) : 0.005401397594575294
(73, 74) : 0.003713269371948229
(74, 73) : 0.003713269371948229
(74, 29) : 0.004098073726587614
(74, 75) : 0.003725486954962252
(75, 76) : 0.0035587741139037447
(75, 74) : 0.003725486954962252
(75, 30) : 0.0026628111386884277
(76, 75) : 0.0035587741139037447
(76, 31) : 0.004296372639635901
(76, 77) : 0.003427066040875167
(77, 76) : 0.003427066040875167
(77, 32) : 0.005170296846337996
(77, 78) : 0.004655544776390147
(78, 77) : 0.004655544776390147
(78, 33) : 0.003301294767893374
(78, 79) : 0.004582471477199545
(79, 34) : 0.0029734977808533155
(79, 80) : 0.0031770217805299305
(79, 78) : 0.004582471477199545
(80, 79) : 0.0031770217805299305
(80, 35) : 0.002965966406082887
(80, 81) : 0.0035361535286493203
(81, 82) : 0.003940196544490985
(81, 80) : 0.0035361535286493203
(81, 36) : 0.0029813035281544384
(82, 81) : 0.003940196544490985
(82, 37) : 0.003777410577859178
(82, 83) : 0.003712314526305992
(83, 82) : 0.003712314526305992
(83, 38) : 0.004000726055056347
(83, 84) : 0.003322928742078306
(84, 83) : 0.003322928742078306
(84, 39) : 0.004415673713623106
(84, 85) : 0.003607149199547577
(85, 84) : 0.003607149199547577
(85, 40) : 0.00470015005556029
(85, 86) : 0.0032638869548132646
(86, 85) : 0.0032638869548132646
(86, 41) : 0.0038222081613168576
(86, 87) : 0.004200155285085704
(87, 86) : 0.004200155285085704
(87, 42) : 0.0034261557513242725
(87, 88) : 0.0034377087080019932
(88, 89) : 0.0032756011805909675
(88, 87) : 0.0034377087080019932
(88, 43) : 0.0034179844405387307
(89, 88) : 0.0032756011805909675
(89, 44) : 0.0034388028474609425
(89, 90) : 0.0037095215219438336
(90, 46) : 0.004806067332948399
(90, 89) : 0.0037095215219438336
(90, 45) : 0.0030578479452589304
