(1, 45) : 0.003388699985351599
(1, 46) : 0.002976537456034421
(1, 2) : 0.0032164152857197194
(2, 3) : 0.00386426485176112
(2, 1) : 0.0032164152857197194
(2, 47) : 0.0029540712721389736
(3, 2) : 0.00386426485176112
(3, 48) : 0.0035315811117071845
(3, 4) : 0.00392474775535711
(4, 49) : 0.004781198171427916
(4, 5) : 0.0038052924170273463
(4, 3) : 0.00392474775535711
(5, 4) : 0.0038052924170273463
(5, 50) : 0.004032758090498952
(5, 6) : 0.004556761236811243
(6, 51) : 0.003084240663215881
(6, 7) : 0.0036643966979682785
(6, 5) : 0.004556761236811243
(7, 6) : 0.003664396697968279
(7, 52) : 0.0031872824035092794
(7, 8) : 0.003781766868963003
(8, 7) : 0.003781766868963003
(8, 53) : 0.003438062205044137
(8, 9) : 0.003716832952269467
(9, 10) : 0.0033115527037733856
(9, 8) : 0.003716832952269467
(9, 54) : 0.004614177009854247
(10, 9) : 0.0033115527037733856
(10, 55) : 0.0049390831843902526
(10, 11) : 0.004051573858817293
(11, 12) : 0.003462170394883751
(11, 10) : 0.004051573858817293
(11, 56) : 0.004878888544042717
(12, 11) : 0.0034621703948837504
(12, 57) : 0.004989541101284004
(12, 13) : 0.0045885887356124835
(13, 14) : 0.003988961021958714
(13, 12) : 0.0045885887356124835
(13, 58) : 0.004564096765299626
(14, 13) : 0.003988961021958714
(14, 59) : 0.004517887176516997
(14, 15) : 0.0032966658008554204
(15, 16) : 0.00437969133170154
(15, 14) : 0.0032966658008554204
(15, 60) : 0.003584285251248264
(16, 15) : 0.00437969133170154
(16, 61) : 0.003334858474298505
(16, 17) : 0.003248553073071476
(17, 16) : 0.003248553073071476
(17, 62) : 0.003841301091836566
(17, 18) : 0.004237000227112605
(18, 17) : 0.004237000227112605
(18, 63) : 0.0037107230129165276
(18, 19) : 0.0035270728451576323
(19, 18) : 0.0035270728451576323
(19, 64) : 0.003807874931431377
(19, 20) : 0.004625305551404115
(20, 19) : 0.004625305551404115
(20, 65) : 0.0034453224714258387
(20, 21) : 0.003690574004518632
(21, 20) : 0.003690574004518632
(21, 66) : 0.003057967454388541
(21, 22) : 0.003816267650041871
(22, 21) : 0.0038162676500418714
(22, 67) : 0.004030170078375759
(22, 23) : 0.0035515598580167732
(23, 22) : 0.0035515598580167732
(23, 68) : 0.003772613333371903
(23, 24) : 0.0038347088074628167
(24, 25) : 0.0036395614164306304
(24, 23) : 0.0038347088074628167
(24, 69) : 0.0029216485302576275
(25, 24) : 0.0036395614164306304
(25, 70) : 0.0037386087555951898
(25, 26) : 0.0043018928622123075
(26, 27) : 0.0035203745113957354
(26, 25) : 0.0043018928622123075
(26, 71) : 0.00379847325567882
(27, 26) : 0.0035203745113957354
(27, 72) : 0.0030396806896840485
(27, 28) : 0.003998871897867753
(28, 73) : 0.0037642542963286438
(28, 29) : 0.002980077115650803
(28, 27) : 0.003998871897867753
(29, 28) : 0.002980077115650803
(29, 74) : 0.0038673686750310423
(29, 30) : 0.0038879358029090877
(30, 75) : 0.0030119364387402405
(30, 31) : 0.003289653849812346
(30, 29) : 0.0038879358029090877
(31, 30) : 0.003289653849812346
(31, 76) : 0.002899451127570421
(31, 32) : 0.004025158611248751
(32, 31) : 0.004025158611248751
(32, 77) : 0.0037170027646086655
(32, 33) : 0.004114654957939753
(33, 34) : 0.004023131144533684
(33, 32) : 0.004114654957939753
(33, 78) : 0.004492183219624525
(34, 33) : 0.004023131144533684
(34, 79) : 0.004508626286739968
(34, 35) : 0.0035785306273219317
(35, 36) : 0.0037012533852227966
(35, 34) : 0.0035785306273219317
(35, 80) : 0.00417137789950143
(36, 35) : 0.0037012533852227966
(36, 81) : 0.0037529590651936397
(36, 37) : 0.003366665056561047
(37, 82) : 0.0033386948293322176
(37, 38) : 0.0047262525684850145
(37, 36) : 0.003366665056561047
(38, 37) : 0.0047262525684850145
(38, 83) : 0.003205152373107544
(38, 39) : 0.0029505580290020185
(39, 84) : 0.0035691453733551945
(39, 40) : 0.00386521022841458
(39, 38) : 0.0029505580290020185
(40, 39) : 0.00386521022841458
(40, 85) : 0.0032818701710232243
(40, 41) : 0.0034779021053203945
(41, 40) : 0.0034779021053203945
(41, 86) : 0.00296776906600868
(41, 42) : 0.0030305843712442903
(42, 43) : 0.0027143478997650214
(42, 41) : 0.0030305843712442903
(42, 87) : 0.0030591022985070105
(43, 42) : 0.0027143478997650214
(43, 88) : 0.003514847738614499
(43, 44) : 0.00287608737853608
(44, 45) : 0.0035141116245350837
(44, 43) : 0.00287608737853608
(44, 89) : 0.003724942061949463
(45, 44) : 0.0035141116245350837
(45, 90) : 0.003443523533486772
(45, 1) : 0.003388699985351599
(46, 47) : 0.0031140167416630277
(46, 90) : 0.0036029277846898245
(46, 1) : 0.002976537456034421
(47, 46) : 0.0031140167416630277
(47, 2) : 0.0029540712721389736
(47, 48) : 0.003450458731755724
(48, 49) : 0.0037015187532283183
(48, 47) : 0.003450458731755724
(48, 3) : 0.0035315811117071845
(49, 48) : 0.0037015187532283183
(49, 4) : 0.004781198171427916
(49, 50) : 0.0032840559626984875
(50, 49) : 0.0032840559626984875
(50, 5) : 0.004032758090498952
(50, 51) : 0.003810822101438998
(51, 50) : 0.003810822101438998
(51, 6) : 0.003084240663215881
(51, 52) : 0.0031264897441450872
(52, 51) : 0.0031264897441450872
(52, 7) : 0.0031872824035092794
(52, 53) : 0.0026860264341278498
(53, 52) : 0.0026860264341278498
(53, 8) : 0.003438062205044137
(53, 54) : 0.0032468687174125183
(54, 53) : 0.0032468687174125183
(54, 9) : 0.004614177009854247
(54, 55) : 0.003278266241256822
(55, 54) : 0.003278266241256822
(55, 10) : 0.0049390831843902526
(55, 56) : 0.003585470346844809
(56, 55) : 0.003585470346844809
(56, 11) : 0.004878888544042717
(56, 57) : 0.00442223586126646
(57, 58) : 0.004421481716514919
(57, 56) : 0.00442223586126646
(57, 12) : 0.004989541101284004
(58, 57) : 0.004421481716514919
(58, 13) : 0.004564096765299626
(58, 59) : 0.004136603487985967
(59, 14) : 0.004517887176516997
(59, 60) : 0.0035398422220024642
(59, 58) : 0.004136603487985967
(60, 59) : 0.0035398422220024642
(60, 15) : 0.003584285251248264
(60, 61) : 0.004146055634751335
(61, 16) : 0.003334858474298505
(61, 62) : 0.003965157274410149
(61, 60) : 0.004146055634751335
(62, 61) : 0.003965157274410149
(62, 17) : 0.003841301091836566
(62, 63) : 0.003319161325009887
(63, 62) : 0.003319161325009887
(63, 18) : 0.0037107230129165276
(63, 64) : 0.004952426946120318
(64, 63) : 0.004952426946120318
(64, 19) : 0.003807874931431377
(64, 65) : 0.004113850011592998
(65, 64) : 0.004113850011592998
(65, 20) : 0.003445322471425839
(65, 66) : 0.004295490548782127
(66, 67) : 0.00414353248137731
(66, 65) : 0.004295490548782127
(66, 21) : 0.0030579674543885407
(67, 66) : 0.00414353248137731
(67, 22) : 0.004030170078375759
(67, 68) : 0.0034595047433162106
(68, 69) : 0.004373803942411255
(68, 67) : 0.0034595047433162106
(68, 23) : 0.003772613333371903
(69, 68) : 0.004373803942411255
(69, 24) : 0.0029216485302576275
(69, 70) : 0.0037545110132821565
(70, 25) : 0.0037386087555951898
(70, 71) : 0.004067796715039604
(70, 69) : 0.0037545110132821565
(71, 70) : 0.004067796715039604
(71, 26) : 0.0037984732556788203
(71, 72) : 0.0035362359347589313
(72, 27) : 0.0030396806896840485
(72, 73) : 0.003387051576622464
(72, 71) : 0.0035362359347589313
(73, 72) : 0.003387051576622464
(73, 28) : 0.0037642542963286438
(73, 74) : 0.002816365949831448
(74, 73) : 0.002816365949831448
(74, 29) : 0.0038673686750310423
(74, 75) : 0.0036959354337927947
(75, 76) : 0.0031408768096279713
(75, 74) : 0.003695935433792795
(75, 30) : 0.0030119364387402405
(76, 75) : 0.0031408768096279713
(76, 31) : 0.002899451127570421
(76, 77) : 0.0043158726809618755
(77, 76) : 0.004315872680961876
(77, 32) : 0.0037170027646086655
(77, 78) : 0.0037320799139041586
(78, 77) : 0.0037320799139041586
(78, 33) : 0.004492183219624525
(78, 79) : 0.0046931446248592735
(79, 34) : 0.004508626286739968
(79, 80) : 0.00350302405499582
(79, 78) : 0.0046931446248592735
(80, 79) : 0.00350302405499582
(80, 35) : 0.00417137789950143
(80, 81) : 0.003663286315177731
(81, 82) : 0.0035058663026826865
(81, 80) : 0.003663286315177731
(81, 36) : 0.0037529590651936397
(82, 81) : 0.0035058663026826865
(82, 37) : 0.0033386948293322176
(82, 83) : 0.0037416043997869197
(83, 82) : 0.0037416043997869197
(83, 38) : 0.003205152373107544
(83, 84) : 0.003308406940781265
(84, 83) : 0.003308406940781265
(84, 39) : 0.0035691453733551945
(84, 85) : 0.003330085475364319
(85, 84) : 0.003330085475364319
(85, 40) : 0.0032818701710232248
(85, 86) : 0.003827316290773989
(86, 85) : 0.003827316290773989
(86, 41) : 0.00296776906600868
(86, 87) : 0.0037518863260425084
(87, 86) : 0.0037518863260425084
(87, 42) : 0.0030591022985070114
(87, 88) : 0.0028274728607719335
(88, 89) : 0.0036639283279875723
(88, 87) : 0.0028274728607719335
(88, 43) : 0.003514847738614499
(89, 88) : 0.0036639283279875723
(89, 44) : 0.003724942061949463
(89, 90) : 0.0035858052339291834
(90, 46) : 0.0036029277846898245
(90, 89) : 0.0035858052339291834
(90, 45) : 0.003443523533486772
