(1, 45) : 0.0029904265964863304
(1, 46) : 0.00401680555800897
(1, 2) : 0.003664443566849469
(2, 3) : 0.0033090694001817406
(2, 1) : 0.003664443566849469
(2, 47) : 0.004668658048872514
(3, 2) : 0.0033090694001817406
(3, 48) : 0.0038176287720336753
(3, 4) : 0.003778603165711311
(4, 49) : 0.0026835527979681886
(4, 5) : 0.004577112184002941
(4, 3) : 0.003778603165711311
(5, 4) : 0.004577112184002941
(5, 50) : 0.0031128518383334003
(5, 6) : 0.003960209586829975
(6, 51) : 0.0037420269301726267
(6, 7) : 0.004306767771608198
(6, 5) : 0.003960209586829975
(7, 6) : 0.004306767771608198
(7, 52) : 0.003559078882846844
(7, 8) : 0.004058027994330925
(8, 7) : 0.004058027994330925
(8, 53) : 0.003754979546820049
(8, 9) : 0.0034614882769016795
(9, 10) : 0.0032453736322721905
(9, 8) : 0.0034614882769016795
(9, 54) : 0.0036197597402445035
(10, 9) : 0.0032453736322721905
(10, 55) : 0.003315764202721847
(10, 11) : 0.003310501865588263
(11, 12) : 0.0033768280001633317
(11, 10) : 0.003310501865588263
(11, 56) : 0.003884693273722348
(12, 11) : 0.0033768280001633317
(12, 57) : 0.003626002692191744
(12, 13) : 0.00446782824397795
(13, 14) : 0.004254215872655772
(13, 12) : 0.00446782824397795
(13, 58) : 0.0030390128999951216
(14, 13) : 0.004254215872655772
(14, 59) : 0.003311575752330611
(14, 15) : 0.00416205074658476
(15, 16) : 0.004822233866844871
(15, 14) : 0.00416205074658476
(15, 60) : 0.0036356552437073236
(16, 15) : 0.004822233866844871
(16, 61) : 0.0039009301554674006
(16, 17) : 0.004286872740761826
(17, 16) : 0.004286872740761826
(17, 62) : 0.004328989188118985
(17, 18) : 0.004393987575584489
(18, 17) : 0.004393987575584489
(18, 63) : 0.0039176654002570825
(18, 19) : 0.0035583411665571435
(19, 18) : 0.003558341166557144
(19, 64) : 0.0037878683995858356
(19, 20) : 0.0030733941066095442
(20, 19) : 0.0030733941066095442
(20, 65) : 0.003740382768630726
(20, 21) : 0.004146947201936569
(21, 20) : 0.004146947201936569
(21, 66) : 0.0037617217253506172
(21, 22) : 0.0035130022564555064
(22, 21) : 0.0035130022564555064
(22, 67) : 0.00335194067702266
(22, 23) : 0.0036600066173691098
(23, 22) : 0.0036600066173691098
(23, 68) : 0.0030075638577546585
(23, 24) : 0.0028961306699334874
(24, 25) : 0.0033339818101044217
(24, 23) : 0.0028961306699334874
(24, 69) : 0.0035837697802350525
(25, 24) : 0.0033339818101044217
(25, 70) : 0.003398817878640829
(25, 26) : 0.0033088817496388753
(26, 27) : 0.002818776277316572
(26, 25) : 0.0033088817496388753
(26, 71) : 0.0033437866635653165
(27, 26) : 0.002818776277316572
(27, 72) : 0.0037195332488744745
(27, 28) : 0.0035103308901604513
(28, 73) : 0.004000653796126618
(28, 29) : 0.003581522249893053
(28, 27) : 0.0035103308901604513
(29, 28) : 0.003581522249893053
(29, 74) : 0.0038070323338154346
(29, 30) : 0.0033292373495096648
(30, 75) : 0.0037218512763445223
(30, 31) : 0.003359526926577148
(30, 29) : 0.0033292373495096648
(31, 30) : 0.003359526926577148
(31, 76) : 0.0035098194783698866
(31, 32) : 0.003707020591308787
(32, 31) : 0.003707020591308787
(32, 77) : 0.003324905440772857
(32, 33) : 0.0035713393025360997
(33, 34) : 0.003345764476617686
(33, 32) : 0.0035713393025360997
(33, 78) : 0.004211681700208254
(34, 33) : 0.003345764476617686
(34, 79) : 0.0042790661898017245
(34, 35) : 0.004055347543345395
(35, 36) : 0.003692963860907062
(35, 34) : 0.004055347543345395
(35, 80) : 0.0035436170719894125
(36, 35) : 0.003692963860907062
(36, 81) : 0.003287798946986334
(36, 37) : 0.003819599236255422
(37, 82) : 0.003572073211913233
(37, 38) : 0.003207363887554412
(37, 36) : 0.003819599236255422
(38, 37) : 0.003207363887554412
(38, 83) : 0.003929228795518812
(38, 39) : 0.003152781126694304
(39, 84) : 0.00343362642241294
(39, 40) : 0.0043846665542502565
(39, 38) : 0.003152781126694304
(40, 39) : 0.0043846665542502565
(40, 85) : 0.004095644528775263
(40, 41) : 0.003925066459165393
(41, 40) : 0.003925066459165393
(41, 86) : 0.004923438019837432
(41, 42) : 0.004565186821946438
(42, 43) : 0.003994040824429482
(42, 41) : 0.004565186821946438
(42, 87) : 0.004594827096746047
(43, 42) : 0.003994040824429482
(43, 88) : 0.003678558020363684
(43, 44) : 0.0039787219808055255
(44, 45) : 0.0030971040300182013
(44, 43) : 0.0039787219808055255
(44, 89) : 0.0030270791772662345
(45, 44) : 0.003097104030018201
(45, 90) : 0.0033470961135642265
(45, 1) : 0.0029904265964863304
(46, 47) : 0.0033052950664826924
(46, 90) : 0.003199167597965947
(46, 1) : 0.00401680555800897
(47, 46) : 0.0033052950664826924
(47, 2) : 0.004668658048872514
(47, 48) : 0.0037245006386602587
(48, 49) : 0.004122459431698079
(48, 47) : 0.0037245006386602587
(48, 3) : 0.0038176287720336753
(49, 48) : 0.004122459431698079
(49, 4) : 0.0026835527979681886
(49, 50) : 0.004363809288874054
(50, 49) : 0.004363809288874053
(50, 5) : 0.0031128518383334003
(50, 51) : 0.0041895962710080375
(51, 50) : 0.0041895962710080375
(51, 6) : 0.0037420269301726267
(51, 52) : 0.003936894963452655
(52, 51) : 0.003936894963452655
(52, 7) : 0.003559078882846844
(52, 53) : 0.004341413587763041
(53, 52) : 0.004341413587763041
(53, 8) : 0.003754979546820049
(53, 54) : 0.0034725787985044033
(54, 53) : 0.0034725787985044033
(54, 9) : 0.0036197597402445035
(54, 55) : 0.003274210732528419
(55, 54) : 0.003274210732528419
(55, 10) : 0.003315764202721847
(55, 56) : 0.0028348323762112477
(56, 55) : 0.0028348323762112477
(56, 11) : 0.003884693273722348
(56, 57) : 0.003104668849095111
(57, 58) : 0.004327852648431007
(57, 56) : 0.003104668849095111
(57, 12) : 0.003626002692191744
(58, 57) : 0.004327852648431007
(58, 13) : 0.0030390128999951216
(58, 59) : 0.00327597132404194
(59, 14) : 0.003311575752330611
(59, 60) : 0.0036815896794922995
(59, 58) : 0.0032759713240419395
(60, 59) : 0.003681589679492299
(60, 15) : 0.0036356552437073236
(60, 61) : 0.0036101590121276916
(61, 16) : 0.0039009301554674006
(61, 62) : 0.0037981482891873814
(61, 60) : 0.0036101590121276916
(62, 61) : 0.0037981482891873814
(62, 17) : 0.004328989188118985
(62, 63) : 0.0039056074026373507
(63, 62) : 0.0039056074026373507
(63, 18) : 0.0039176654002570825
(63, 64) : 0.004370018360018952
(64, 63) : 0.004370018360018952
(64, 19) : 0.0037878683995858356
(64, 65) : 0.002733852214467382
(65, 64) : 0.002733852214467382
(65, 20) : 0.003740382768630726
(65, 66) : 0.004443262115429751
(66, 67) : 0.00316027840096437
(66, 65) : 0.004443262115429751
(66, 21) : 0.0037617217253506172
(67, 66) : 0.00316027840096437
(67, 22) : 0.00335194067702266
(67, 68) : 0.0031674869797734366
(68, 69) : 0.0030844576280115383
(68, 67) : 0.0031674869797734366
(68, 23) : 0.0030075638577546585
(69, 68) : 0.0030844576280115387
(69, 24) : 0.0035837697802350525
(69, 70) : 0.0032340550537595606
(70, 25) : 0.003398817878640829
(70, 71) : 0.0029937094377183392
(70, 69) : 0.0032340550537595606
(71, 70) : 0.0029937094377183392
(71, 26) : 0.0033437866635653165
(71, 72) : 0.003543080781455112
(72, 27) : 0.0037195332488744745
(72, 73) : 0.0031290037282570185
(72, 71) : 0.003543080781455112
(73, 72) : 0.0031290037282570185
(73, 28) : 0.004000653796126618
(73, 74) : 0.004243883597859809
(74, 73) : 0.004243883597859809
(74, 29) : 0.0038070323338154346
(74, 75) : 0.004328998643949624
(75, 76) : 0.003695516287048144
(75, 74) : 0.004328998643949624
(75, 30) : 0.0037218512763445223
(76, 75) : 0.0036955162870481438
(76, 31) : 0.0035098194783698866
(76, 77) : 0.003901206133146396
(77, 76) : 0.003901206133146396
(77, 32) : 0.003324905440772857
(77, 78) : 0.003918921368716256
(78, 77) : 0.003918921368716256
(78, 33) : 0.004211681700208254
(78, 79) : 0.0033608542342436856
(79, 34) : 0.0042790661898017245
(79, 80) : 0.0045875309625626704
(79, 78) : 0.0033608542342436856
(80, 79) : 0.0045875309625626704
(80, 35) : 0.0035436170719894125
(80, 81) : 0.0046822286560339235
(81, 82) : 0.004984850408136394
(81, 80) : 0.0046822286560339235
(81, 36) : 0.003287798946986334
(82, 81) : 0.004984850408136394
(82, 37) : 0.003572073211913233
(82, 83) : 0.0035217402735552516
(83, 82) : 0.0035217402735552516
(83, 38) : 0.003929228795518812
(83, 84) : 0.003581177897036602
(84, 83) : 0.0035811778970366026
(84, 39) : 0.00343362642241294
(84, 85) : 0.003929417098326106
(85, 84) : 0.003929417098326106
(85, 40) : 0.004095644528775263
(85, 86) : 0.003680976077722232
(86, 85) : 0.003680976077722232
(86, 41) : 0.004923438019837432
(86, 87) : 0.003515718636555767
(87, 86) : 0.003515718636555767
(87, 42) : 0.004594827096746048
(87, 88) : 0.004427909400408929
(88, 89) : 0.00358112998200193
(88, 87) : 0.004427909400408929
(88, 43) : 0.003678558020363684
(89, 88) : 0.0035811299820019305
(89, 44) : 0.0030270791772662345
(89, 90) : 0.0027978790851611673
(90, 46) : 0.003199167597965947
(90, 89) : 0.0027978790851611673
(90, 45) : 0.0033470961135642265
