(1, 45) : 0.0034725986119907427
(1, 46) : 0.0043001606988719
(1, 2) : 0.003969741682655751
(2, 3) : 0.0032583396470516742
(2, 1) : 0.003969741682655751
(2, 47) : 0.003984829052189833
(3, 2) : 0.0032583396470516742
(3, 48) : 0.0034687327849774827
(3, 4) : 0.00450515558255816
(4, 49) : 0.0034243754288466968
(4, 5) : 0.003940814781537811
(4, 3) : 0.00450515558255816
(5, 4) : 0.003940814781537811
(5, 50) : 0.003674151845234101
(5, 6) : 0.005339711135226774
(6, 51) : 0.004789086683233135
(6, 7) : 0.003788481572400798
(6, 5) : 0.005339711135226773
(7, 6) : 0.003788481572400798
(7, 52) : 0.005653349317544159
(7, 8) : 0.004536704685010258
(8, 7) : 0.004536704685010258
(8, 53) : 0.004250948990801941
(8, 9) : 0.0038361159386671962
(9, 10) : 0.0034277781357569914
(9, 8) : 0.0038361159386671962
(9, 54) : 0.0032895283817239583
(10, 9) : 0.0034277781357569914
(10, 55) : 0.0037742864329236825
(10, 11) : 0.002694595523312917
(11, 12) : 0.0038786736373690846
(11, 10) : 0.002694595523312917
(11, 56) : 0.004154082728992776
(12, 11) : 0.0038786736373690846
(12, 57) : 0.003513731416153951
(12, 13) : 0.003533202718995045
(13, 14) : 0.004382002089893932
(13, 12) : 0.0035332027189950454
(13, 58) : 0.003311344918189229
(14, 13) : 0.004382002089893932
(14, 59) : 0.0033650713314868894
(14, 15) : 0.003750999300332557
(15, 16) : 0.003640277963823051
(15, 14) : 0.003750999300332557
(15, 60) : 0.0036749871655864467
(16, 15) : 0.003640277963823051
(16, 61) : 0.0034741743721214222
(16, 17) : 0.0032414945581739213
(17, 16) : 0.0032414945581739213
(17, 62) : 0.0032621511078134826
(17, 18) : 0.003603338599110662
(18, 17) : 0.003603338599110662
(18, 63) : 0.0036467031221138046
(18, 19) : 0.0033027963627939964
(19, 18) : 0.0033027963627939964
(19, 64) : 0.0038793944986967224
(19, 20) : 0.004223564433942448
(20, 19) : 0.004223564433942448
(20, 65) : 0.0037751582534261297
(20, 21) : 0.0033709801602435207
(21, 20) : 0.0033709801602435207
(21, 66) : 0.003952393642673032
(21, 22) : 0.003474671359627087
(22, 21) : 0.003474671359627087
(22, 67) : 0.003304895190615509
(22, 23) : 0.004253174018466582
(23, 22) : 0.004253174018466582
(23, 68) : 0.003488584551462078
(23, 24) : 0.0037201906907588103
(24, 25) : 0.0047491408236736985
(24, 23) : 0.0037201906907588103
(24, 69) : 0.0037849783723226237
(25, 24) : 0.0047491408236736985
(25, 70) : 0.002919110329133722
(25, 26) : 0.0040068643881941484
(26, 27) : 0.003749001801380797
(26, 25) : 0.0040068643881941484
(26, 71) : 0.0030913492750615184
(27, 26) : 0.003749001801380797
(27, 72) : 0.0035574529921855863
(27, 28) : 0.0034387453058182895
(28, 73) : 0.003108625997640988
(28, 29) : 0.004243441516545511
(28, 27) : 0.0034387453058182895
(29, 28) : 0.004243441516545511
(29, 74) : 0.0027459491025448035
(29, 30) : 0.0035509557538599074
(30, 75) : 0.00354285711700741
(30, 31) : 0.0028427077208349697
(30, 29) : 0.0035509557538599074
(31, 30) : 0.0028427077208349697
(31, 76) : 0.003322905224691031
(31, 32) : 0.003304466073812771
(32, 31) : 0.003304466073812771
(32, 77) : 0.0028987908393537766
(32, 33) : 0.003350042786026695
(33, 34) : 0.0035801825939650467
(33, 32) : 0.003350042786026695
(33, 78) : 0.0036486605287047594
(34, 33) : 0.0035801825939650467
(34, 79) : 0.0039691287771342525
(34, 35) : 0.00333867621867912
(35, 36) : 0.00393093485822402
(35, 34) : 0.00333867621867912
(35, 80) : 0.00327499402017668
(36, 35) : 0.00393093485822402
(36, 81) : 0.003252843323069056
(36, 37) : 0.002968107836712893
(37, 82) : 0.0037946506037510198
(37, 38) : 0.003610085255151649
(37, 36) : 0.002968107836712893
(38, 37) : 0.003610085255151649
(38, 83) : 0.003705596056550971
(38, 39) : 0.003487666243990272
(39, 84) : 0.0036967061986584344
(39, 40) : 0.003820767503132048
(39, 38) : 0.003487666243990272
(40, 39) : 0.003820767503132048
(40, 85) : 0.004216889914382265
(40, 41) : 0.0034084579506401076
(41, 40) : 0.0034084579506401076
(41, 86) : 0.004207870851047783
(41, 42) : 0.003796849263746107
(42, 43) : 0.004637608397869482
(42, 41) : 0.003796849263746107
(42, 87) : 0.003489337490920727
(43, 42) : 0.004637608397869482
(43, 88) : 0.0033278505421153993
(43, 44) : 0.004223500752415799
(44, 45) : 0.003398757135723622
(44, 43) : 0.004223500752415799
(44, 89) : 0.004215461278340218
(45, 44) : 0.003398757135723622
(45, 90) : 0.005074484508737455
(45, 1) : 0.0034725986119907427
(46, 47) : 0.004069972995133303
(46, 90) : 0.0037309722848432396
(46, 1) : 0.0043001606988719
(47, 46) : 0.004069972995133303
(47, 2) : 0.003984829052189833
(47, 48) : 0.0033261913954616574
(48, 49) : 0.003687460568605465
(48, 47) : 0.0033261913954616574
(48, 3) : 0.003468732784977483
(49, 48) : 0.003687460568605465
(49, 4) : 0.0034243754288466968
(49, 50) : 0.0035370736427273496
(50, 49) : 0.003537073642727349
(50, 5) : 0.003674151845234101
(50, 51) : 0.004548169474931569
(51, 50) : 0.004548169474931569
(51, 6) : 0.004789086683233135
(51, 52) : 0.0035018360219576552
(52, 51) : 0.0035018360219576552
(52, 7) : 0.005653349317544159
(52, 53) : 0.0045338681909775636
(53, 52) : 0.0045338681909775636
(53, 8) : 0.004250948990801941
(53, 54) : 0.0038784399775240977
(54, 53) : 0.0038784399775240973
(54, 9) : 0.0032895283817239583
(54, 55) : 0.003945495607019907
(55, 54) : 0.003945495607019907
(55, 10) : 0.0037742864329236825
(55, 56) : 0.0031367636688744384
(56, 55) : 0.0031367636688744384
(56, 11) : 0.004154082728992776
(56, 57) : 0.0036134720427581962
(57, 58) : 0.003667546331054906
(57, 56) : 0.0036134720427581962
(57, 12) : 0.003513731416153951
(58, 57) : 0.003667546331054906
(58, 13) : 0.003311344918189229
(58, 59) : 0.003442225675197056
(59, 14) : 0.0033650713314868894
(59, 60) : 0.0038815574025111593
(59, 58) : 0.003442225675197056
(60, 59) : 0.0038815574025111593
(60, 15) : 0.0036749871655864467
(60, 61) : 0.0029443084551936784
(61, 16) : 0.0034741743721214222
(61, 62) : 0.003824915626841606
(61, 60) : 0.0029443084551936784
(62, 61) : 0.003824915626841606
(62, 17) : 0.0032621511078134826
(62, 63) : 0.003529490173908613
(63, 62) : 0.003529490173908613
(63, 18) : 0.0036467031221138046
(63, 64) : 0.004024669024439631
(64, 63) : 0.004024669024439631
(64, 19) : 0.0038793944986967224
(64, 65) : 0.004437055890225661
(65, 64) : 0.004437055890225661
(65, 20) : 0.0037751582534261297
(65, 66) : 0.004281891755069238
(66, 67) : 0.0034003802316622165
(66, 65) : 0.004281891755069238
(66, 21) : 0.003952393642673032
(67, 66) : 0.0034003802316622165
(67, 22) : 0.003304895190615509
(67, 68) : 0.0043811402497381585
(68, 69) : 0.0039969940045307675
(68, 67) : 0.0043811402497381585
(68, 23) : 0.003488584551462078
(69, 68) : 0.0039969940045307675
(69, 24) : 0.0037849783723226237
(69, 70) : 0.00456652607971958
(70, 25) : 0.002919110329133722
(70, 71) : 0.0037808709708862976
(70, 69) : 0.00456652607971958
(71, 70) : 0.0037808709708862976
(71, 26) : 0.003091349275061518
(71, 72) : 0.003254423650964722
(72, 27) : 0.0035574529921855863
(72, 73) : 0.0029634075868048815
(72, 71) : 0.003254423650964722
(73, 72) : 0.0029634075868048815
(73, 28) : 0.003108625997640988
(73, 74) : 0.0035487897390276035
(74, 73) : 0.003548789739027603
(74, 29) : 0.0027459491025448035
(74, 75) : 0.0034817171459326926
(75, 76) : 0.002639339444974667
(75, 74) : 0.0034817171459326926
(75, 30) : 0.00354285711700741
(76, 75) : 0.002639339444974667
(76, 31) : 0.003322905224691031
(76, 77) : 0.0033374861165484256
(77, 76) : 0.0033374861165484256
(77, 32) : 0.0028987908393537766
(77, 78) : 0.003239554359708564
(78, 77) : 0.0032395543597085637
(78, 33) : 0.0036486605287047594
(78, 79) : 0.0030277751821205174
(79, 34) : 0.0039691287771342525
(79, 80) : 0.0030612245802034473
(79, 78) : 0.0030277751821205174
(80, 79) : 0.0030612245802034473
(80, 35) : 0.00327499402017668
(80, 81) : 0.0029758006481997138
(81, 82) : 0.0031613716095049544
(81, 80) : 0.0029758006481997138
(81, 36) : 0.003252843323069056
(82, 81) : 0.0031613716095049544
(82, 37) : 0.0037946506037510198
(82, 83) : 0.003960652788119607
(83, 82) : 0.003960652788119607
(83, 38) : 0.003705596056550971
(83, 84) : 0.004632382420347992
(84, 83) : 0.004632382420347992
(84, 39) : 0.0036967061986584344
(84, 85) : 0.0042632508688129015
(85, 84) : 0.0042632508688129015
(85, 40) : 0.004216889914382265
(85, 86) : 0.0033169329217560568
(86, 85) : 0.0033169329217560568
(86, 41) : 0.004207870851047783
(86, 87) : 0.0031371044903414176
(87, 86) : 0.0031371044903414176
(87, 42) : 0.003489337490920727
(87, 88) : 0.0037744608190707326
(88, 89) : 0.0039704298987509115
(88, 87) : 0.003774460819070733
(88, 43) : 0.0033278505421153993
(89, 88) : 0.0039704298987509115
(89, 44) : 0.004215461278340218
(89, 90) : 0.003743629357711057
(90, 46) : 0.0037309722848432396
(90, 89) : 0.003743629357711057
(90, 45) : 0.005074484508737455
