(1, 45) : 0.004202415002217314
(1, 46) : 0.003746011820650117
(1, 2) : 0.003411760673293858
(2, 3) : 0.004552060874141036
(2, 1) : 0.003411760673293858
(2, 47) : 0.0035847893814956594
(3, 2) : 0.004552060874141036
(3, 48) : 0.003256408980477139
(3, 4) : 0.003605297423496036
(4, 49) : 0.0035376744168088164
(4, 5) : 0.0038223184889885644
(4, 3) : 0.003605297423496036
(5, 4) : 0.0038223184889885644
(5, 50) : 0.003901685469914957
(5, 6) : 0.0038493056358027563
(6, 51) : 0.0042814177703872506
(6, 7) : 0.0038601300482806
(6, 5) : 0.0038493056358027563
(7, 6) : 0.0038601300482806
(7, 52) : 0.00379907057064445
(7, 8) : 0.003796551562509864
(8, 7) : 0.003796551562509864
(8, 53) : 0.0033243299281983437
(8, 9) : 0.0029951649453819865
(9, 10) : 0.0036374987654056155
(9, 8) : 0.0029951649453819865
(9, 54) : 0.003959116794177506
(10, 9) : 0.0036374987654056155
(10, 55) : 0.004156331514366258
(10, 11) : 0.004327000827260369
(11, 12) : 0.004257691984798738
(11, 10) : 0.004327000827260369
(11, 56) : 0.0038412564411105074
(12, 11) : 0.004257691984798738
(12, 57) : 0.004384396921429362
(12, 13) : 0.0034245244855346615
(13, 14) : 0.003164237482807181
(13, 12) : 0.0034245244855346615
(13, 58) : 0.003964202781828541
(14, 13) : 0.003164237482807181
(14, 59) : 0.003357068773501139
(14, 15) : 0.0030853940295934618
(15, 16) : 0.0033758606373654088
(15, 14) : 0.0030853940295934618
(15, 60) : 0.0038908316763769423
(16, 15) : 0.0033758606373654088
(16, 61) : 0.004436156307339002
(16, 17) : 0.0041642081273877704
(17, 16) : 0.0041642081273877704
(17, 62) : 0.003836912857839035
(17, 18) : 0.004072555232647147
(18, 17) : 0.004072555232647147
(18, 63) : 0.003125659216629972
(18, 19) : 0.004057621550109604
(19, 18) : 0.004057621550109604
(19, 64) : 0.0027875232829918167
(19, 20) : 0.003819672381492039
(20, 19) : 0.003819672381492039
(20, 65) : 0.0031316960728988955
(20, 21) : 0.0037918722200817085
(21, 20) : 0.0037918722200817085
(21, 66) : 0.0043569868843853846
(21, 22) : 0.003784805059096193
(22, 21) : 0.003784805059096193
(22, 67) : 0.004275042414958663
(22, 23) : 0.003818240241367845
(23, 22) : 0.003818240241367845
(23, 68) : 0.0032671027128301296
(23, 24) : 0.0033421136482997427
(24, 25) : 0.0032261599885853713
(24, 23) : 0.0033421136482997427
(24, 69) : 0.003622308711860123
(25, 24) : 0.0032261599885853713
(25, 70) : 0.003716892700952062
(25, 26) : 0.003572748657297634
(26, 27) : 0.0035128841173634835
(26, 25) : 0.003572748657297634
(26, 71) : 0.0035292778075613766
(27, 26) : 0.0035128841173634835
(27, 72) : 0.0038901733972623695
(27, 28) : 0.003133788893381498
(28, 73) : 0.0032767353813265574
(28, 29) : 0.003781086977553749
(28, 27) : 0.0031337888933814983
(29, 28) : 0.003781086977553749
(29, 74) : 0.0034182971605792993
(29, 30) : 0.0030831065018511266
(30, 75) : 0.0036271476034019177
(30, 31) : 0.004024885394383296
(30, 29) : 0.0030831065018511266
(31, 30) : 0.004024885394383296
(31, 76) : 0.003483155700117174
(31, 32) : 0.003665641068999391
(32, 31) : 0.0036656410689993916
(32, 77) : 0.0041675701779894025
(32, 33) : 0.003412375735705129
(33, 34) : 0.004372112011009256
(33, 32) : 0.003412375735705129
(33, 78) : 0.004004412342857968
(34, 33) : 0.004372112011009256
(34, 79) : 0.0044484333845851536
(34, 35) : 0.003430377978834855
(35, 36) : 0.004455457453343262
(35, 34) : 0.003430377978834855
(35, 80) : 0.004268211103594342
(36, 35) : 0.004455457453343261
(36, 81) : 0.004020223018745694
(36, 37) : 0.004329508619742308
(37, 82) : 0.004335680338867991
(37, 38) : 0.0044343175624097595
(37, 36) : 0.004329508619742308
(38, 37) : 0.0044343175624097595
(38, 83) : 0.003883814825858716
(38, 39) : 0.0036756520437652603
(39, 84) : 0.0037126621223058996
(39, 40) : 0.0036020778008771124
(39, 38) : 0.0036756520437652603
(40, 39) : 0.003602077800877112
(40, 85) : 0.0035729827627494874
(40, 41) : 0.0033670890541987646
(41, 40) : 0.0033670890541987646
(41, 86) : 0.003019665200760756
(41, 42) : 0.003503176093420145
(42, 43) : 0.0034555841097097476
(42, 41) : 0.003503176093420145
(42, 87) : 0.003286555448625684
(43, 42) : 0.0034555841097097476
(43, 88) : 0.003924199375849713
(43, 44) : 0.003790258693012843
(44, 45) : 0.0041425029169150146
(44, 43) : 0.003790258693012843
(44, 89) : 0.0038549396536974754
(45, 44) : 0.0041425029169150146
(45, 90) : 0.003488965343941277
(45, 1) : 0.004202415002217314
(46, 47) : 0.003350071134857946
(46, 90) : 0.004239471790654579
(46, 1) : 0.003746011820650117
(47, 46) : 0.003350071134857946
(47, 2) : 0.0035847893814956594
(47, 48) : 0.0036348400307667636
(48, 49) : 0.003015599344088107
(48, 47) : 0.0036348400307667636
(48, 3) : 0.003256408980477139
(49, 48) : 0.003015599344088107
(49, 4) : 0.0035376744168088164
(49, 50) : 0.003323814448699967
(50, 49) : 0.003323814448699967
(50, 5) : 0.003901685469914957
(50, 51) : 0.0035323192999818617
(51, 50) : 0.0035323192999818617
(51, 6) : 0.0042814177703872506
(51, 52) : 0.00412617575410198
(52, 51) : 0.00412617575410198
(52, 7) : 0.00379907057064445
(52, 53) : 0.003636905488276584
(53, 52) : 0.003636905488276584
(53, 8) : 0.0033243299281983437
(53, 54) : 0.0036306151648822786
(54, 53) : 0.0036306151648822786
(54, 9) : 0.003959116794177506
(54, 55) : 0.0029144532247718366
(55, 54) : 0.0029144532247718366
(55, 10) : 0.004156331514366258
(55, 56) : 0.004327490921515211
(56, 55) : 0.004327490921515211
(56, 11) : 0.0038412564411105074
(56, 57) : 0.003987829271626364
(57, 58) : 0.003438917311724522
(57, 56) : 0.003987829271626364
(57, 12) : 0.004384396921429362
(58, 57) : 0.003438917311724522
(58, 13) : 0.003964202781828541
(58, 59) : 0.0033041355967773633
(59, 14) : 0.003357068773501139
(59, 60) : 0.003501626744224293
(59, 58) : 0.0033041355967773633
(60, 59) : 0.003501626744224293
(60, 15) : 0.0038908316763769423
(60, 61) : 0.00363747492616164
(61, 16) : 0.004436156307339002
(61, 62) : 0.004164593622675829
(61, 60) : 0.00363747492616164
(62, 61) : 0.004164593622675829
(62, 17) : 0.0038369128578390355
(62, 63) : 0.004361514003508283
(63, 62) : 0.004361514003508283
(63, 18) : 0.003125659216629972
(63, 64) : 0.004042125442648285
(64, 63) : 0.004042125442648285
(64, 19) : 0.0027875232829918167
(64, 65) : 0.0031813639752684905
(65, 64) : 0.0031813639752684905
(65, 20) : 0.0031316960728988955
(65, 66) : 0.003598006188876682
(66, 67) : 0.0037358740221954327
(66, 65) : 0.003598006188876682
(66, 21) : 0.0043569868843853846
(67, 66) : 0.0037358740221954327
(67, 22) : 0.004275042414958663
(67, 68) : 0.0033755577160831576
(68, 69) : 0.0036530796388519896
(68, 67) : 0.0033755577160831576
(68, 23) : 0.0032671027128301296
(69, 68) : 0.0036530796388519896
(69, 24) : 0.003622308711860123
(69, 70) : 0.0033130545309753984
(70, 25) : 0.003716892700952062
(70, 71) : 0.0037649279076522506
(70, 69) : 0.0033130545309753984
(71, 70) : 0.0037649279076522506
(71, 26) : 0.0035292778075613766
(71, 72) : 0.00388951977148939
(72, 27) : 0.0038901733972623695
(72, 73) : 0.0034031852537466604
(72, 71) : 0.00388951977148939
(73, 72) : 0.0034031852537466604
(73, 28) : 0.0032767353813265574
(73, 74) : 0.0034793158897709828
(74, 73) : 0.0034793158897709828
(74, 29) : 0.0034182971605792993
(74, 75) : 0.003172435577004102
(75, 76) : 0.0038205732058290997
(75, 74) : 0.003172435577004102
(75, 30) : 0.0036271476034019177
(76, 75) : 0.0038205732058290997
(76, 31) : 0.003483155700117174
(76, 77) : 0.004010158586573899
(77, 76) : 0.004010158586573899
(77, 32) : 0.0041675701779894025
(77, 78) : 0.003849954408478246
(78, 77) : 0.003849954408478246
(78, 33) : 0.004004412342857968
(78, 79) : 0.0036978775796826305
(79, 34) : 0.0044484333845851536
(79, 80) : 0.0032160891492264143
(79, 78) : 0.0036978775796826305
(80, 79) : 0.0032160891492264143
(80, 35) : 0.004268211103594342
(80, 81) : 0.003067280295337869
(81, 82) : 0.0030384818198918844
(81, 80) : 0.003067280295337869
(81, 36) : 0.004020223018745694
(82, 81) : 0.0030384818198918844
(82, 37) : 0.004335680338867991
(82, 83) : 0.0037956711021263946
(83, 82) : 0.0037956711021263946
(83, 38) : 0.003883814825858716
(83, 84) : 0.0034559146948489874
(84, 83) : 0.0034559146948489874
(84, 39) : 0.0037126621223058996
(84, 85) : 0.0034465783902458426
(85, 84) : 0.0034465783902458426
(85, 40) : 0.0035729827627494874
(85, 86) : 0.0038541999287010653
(86, 85) : 0.0038541999287010653
(86, 41) : 0.003019665200760756
(86, 87) : 0.0035065765708810434
(87, 86) : 0.0035065765708810434
(87, 42) : 0.003286555448625684
(87, 88) : 0.003303875108420602
(88, 89) : 0.004219436725485898
(88, 87) : 0.003303875108420602
(88, 43) : 0.003924199375849713
(89, 88) : 0.004219436725485898
(89, 44) : 0.0038549396536974754
(89, 90) : 0.004037968885962892
(90, 46) : 0.004239471790654579
(90, 89) : 0.004037968885962891
(90, 45) : 0.003488965343941277
