(1, 45) : 0.0033833274853801686
(1, 46) : 0.003541381582502589
(1, 2) : 0.0032955092474861464
(2, 3) : 0.003608788714418048
(2, 1) : 0.0032955092474861464
(2, 47) : 0.0038171939037517848
(3, 2) : 0.003608788714418048
(3, 48) : 0.003240294276804735
(3, 4) : 0.004466152873206834
(4, 49) : 0.003794878896867828
(4, 5) : 0.003797255346508397
(4, 3) : 0.004466152873206834
(5, 4) : 0.003797255346508397
(5, 50) : 0.003967625165001907
(5, 6) : 0.004076876320962495
(6, 51) : 0.0030706304711374957
(6, 7) : 0.004100902711072365
(6, 5) : 0.004076876320962495
(7, 6) : 0.004100902711072365
(7, 52) : 0.003207697618505741
(7, 8) : 0.003047429833787411
(8, 7) : 0.003047429833787411
(8, 53) : 0.0034863730938424304
(8, 9) : 0.00351414934711796
(9, 10) : 0.0039845286193829705
(9, 8) : 0.00351414934711796
(9, 54) : 0.0038107360614857495
(10, 9) : 0.0039845286193829705
(10, 55) : 0.003553985400029756
(10, 11) : 0.004957181684492161
(11, 12) : 0.0038732674903617396
(11, 10) : 0.004957181684492161
(11, 56) : 0.0030477592206520944
(12, 11) : 0.0038732674903617396
(12, 57) : 0.0030934999841123927
(12, 13) : 0.004219829450047322
(13, 14) : 0.003963510897006577
(13, 12) : 0.004219829450047322
(13, 58) : 0.0037424457784139458
(14, 13) : 0.003963510897006577
(14, 59) : 0.004184846928511447
(14, 15) : 0.0036764912152090668
(15, 16) : 0.004099215532603062
(15, 14) : 0.0036764912152090668
(15, 60) : 0.004023789022997699
(16, 15) : 0.004099215532603062
(16, 61) : 0.0041155305302090425
(16, 17) : 0.004350677613980695
(17, 16) : 0.004350677613980695
(17, 62) : 0.003933324389573346
(17, 18) : 0.004730141639535646
(18, 17) : 0.004730141639535646
(18, 63) : 0.0039385477369994915
(18, 19) : 0.004733688422257931
(19, 18) : 0.004733688422257931
(19, 64) : 0.004116086516584677
(19, 20) : 0.004186009350451411
(20, 19) : 0.004186009350451411
(20, 65) : 0.0039919322325003585
(20, 21) : 0.0036933138500227602
(21, 20) : 0.0036933138500227602
(21, 66) : 0.0038734969571016693
(21, 22) : 0.003534942720955221
(22, 21) : 0.003534942720955221
(22, 67) : 0.003434875839279335
(22, 23) : 0.0034503682188319743
(23, 22) : 0.0034503682188319743
(23, 68) : 0.0029612763910684082
(23, 24) : 0.0038621336326299144
(24, 25) : 0.0038111304126145075
(24, 23) : 0.0038621336326299144
(24, 69) : 0.0033413994484436643
(25, 24) : 0.0038111304126145075
(25, 70) : 0.003991757346252605
(25, 26) : 0.004055983913200613
(26, 27) : 0.004476434721151908
(26, 25) : 0.004055983913200613
(26, 71) : 0.0041760725389857565
(27, 26) : 0.004476434721151908
(27, 72) : 0.0035398796701693607
(27, 28) : 0.004445419570954995
(28, 73) : 0.0030346794554418177
(28, 29) : 0.003354356895887012
(28, 27) : 0.004445419570954995
(29, 28) : 0.003354356895887012
(29, 74) : 0.0029450001469630647
(29, 30) : 0.004271268984023024
(30, 75) : 0.003353635126935454
(30, 31) : 0.0040937467923123135
(30, 29) : 0.004271268984023024
(31, 30) : 0.0040937467923123135
(31, 76) : 0.004255861506675244
(31, 32) : 0.004640088890200573
(32, 31) : 0.004640088890200573
(32, 77) : 0.003982897819598968
(32, 33) : 0.003488707744761166
(33, 34) : 0.0032644351085470446
(33, 32) : 0.003488707744761166
(33, 78) : 0.003087032577003968
(34, 33) : 0.0032644351085470446
(34, 79) : 0.003047696743836064
(34, 35) : 0.0030898447442239177
(35, 36) : 0.003259720910419635
(35, 34) : 0.0030898447442239177
(35, 80) : 0.003277970304823987
(36, 35) : 0.0032597209104196353
(36, 81) : 0.0034465512538247216
(36, 37) : 0.003083477770715548
(37, 82) : 0.003569911237367153
(37, 38) : 0.0038455238855852154
(37, 36) : 0.003083477770715548
(38, 37) : 0.0038455238855852154
(38, 83) : 0.003232530179501175
(38, 39) : 0.0038694413639391856
(39, 84) : 0.003413143748238435
(39, 40) : 0.0031003914375041623
(39, 38) : 0.0038694413639391856
(40, 39) : 0.0031003914375041623
(40, 85) : 0.0032328278356040276
(40, 41) : 0.00412783072015578
(41, 40) : 0.00412783072015578
(41, 86) : 0.002922115604607278
(41, 42) : 0.004010952207475414
(42, 43) : 0.0038633894940145927
(42, 41) : 0.004010952207475414
(42, 87) : 0.002822639572293068
(43, 42) : 0.0038633894940145927
(43, 88) : 0.0028480155672257162
(43, 44) : 0.0037541841489674922
(44, 45) : 0.0033494561644749924
(44, 43) : 0.0037541841489674922
(44, 89) : 0.003482315257576974
(45, 44) : 0.0033494561644749924
(45, 90) : 0.003450275147870714
(45, 1) : 0.0033833274853801686
(46, 47) : 0.003353778677438563
(46, 90) : 0.0032201940746661157
(46, 1) : 0.003541381582502589
(47, 46) : 0.003353778677438563
(47, 2) : 0.0038171939037517848
(47, 48) : 0.003916445596943774
(48, 49) : 0.004210862909459145
(48, 47) : 0.003916445596943774
(48, 3) : 0.003240294276804735
(49, 48) : 0.004210862909459145
(49, 4) : 0.003794878896867828
(49, 50) : 0.003580899934345535
(50, 49) : 0.003580899934345535
(50, 5) : 0.003967625165001907
(50, 51) : 0.003930757587385109
(51, 50) : 0.003930757587385109
(51, 6) : 0.0030706304711374957
(51, 52) : 0.003880318908322065
(52, 51) : 0.003880318908322065
(52, 7) : 0.003207697618505741
(52, 53) : 0.003621723994735079
(53, 52) : 0.003621723994735079
(53, 8) : 0.0034863730938424304
(53, 54) : 0.0032901107356923666
(54, 53) : 0.0032901107356923666
(54, 9) : 0.0038107360614857495
(54, 55) : 0.0042917843539891165
(55, 54) : 0.0042917843539891165
(55, 10) : 0.003553985400029756
(55, 56) : 0.004327139689714262
(56, 55) : 0.004327139689714262
(56, 11) : 0.0030477592206520944
(56, 57) : 0.0037014112305707968
(57, 58) : 0.004162769249035969
(57, 56) : 0.0037014112305707968
(57, 12) : 0.0030934999841123927
(58, 57) : 0.004162769249035969
(58, 13) : 0.0037424457784139458
(58, 59) : 0.003329280787045829
(59, 14) : 0.004184846928511447
(59, 60) : 0.003751374347916468
(59, 58) : 0.003329280787045829
(60, 59) : 0.003751374347916468
(60, 15) : 0.004023789022997698
(60, 61) : 0.0032182658919219687
(61, 16) : 0.0041155305302090425
(61, 62) : 0.004101714081743478
(61, 60) : 0.0032182658919219687
(62, 61) : 0.004101714081743478
(62, 17) : 0.003933324389573346
(62, 63) : 0.004252637367767117
(63, 62) : 0.004252637367767117
(63, 18) : 0.0039385477369994915
(63, 64) : 0.004115044040049157
(64, 63) : 0.004115044040049157
(64, 19) : 0.004116086516584677
(64, 65) : 0.003856177785422942
(65, 64) : 0.003856177785422942
(65, 20) : 0.0039919322325003585
(65, 66) : 0.003695101039272615
(66, 67) : 0.003461438277372665
(66, 65) : 0.003695101039272615
(66, 21) : 0.0038734969571016693
(67, 66) : 0.003461438277372665
(67, 22) : 0.003434875839279335
(67, 68) : 0.0040247607126526275
(68, 69) : 0.003584559575493275
(68, 67) : 0.004024760712652627
(68, 23) : 0.0029612763910684082
(69, 68) : 0.003584559575493275
(69, 24) : 0.0033413994484436643
(69, 70) : 0.003086856971817895
(70, 25) : 0.003991757346252605
(70, 71) : 0.0034746523723155655
(70, 69) : 0.003086856971817895
(71, 70) : 0.0034746523723155655
(71, 26) : 0.0041760725389857565
(71, 72) : 0.003776859175499456
(72, 27) : 0.0035398796701693607
(72, 73) : 0.003799684313107704
(72, 71) : 0.003776859175499456
(73, 72) : 0.003799684313107704
(73, 28) : 0.0030346794554418177
(73, 74) : 0.00369442486091363
(74, 73) : 0.00369442486091363
(74, 29) : 0.0029450001469630647
(74, 75) : 0.003324262722828939
(75, 76) : 0.0044318255543625
(75, 74) : 0.003324262722828939
(75, 30) : 0.003353635126935454
(76, 75) : 0.0044318255543625
(76, 31) : 0.004255861506675243
(76, 77) : 0.004260199831449621
(77, 76) : 0.004260199831449621
(77, 32) : 0.003982897819598968
(77, 78) : 0.0037543469845080623
(78, 77) : 0.0037543469845080623
(78, 33) : 0.003087032577003968
(78, 79) : 0.0037940057769380686
(79, 34) : 0.003047696743836064
(79, 80) : 0.0035268530267684576
(79, 78) : 0.0037940057769380686
(80, 79) : 0.0035268530267684576
(80, 35) : 0.003277970304823987
(80, 81) : 0.003225282058166985
(81, 82) : 0.0038936037110466285
(81, 80) : 0.003225282058166985
(81, 36) : 0.0034465512538247216
(82, 81) : 0.0038936037110466285
(82, 37) : 0.003569911237367153
(82, 83) : 0.0038437694409488637
(83, 82) : 0.0038437694409488637
(83, 38) : 0.003232530179501175
(83, 84) : 0.0036510929413792934
(84, 83) : 0.0036510929413792934
(84, 39) : 0.003413143748238435
(84, 85) : 0.0032531660104169633
(85, 84) : 0.0032531660104169633
(85, 40) : 0.0032328278356040276
(85, 86) : 0.0034287736122825736
(86, 85) : 0.0034287736122825736
(86, 41) : 0.002922115604607278
(86, 87) : 0.0038869137790197585
(87, 86) : 0.0038869137790197585
(87, 42) : 0.002822639572293068
(87, 88) : 0.003850384565122719
(88, 89) : 0.0035066589914708
(88, 87) : 0.003850384565122719
(88, 43) : 0.0028480155672257162
(89, 88) : 0.0035066589914708
(89, 44) : 0.003482315257576974
(89, 90) : 0.003393938264668872
(90, 46) : 0.0032201940746661157
(90, 89) : 0.003393938264668872
(90, 45) : 0.003450275147870714
