(1, 45) : 0.0029069321187268527
(1, 46) : 0.003738967381918131
(1, 2) : 0.003246170523246759
(2, 3) : 0.0037409415054511213
(2, 1) : 0.003246170523246759
(2, 47) : 0.003818945453505426
(3, 2) : 0.0037409415054511213
(3, 48) : 0.004143075624958895
(3, 4) : 0.0036219115930157995
(4, 49) : 0.0041065518996675696
(4, 5) : 0.0032203123327060935
(4, 3) : 0.0036219115930157995
(5, 4) : 0.0032203123327060935
(5, 50) : 0.0034536315033053006
(5, 6) : 0.0034110906265093694
(6, 51) : 0.0030318637981806484
(6, 7) : 0.00313449223651262
(6, 5) : 0.0034110906265093694
(7, 6) : 0.00313449223651262
(7, 52) : 0.0028365371792576652
(7, 8) : 0.0032039878538140734
(8, 7) : 0.0032039878538140734
(8, 53) : 0.0036277435393898103
(8, 9) : 0.0031324836129426755
(9, 10) : 0.0037238459623415866
(9, 8) : 0.0031324836129426755
(9, 54) : 0.0038622557866181497
(10, 9) : 0.0037238459623415866
(10, 55) : 0.003337551254812779
(10, 11) : 0.0033309352140743946
(11, 12) : 0.003788199944349077
(11, 10) : 0.0033309352140743946
(11, 56) : 0.0033603801807016434
(12, 11) : 0.003788199944349077
(12, 57) : 0.0032533772714931214
(12, 13) : 0.004434464992126352
(13, 14) : 0.0036872795904556326
(13, 12) : 0.004434464992126352
(13, 58) : 0.003914414166742973
(14, 13) : 0.0036872795904556326
(14, 59) : 0.004475497090461304
(14, 15) : 0.004104528571754349
(15, 16) : 0.004673031524784704
(15, 14) : 0.004104528571754349
(15, 60) : 0.004134620257138915
(16, 15) : 0.004673031524784704
(16, 61) : 0.004017176429788715
(16, 17) : 0.0036302138725050155
(17, 16) : 0.0036302138725050155
(17, 62) : 0.0039229886878783815
(17, 18) : 0.0036192857109592076
(18, 17) : 0.0036192857109592076
(18, 63) : 0.0032511657688650067
(18, 19) : 0.003669718111838221
(19, 18) : 0.003669718111838221
(19, 64) : 0.0031643521721870936
(19, 20) : 0.004226122278977827
(20, 19) : 0.004226122278977827
(20, 65) : 0.0038920771099867422
(20, 21) : 0.0026470075097362084
(21, 20) : 0.0026470075097362084
(21, 66) : 0.0037753916512969624
(21, 22) : 0.003881618765555168
(22, 21) : 0.003881618765555168
(22, 67) : 0.0038549622650471383
(22, 23) : 0.00303076211454767
(23, 22) : 0.00303076211454767
(23, 68) : 0.004449327302176493
(23, 24) : 0.003512148368771999
(24, 25) : 0.004704441785381028
(24, 23) : 0.003512148368772
(24, 69) : 0.003848285052087339
(25, 24) : 0.004704441785381028
(25, 70) : 0.003651116029136324
(25, 26) : 0.0038155527530991345
(26, 27) : 0.00443993052346076
(26, 25) : 0.0038155527530991345
(26, 71) : 0.004241502467637361
(27, 26) : 0.00443993052346076
(27, 72) : 0.0038108650434100348
(27, 28) : 0.003688844227587994
(28, 73) : 0.0028501570208106113
(28, 29) : 0.004019997564411129
(28, 27) : 0.003688844227587994
(29, 28) : 0.004019997564411129
(29, 74) : 0.0028952500251347435
(29, 30) : 0.0038952009636723135
(30, 75) : 0.0036256568657688872
(30, 31) : 0.00349576135325926
(30, 29) : 0.0038952009636723135
(31, 30) : 0.00349576135325926
(31, 76) : 0.00392294720584711
(31, 32) : 0.0039560795685283055
(32, 31) : 0.0039560795685283055
(32, 77) : 0.003685274030769186
(32, 33) : 0.0033490730546398275
(33, 34) : 0.004429461756243064
(33, 32) : 0.0033490730546398275
(33, 78) : 0.003939185144238617
(34, 33) : 0.004429461756243064
(34, 79) : 0.0045971510259022776
(34, 35) : 0.004344589776542601
(35, 36) : 0.0047478668682047745
(35, 34) : 0.004344589776542601
(35, 80) : 0.004154963085198941
(36, 35) : 0.0047478668682047745
(36, 81) : 0.004046039049141728
(36, 37) : 0.0035910365070424607
(37, 82) : 0.004020379423219663
(37, 38) : 0.00352206519201969
(37, 36) : 0.0035910365070424607
(38, 37) : 0.00352206519201969
(38, 83) : 0.003702151215980406
(38, 39) : 0.004458160645825813
(39, 84) : 0.004141195926864089
(39, 40) : 0.003593516332037618
(39, 38) : 0.004458160645825813
(40, 39) : 0.003593516332037618
(40, 85) : 0.004100257373130893
(40, 41) : 0.0040864760910829774
(41, 40) : 0.0040864760910829774
(41, 86) : 0.003955457423378377
(41, 42) : 0.0034708965100614724
(42, 43) : 0.0037672786455512914
(42, 41) : 0.0034708965100614724
(42, 87) : 0.0033758971344572436
(43, 42) : 0.0037672786455512914
(43, 88) : 0.002688306193622248
(43, 44) : 0.0030177753060445706
(44, 45) : 0.0026417082398502954
(44, 43) : 0.0030177753060445706
(44, 89) : 0.002669594214027961
(45, 44) : 0.0026417082398502954
(45, 90) : 0.003269462086746511
(45, 1) : 0.0029069321187268527
(46, 47) : 0.004386412625136176
(46, 90) : 0.0032708412396041126
(46, 1) : 0.003738967381918131
(47, 46) : 0.004386412625136176
(47, 2) : 0.003818945453505426
(47, 48) : 0.00415721959461761
(48, 49) : 0.0038699712219486147
(48, 47) : 0.00415721959461761
(48, 3) : 0.004143075624958895
(49, 48) : 0.0038699712219486147
(49, 4) : 0.0041065518996675696
(49, 50) : 0.0037287789854432937
(50, 49) : 0.0037287789854432937
(50, 5) : 0.0034536315033053006
(50, 51) : 0.003200423305903218
(51, 50) : 0.003200423305903218
(51, 6) : 0.0030318637981806484
(51, 52) : 0.003323919640912134
(52, 51) : 0.003323919640912134
(52, 7) : 0.002836537179257665
(52, 53) : 0.0034164365012452833
(53, 52) : 0.0034164365012452833
(53, 8) : 0.0036277435393898103
(53, 54) : 0.002785811996463049
(54, 53) : 0.002785811996463049
(54, 9) : 0.0038622557866181497
(54, 55) : 0.0038545449180434625
(55, 54) : 0.0038545449180434625
(55, 10) : 0.003337551254812779
(55, 56) : 0.002733387103219972
(56, 55) : 0.002733387103219972
(56, 11) : 0.0033603801807016434
(56, 57) : 0.003691434482923295
(57, 58) : 0.004233930468211089
(57, 56) : 0.003691434482923295
(57, 12) : 0.0032533772714931214
(58, 57) : 0.004233930468211089
(58, 13) : 0.003914414166742973
(58, 59) : 0.0035334029870240633
(59, 14) : 0.0044754970904613035
(59, 60) : 0.00404476204101664
(59, 58) : 0.0035334029870240633
(60, 59) : 0.00404476204101664
(60, 15) : 0.004134620257138915
(60, 61) : 0.0039026080844813387
(61, 16) : 0.004017176429788715
(61, 62) : 0.003282313955163688
(61, 60) : 0.0039026080844813387
(62, 61) : 0.003282313955163688
(62, 17) : 0.0039229886878783815
(62, 63) : 0.0030922161743685427
(63, 62) : 0.0030922161743685427
(63, 18) : 0.0032511657688650067
(63, 64) : 0.0040862712981905155
(64, 63) : 0.0040862712981905155
(64, 19) : 0.0031643521721870936
(64, 65) : 0.00327641169941285
(65, 64) : 0.00327641169941285
(65, 20) : 0.0038920771099867422
(65, 66) : 0.0035465053200887066
(66, 67) : 0.0029999536719064585
(66, 65) : 0.0035465053200887066
(66, 21) : 0.0037753916512969624
(67, 66) : 0.0029999536719064585
(67, 22) : 0.0038549622650471383
(67, 68) : 0.0033591206997429413
(68, 69) : 0.0037739302661443414
(68, 67) : 0.0033591206997429413
(68, 23) : 0.004449327302176493
(69, 68) : 0.0037739302661443414
(69, 24) : 0.003848285052087339
(69, 70) : 0.003710201197720211
(70, 25) : 0.003651116029136324
(70, 71) : 0.003946042559314781
(70, 69) : 0.003710201197720211
(71, 70) : 0.003946042559314781
(71, 26) : 0.004241502467637361
(71, 72) : 0.003316099797325276
(72, 27) : 0.0038108650434100348
(72, 73) : 0.0035165910034964843
(72, 71) : 0.003316099797325276
(73, 72) : 0.0035165910034964843
(73, 28) : 0.0028501570208106113
(73, 74) : 0.003334129339153896
(74, 73) : 0.003334129339153896
(74, 29) : 0.002895250025134744
(74, 75) : 0.004130962545188025
(75, 76) : 0.003835961191352283
(75, 74) : 0.004130962545188025
(75, 30) : 0.0036256568657688872
(76, 75) : 0.003835961191352283
(76, 31) : 0.00392294720584711
(76, 77) : 0.003830744228441131
(77, 76) : 0.003830744228441131
(77, 32) : 0.003685274030769186
(77, 78) : 0.004687335044775852
(78, 77) : 0.004687335044775852
(78, 33) : 0.003939185144238617
(78, 79) : 0.003949798138574852
(79, 34) : 0.0045971510259022776
(79, 80) : 0.004648795809458385
(79, 78) : 0.003949798138574852
(80, 79) : 0.004648795809458385
(80, 35) : 0.004154963085198941
(80, 81) : 0.004869815713313366
(81, 82) : 0.003737710093390581
(81, 80) : 0.004869815713313366
(81, 36) : 0.004046039049141728
(82, 81) : 0.003737710093390581
(82, 37) : 0.004020379423219663
(82, 83) : 0.004396584185853469
(83, 82) : 0.00439658418585347
(83, 38) : 0.003702151215980406
(83, 84) : 0.0040826706250793425
(84, 83) : 0.0040826706250793425
(84, 39) : 0.004141195926864089
(84, 85) : 0.004070627397387642
(85, 84) : 0.004070627397387642
(85, 40) : 0.004100257373130893
(85, 86) : 0.0033357066264513143
(86, 85) : 0.0033357066264513143
(86, 41) : 0.003955457423378377
(86, 87) : 0.0035298949225199567
(87, 86) : 0.0035298949225199567
(87, 42) : 0.0033758971344572436
(87, 88) : 0.003685487911188943
(88, 89) : 0.0033654317950780077
(88, 87) : 0.003685487911188943
(88, 43) : 0.002688306193622248
(89, 88) : 0.0033654317950780077
(89, 44) : 0.002669594214027961
(89, 90) : 0.0032416561815859957
(90, 46) : 0.0032708412396041126
(90, 89) : 0.0032416561815859957
(90, 45) : 0.003269462086746511
