(1, 45) : 0.004028649482732326
(1, 46) : 0.0037624498504769117
(1, 2) : 0.003325171233402957
(2, 3) : 0.004099490208267337
(2, 1) : 0.003325171233402957
(2, 47) : 0.003881624130021457
(3, 2) : 0.004099490208267337
(3, 48) : 0.0035720831424261757
(3, 4) : 0.004191126202080477
(4, 49) : 0.0037319115461515815
(4, 5) : 0.0039679334402855275
(4, 3) : 0.004191126202080477
(5, 4) : 0.0039679334402855275
(5, 50) : 0.0035677930049482233
(5, 6) : 0.0034095684924099726
(6, 51) : 0.0034412473358645637
(6, 7) : 0.0032500750984561324
(6, 5) : 0.0034095684924099726
(7, 6) : 0.0032500750984561324
(7, 52) : 0.0033663419351922163
(7, 8) : 0.0028160862795945586
(8, 7) : 0.0028160862795945586
(8, 53) : 0.0030982445421052197
(8, 9) : 0.0033630270099496208
(9, 10) : 0.0037437328411295255
(9, 8) : 0.0033630270099496208
(9, 54) : 0.003960417734136262
(10, 9) : 0.003743732841129526
(10, 55) : 0.00409665710538199
(10, 11) : 0.00418951386753012
(11, 12) : 0.004496382498909453
(11, 10) : 0.00418951386753012
(11, 56) : 0.0034102767923276283
(12, 11) : 0.004496382498909453
(12, 57) : 0.003870543923612014
(12, 13) : 0.004708454546997963
(13, 14) : 0.0037115447624043395
(13, 12) : 0.004708454546997963
(13, 58) : 0.0038635942761532397
(14, 13) : 0.0037115447624043395
(14, 59) : 0.0031105188099617796
(14, 15) : 0.002883779049116058
(15, 16) : 0.0026086166363383997
(15, 14) : 0.002883779049116058
(15, 60) : 0.0027013196373385623
(16, 15) : 0.0026086166363383997
(16, 61) : 0.002665288333281546
(16, 17) : 0.0028088805512820874
(17, 16) : 0.0028088805512820874
(17, 62) : 0.00325956634950213
(17, 18) : 0.003324202943432495
(18, 17) : 0.003324202943432495
(18, 63) : 0.0038791144781515183
(18, 19) : 0.0033067103082307717
(19, 18) : 0.0033067103082307717
(19, 64) : 0.0034793688332180783
(19, 20) : 0.004321597907215552
(20, 19) : 0.004321597907215552
(20, 65) : 0.0036999556717224324
(20, 21) : 0.0033695806346074743
(21, 20) : 0.0033695806346074743
(21, 66) : 0.0044225972426655625
(21, 22) : 0.00413067021011731
(22, 21) : 0.00413067021011731
(22, 67) : 0.004179944028811269
(22, 23) : 0.0035235853923594107
(23, 22) : 0.0035235853923594107
(23, 68) : 0.0037024479070662327
(23, 24) : 0.003976466234593607
(24, 25) : 0.004278450727140192
(24, 23) : 0.003976466234593607
(24, 69) : 0.004240781284189194
(25, 24) : 0.004278450727140193
(25, 70) : 0.004517935306009305
(25, 26) : 0.004017209293704539
(26, 27) : 0.00435406572058447
(26, 25) : 0.004017209293704539
(26, 71) : 0.0034306877282523395
(27, 26) : 0.00435406572058447
(27, 72) : 0.003211859837107568
(27, 28) : 0.003444831432215581
(28, 73) : 0.0033834194999189156
(28, 29) : 0.003941128882996043
(28, 27) : 0.003444831432215581
(29, 28) : 0.003941128882996043
(29, 74) : 0.003025182293225015
(29, 30) : 0.003750819291575465
(30, 75) : 0.0027587907763893366
(30, 31) : 0.0035505052887398205
(30, 29) : 0.003750819291575465
(31, 30) : 0.0035505052887398205
(31, 76) : 0.002683316445341966
(31, 32) : 0.0031534885669569275
(32, 31) : 0.0031534885669569275
(32, 77) : 0.0029314502516028847
(32, 33) : 0.003784679455903903
(33, 34) : 0.0040745671410487416
(33, 32) : 0.003784679455903903
(33, 78) : 0.004151474539685355
(34, 33) : 0.0040745671410487416
(34, 79) : 0.004404615896124767
(34, 35) : 0.004161155300407428
(35, 36) : 0.003939007351546441
(35, 34) : 0.004161155300407428
(35, 80) : 0.0030723049756542654
(36, 35) : 0.003939007351546441
(36, 81) : 0.0030452396277308776
(36, 37) : 0.0036147579104552855
(37, 82) : 0.0038586813999964597
(37, 38) : 0.0033242971972459287
(37, 36) : 0.0036147579104552855
(38, 37) : 0.0033242971972459287
(38, 83) : 0.0036602662280228408
(38, 39) : 0.0033851412929117343
(39, 84) : 0.003548338700386196
(39, 40) : 0.004430722563775841
(39, 38) : 0.0033851412929117347
(40, 39) : 0.004430722563775841
(40, 85) : 0.004353797934416424
(40, 41) : 0.0031407693621533957
(41, 40) : 0.0031407693621533957
(41, 86) : 0.004320047677928003
(41, 42) : 0.004285631322556808
(42, 43) : 0.003925391663363296
(42, 41) : 0.004285631322556808
(42, 87) : 0.004018529387929283
(43, 42) : 0.003925391663363296
(43, 88) : 0.00391656444530478
(43, 44) : 0.0043371009577838565
(44, 45) : 0.0032408433746008917
(44, 43) : 0.0043371009577838565
(44, 89) : 0.003625208336666675
(45, 44) : 0.0032408433746008917
(45, 90) : 0.003323411217616847
(45, 1) : 0.004028649482732326
(46, 47) : 0.003409254590661774
(46, 90) : 0.0038119165782946164
(46, 1) : 0.0037624498504769117
(47, 46) : 0.003409254590661774
(47, 2) : 0.003881624130021457
(47, 48) : 0.0036137405777630508
(48, 49) : 0.004464555227971637
(48, 47) : 0.0036137405777630508
(48, 3) : 0.0035720831424261757
(49, 48) : 0.004464555227971637
(49, 4) : 0.0037319115461515815
(49, 50) : 0.003673224387956215
(50, 49) : 0.0036732243879562146
(50, 5) : 0.0035677930049482233
(50, 51) : 0.004283729061884706
(51, 50) : 0.004283729061884706
(51, 6) : 0.0034412473358645637
(51, 52) : 0.003598259052293713
(52, 51) : 0.003598259052293713
(52, 7) : 0.0033663419351922163
(52, 53) : 0.002911147565637536
(53, 52) : 0.002911147565637536
(53, 8) : 0.0030982445421052192
(53, 54) : 0.003938307699140779
(54, 53) : 0.003938307699140779
(54, 9) : 0.003960417734136262
(54, 55) : 0.003312377845126425
(55, 54) : 0.003312377845126425
(55, 10) : 0.00409665710538199
(55, 56) : 0.003930075151351534
(56, 55) : 0.003930075151351534
(56, 11) : 0.0034102767923276283
(56, 57) : 0.0039086604543935085
(57, 58) : 0.004703309360006595
(57, 56) : 0.0039086604543935085
(57, 12) : 0.003870543923612014
(58, 57) : 0.004703309360006595
(58, 13) : 0.0038635942761532397
(58, 59) : 0.0033776156026898143
(59, 14) : 0.0031105188099617796
(59, 60) : 0.0030133187358287418
(59, 58) : 0.0033776156026898143
(60, 59) : 0.0030133187358287418
(60, 15) : 0.0027013196373385623
(60, 61) : 0.0025722393531559793
(61, 16) : 0.002665288333281546
(61, 62) : 0.0033332290277131678
(61, 60) : 0.0025722393531559793
(62, 61) : 0.0033332290277131678
(62, 17) : 0.00325956634950213
(62, 63) : 0.003341071738493074
(63, 62) : 0.003341071738493074
(63, 18) : 0.0038791144781515183
(63, 64) : 0.004504166013002975
(64, 63) : 0.004504166013002975
(64, 19) : 0.0034793688332180783
(64, 65) : 0.004264925019324111
(65, 64) : 0.004264925019324111
(65, 20) : 0.0036999556717224324
(65, 66) : 0.005089082191957496
(66, 67) : 0.004064087514469242
(66, 65) : 0.005089082191957496
(66, 21) : 0.0044225972426655625
(67, 66) : 0.004064087514469242
(67, 22) : 0.004179944028811269
(67, 68) : 0.004839185182942275
(68, 69) : 0.004092473304383174
(68, 67) : 0.004839185182942275
(68, 23) : 0.0037024479070662327
(69, 68) : 0.004092473304383174
(69, 24) : 0.004240781284189194
(69, 70) : 0.004513821044478605
(70, 25) : 0.004517935306009305
(70, 71) : 0.003982569557574186
(70, 69) : 0.004513821044478604
(71, 70) : 0.003982569557574186
(71, 26) : 0.0034306877282523395
(71, 72) : 0.004393835630368984
(72, 27) : 0.003211859837107568
(72, 73) : 0.003656530837192243
(72, 71) : 0.004393835630368984
(73, 72) : 0.003656530837192243
(73, 28) : 0.0033834194999189156
(73, 74) : 0.0036967223538685486
(74, 73) : 0.0036967223538685486
(74, 29) : 0.003025182293225015
(74, 75) : 0.004038961630811564
(75, 76) : 0.0031611950359089315
(75, 74) : 0.004038961630811564
(75, 30) : 0.0027587907763893366
(76, 75) : 0.0031611950359089315
(76, 31) : 0.002683316445341966
(76, 77) : 0.0030252481631648656
(77, 76) : 0.0030252481631648656
(77, 32) : 0.0029314502516028847
(77, 78) : 0.0032966213387274246
(78, 77) : 0.0032966213387274246
(78, 33) : 0.004151474539685355
(78, 79) : 0.0034176137432448167
(79, 34) : 0.004404615896124767
(79, 80) : 0.003784697744779909
(79, 78) : 0.0034176137432448167
(80, 79) : 0.003784697744779909
(80, 35) : 0.0030723049756542654
(80, 81) : 0.0028911615830565975
(81, 82) : 0.0031930961795236354
(81, 80) : 0.0028911615830565975
(81, 36) : 0.0030452396277308776
(82, 81) : 0.0031930961795236354
(82, 37) : 0.0038586813999964597
(82, 83) : 0.0025803667235221187
(83, 82) : 0.0025803667235221187
(83, 38) : 0.0036602662280228408
(83, 84) : 0.0037808165586645658
(84, 83) : 0.0037808165586645658
(84, 39) : 0.003548338700386196
(84, 85) : 0.003802528400658883
(85, 84) : 0.003802528400658883
(85, 40) : 0.004353797934416425
(85, 86) : 0.004779581371619708
(86, 85) : 0.004779581371619708
(86, 41) : 0.004320047677928002
(86, 87) : 0.0034277519497335376
(87, 86) : 0.0034277519497335376
(87, 42) : 0.004018529387929283
(87, 88) : 0.004996293721312792
(88, 89) : 0.0038416705473268277
(88, 87) : 0.004996293721312792
(88, 43) : 0.003916564445304781
(89, 88) : 0.0038416705473268277
(89, 44) : 0.003625208336666675
(89, 90) : 0.0037943443188931726
(90, 46) : 0.0038119165782946164
(90, 89) : 0.0037943443188931726
(90, 45) : 0.003323411217616847
