(1, 45) : 0.0032819972666553263
(1, 46) : 0.0037965344510424645
(1, 2) : 0.003629109139252989
(2, 3) : 0.003294238125683632
(2, 1) : 0.003629109139252989
(2, 47) : 0.0038457414966768344
(3, 2) : 0.003294238125683632
(3, 48) : 0.003355715064807924
(3, 4) : 0.0032399391909819233
(4, 49) : 0.002976071575481189
(4, 5) : 0.003299248724752335
(4, 3) : 0.0032399391909819233
(5, 4) : 0.003299248724752335
(5, 50) : 0.00302804347309884
(5, 6) : 0.0042334665770972875
(6, 51) : 0.003559984425674881
(6, 7) : 0.004081067662702489
(6, 5) : 0.0042334665770972875
(7, 6) : 0.004081067662702489
(7, 52) : 0.004056677625655138
(7, 8) : 0.003680324114478116
(8, 7) : 0.003680324114478116
(8, 53) : 0.0038799212510870745
(8, 9) : 0.0040732316122850856
(9, 10) : 0.0036313205489637767
(9, 8) : 0.0040732316122850856
(9, 54) : 0.003349844192815723
(10, 9) : 0.0036313205489637767
(10, 55) : 0.0029149125013395558
(10, 11) : 0.0036231450976534994
(11, 12) : 0.003579495033816719
(11, 10) : 0.0036231450976534994
(11, 56) : 0.0028815762636810274
(12, 11) : 0.003579495033816719
(12, 57) : 0.003121172044468445
(12, 13) : 0.0030671364097303033
(13, 14) : 0.003657989895373322
(13, 12) : 0.0030671364097303033
(13, 58) : 0.0037909110024196366
(14, 13) : 0.003657989895373322
(14, 59) : 0.004240032677451347
(14, 15) : 0.004595920801754886
(15, 16) : 0.0037218075458256114
(15, 14) : 0.004595920801754886
(15, 60) : 0.004288645877492939
(16, 15) : 0.0037218075458256114
(16, 61) : 0.0039781456972061355
(16, 17) : 0.003907265343636905
(17, 16) : 0.003907265343636905
(17, 62) : 0.003490521018245485
(17, 18) : 0.004128593212358114
(18, 17) : 0.004128593212358114
(18, 63) : 0.003433870242904818
(18, 19) : 0.00367845933155368
(19, 18) : 0.00367845933155368
(19, 64) : 0.0033875079405491053
(19, 20) : 0.0037420686597588477
(20, 19) : 0.0037420686597588477
(20, 65) : 0.003398763394138723
(20, 21) : 0.00393008142543043
(21, 20) : 0.00393008142543043
(21, 66) : 0.003687601821422617
(21, 22) : 0.0036141235589268617
(22, 21) : 0.0036141235589268617
(22, 67) : 0.003464955791956387
(22, 23) : 0.0036834909991664173
(23, 22) : 0.0036834909991664173
(23, 68) : 0.0031591021338945673
(23, 24) : 0.003780696232486525
(24, 25) : 0.0031352139025518574
(24, 23) : 0.003780696232486525
(24, 69) : 0.004153599770495489
(25, 24) : 0.0031352139025518574
(25, 70) : 0.004098494198843934
(25, 26) : 0.0036899104604261033
(26, 27) : 0.0034488311925785775
(26, 25) : 0.0036899104604261033
(26, 71) : 0.0033941948494246865
(27, 26) : 0.0034488311925785775
(27, 72) : 0.003903643403828033
(27, 28) : 0.0048641989535130525
(28, 73) : 0.004256892901681426
(28, 29) : 0.004266437154707546
(28, 27) : 0.0048641989535130525
(29, 28) : 0.004266437154707546
(29, 74) : 0.004392204711546916
(29, 30) : 0.0038934142186468515
(30, 75) : 0.0043959290996634605
(30, 31) : 0.00375453856542995
(30, 29) : 0.0038934142186468515
(31, 30) : 0.00375453856542995
(31, 76) : 0.004417611164805153
(31, 32) : 0.004002667097584933
(32, 31) : 0.004002667097584933
(32, 77) : 0.00396935895203094
(32, 33) : 0.0032125844734003993
(33, 34) : 0.0037045009549621652
(33, 32) : 0.0032125844734003993
(33, 78) : 0.0035872835047895124
(34, 33) : 0.0037045009549621652
(34, 79) : 0.00407291026582245
(34, 35) : 0.003277352496472665
(35, 36) : 0.004413332771894551
(35, 34) : 0.003277352496472665
(35, 80) : 0.0035437268196745315
(36, 35) : 0.004413332771894551
(36, 81) : 0.0037312479013094837
(36, 37) : 0.003948778605286891
(37, 82) : 0.004831293066504947
(37, 38) : 0.0031681906008885143
(37, 36) : 0.003948778605286891
(38, 37) : 0.0031681906008885143
(38, 83) : 0.004005843982333091
(38, 39) : 0.003703747089494256
(39, 84) : 0.00294609576509007
(39, 40) : 0.003878351001217864
(39, 38) : 0.003703747089494256
(40, 39) : 0.003878351001217864
(40, 85) : 0.0027938612069960695
(40, 41) : 0.0037951142365719045
(41, 40) : 0.0037951142365719045
(41, 86) : 0.003047426827981913
(41, 42) : 0.004258412706636729
(42, 43) : 0.003747197549529353
(42, 41) : 0.004258412706636729
(42, 87) : 0.003230082198553013
(43, 42) : 0.003747197549529353
(43, 88) : 0.003243560320336004
(43, 44) : 0.004029988546389165
(44, 45) : 0.0036595072403287758
(44, 43) : 0.004029988546389165
(44, 89) : 0.0028021383000043022
(45, 44) : 0.0036595072403287758
(45, 90) : 0.0030746264601869077
(45, 1) : 0.0032819972666553263
(46, 47) : 0.003714206853096297
(46, 90) : 0.003066028701555806
(46, 1) : 0.003796534451042465
(47, 46) : 0.0037142068530962974
(47, 2) : 0.0038457414966768344
(47, 48) : 0.003323297366838362
(48, 49) : 0.003787937286894515
(48, 47) : 0.003323297366838362
(48, 3) : 0.003355715064807924
(49, 48) : 0.003787937286894515
(49, 4) : 0.002976071575481189
(49, 50) : 0.003613656286440089
(50, 49) : 0.003613656286440089
(50, 5) : 0.00302804347309884
(50, 51) : 0.003699256622315128
(51, 50) : 0.003699256622315128
(51, 6) : 0.003559984425674881
(51, 52) : 0.0035305305769971953
(52, 51) : 0.0035305305769971953
(52, 7) : 0.004056677625655138
(52, 53) : 0.0029169751327538756
(53, 52) : 0.0029169751327538756
(53, 8) : 0.0038799212510870745
(53, 54) : 0.003146909246863891
(54, 53) : 0.003146909246863891
(54, 9) : 0.003349844192815723
(54, 55) : 0.003787253384311745
(55, 54) : 0.003787253384311745
(55, 10) : 0.0029149125013395558
(55, 56) : 0.0036807526084263404
(56, 55) : 0.0036807526084263404
(56, 11) : 0.0028815762636810274
(56, 57) : 0.003434731036846471
(57, 58) : 0.004116572466852599
(57, 56) : 0.003434731036846471
(57, 12) : 0.003121172044468445
(58, 57) : 0.004116572466852599
(58, 13) : 0.003790911002419637
(58, 59) : 0.003893106138585985
(59, 14) : 0.004240032677451346
(59, 60) : 0.004855384066612157
(59, 58) : 0.003893106138585985
(60, 59) : 0.004855384066612157
(60, 15) : 0.004288645877492939
(60, 61) : 0.004488066940800729
(61, 16) : 0.0039781456972061355
(61, 62) : 0.0038744277218281365
(61, 60) : 0.004488066940800729
(62, 61) : 0.0038744277218281365
(62, 17) : 0.003490521018245485
(62, 63) : 0.0038260680025477035
(63, 62) : 0.0038260680025477035
(63, 18) : 0.003433870242904818
(63, 64) : 0.004147187186401603
(64, 63) : 0.004147187186401603
(64, 19) : 0.0033875079405491053
(64, 65) : 0.003199499029557877
(65, 64) : 0.003199499029557877
(65, 20) : 0.0033987633941387225
(65, 66) : 0.00350903699941004
(66, 67) : 0.0036515620252354475
(66, 65) : 0.00350903699941004
(66, 21) : 0.003687601821422617
(67, 66) : 0.0036515620252354475
(67, 22) : 0.003464955791956387
(67, 68) : 0.003480764447489624
(68, 69) : 0.003894850685573444
(68, 67) : 0.003480764447489624
(68, 23) : 0.0031591021338945673
(69, 68) : 0.003894850685573444
(69, 24) : 0.004153599770495489
(69, 70) : 0.003731097452667004
(70, 25) : 0.004098494198843934
(70, 71) : 0.0031215936064044407
(70, 69) : 0.003731097452667004
(71, 70) : 0.0031215936064044407
(71, 26) : 0.0033941948494246865
(71, 72) : 0.0039089281443806375
(72, 27) : 0.003903643403828033
(72, 73) : 0.0039884251170719505
(72, 71) : 0.0039089281443806375
(73, 72) : 0.0039884251170719505
(73, 28) : 0.004256892901681426
(73, 74) : 0.004316978318570889
(74, 73) : 0.004316978318570889
(74, 29) : 0.004392204711546915
(74, 75) : 0.0031558134278646135
(75, 76) : 0.004079071468179299
(75, 74) : 0.0031558134278646135
(75, 30) : 0.0043959290996634605
(76, 75) : 0.004079071468179299
(76, 31) : 0.004417611164805153
(76, 77) : 0.003286270779484531
(77, 76) : 0.003286270779484531
(77, 32) : 0.00396935895203094
(77, 78) : 0.004364231168462873
(78, 77) : 0.004364231168462873
(78, 33) : 0.0035872835047895124
(78, 79) : 0.0038998731178039947
(79, 34) : 0.00407291026582245
(79, 80) : 0.004265790974249033
(79, 78) : 0.0038998731178039947
(80, 79) : 0.004265790974249033
(80, 35) : 0.0035437268196745315
(80, 81) : 0.004914858860055854
(81, 82) : 0.003769355244552198
(81, 80) : 0.004914858860055854
(81, 36) : 0.0037312479013094837
(82, 81) : 0.003769355244552198
(82, 37) : 0.004831293066504947
(82, 83) : 0.0034285264665384107
(83, 82) : 0.0034285264665384107
(83, 38) : 0.004005843982333091
(83, 84) : 0.0032147712445629133
(84, 83) : 0.0032147712445629133
(84, 39) : 0.00294609576509007
(84, 85) : 0.003801441662381588
(85, 84) : 0.003801441662381588
(85, 40) : 0.0027938612069960695
(85, 86) : 0.00359592634417216
(86, 85) : 0.00359592634417216
(86, 41) : 0.003047426827981913
(86, 87) : 0.00342004745070162
(87, 86) : 0.00342004745070162
(87, 42) : 0.003230082198553013
(87, 88) : 0.003920794745040692
(88, 89) : 0.003465456602075136
(88, 87) : 0.003920794745040692
(88, 43) : 0.003243560320336004
(89, 88) : 0.003465456602075136
(89, 44) : 0.0028021383000043022
(89, 90) : 0.0037279230262945583
(90, 46) : 0.003066028701555806
(90, 89) : 0.0037279230262945583
(90, 45) : 0.0030746264601869077
