(1, 45) : 0.003428632356742681
(1, 46) : 0.00362418771932286
(1, 2) : 0.004434554093587201
(2, 3) : 0.0033060855600452305
(2, 1) : 0.004434554093587201
(2, 47) : 0.0032454520185328547
(3, 2) : 0.0033060855600452305
(3, 48) : 0.003510924158546539
(3, 4) : 0.0036385583315980997
(4, 49) : 0.004040564457908956
(4, 5) : 0.003202431456086933
(4, 3) : 0.0036385583315980997
(5, 4) : 0.003202431456086933
(5, 50) : 0.004066311627566478
(5, 6) : 0.0033475265027621205
(6, 51) : 0.004192331954540763
(6, 7) : 0.0029155694393597277
(6, 5) : 0.0033475265027621205
(7, 6) : 0.0029155694393597277
(7, 52) : 0.004314795152064032
(7, 8) : 0.0032938402261904936
(8, 7) : 0.0032938402261904936
(8, 53) : 0.0038964135922770703
(8, 9) : 0.003499897786093122
(9, 10) : 0.003545149899256008
(9, 8) : 0.003499897786093122
(9, 54) : 0.003426919050303542
(10, 9) : 0.003545149899256008
(10, 55) : 0.003417276872440028
(10, 11) : 0.003957002295065894
(11, 12) : 0.0046899642572185915
(11, 10) : 0.003957002295065894
(11, 56) : 0.003951719790101752
(12, 11) : 0.0046899642572185915
(12, 57) : 0.004736718143459132
(12, 13) : 0.0036873369581293947
(13, 14) : 0.004640845894914713
(13, 12) : 0.0036873369581293947
(13, 58) : 0.0039121249479126645
(14, 13) : 0.004640845894914713
(14, 59) : 0.0033067969273973936
(14, 15) : 0.0030491201884243102
(15, 16) : 0.00337821322438422
(15, 14) : 0.0030491201884243102
(15, 60) : 0.0033020566775144684
(16, 15) : 0.00337821322438422
(16, 61) : 0.0027467960873730378
(16, 17) : 0.003551293060175429
(17, 16) : 0.003551293060175429
(17, 62) : 0.003436940980346259
(17, 18) : 0.0033569923392054372
(18, 17) : 0.0033569923392054372
(18, 63) : 0.003446667990819696
(18, 19) : 0.003360882234288106
(19, 18) : 0.003360882234288106
(19, 64) : 0.003228568268553202
(19, 20) : 0.004039119536512998
(20, 19) : 0.004039119536512998
(20, 65) : 0.004257466978773601
(20, 21) : 0.003631082839332725
(21, 20) : 0.003631082839332725
(21, 66) : 0.004281377663655139
(21, 22) : 0.004035438337521238
(22, 21) : 0.004035438337521238
(22, 67) : 0.0038754742084612043
(22, 23) : 0.0036215536299481436
(23, 22) : 0.0036215536299481436
(23, 68) : 0.0038038765667009144
(23, 24) : 0.003789582227610119
(24, 25) : 0.003130804931378977
(24, 23) : 0.003789582227610119
(24, 69) : 0.0031224530616605402
(25, 24) : 0.003130804931378977
(25, 70) : 0.0036068225190371227
(25, 26) : 0.0031836368504820777
(26, 27) : 0.003924487254306197
(26, 25) : 0.0031836368504820777
(26, 71) : 0.003788999750853773
(27, 26) : 0.003924487254306197
(27, 72) : 0.003445560327498225
(27, 28) : 0.003683771726536752
(28, 73) : 0.0035612166054685753
(28, 29) : 0.0032496893266648493
(28, 27) : 0.003683771726536752
(29, 28) : 0.0032496893266648493
(29, 74) : 0.003423232048012368
(29, 30) : 0.0044341924902060684
(30, 75) : 0.004030168186709064
(30, 31) : 0.003765572218983513
(30, 29) : 0.0044341924902060684
(31, 30) : 0.003765572218983513
(31, 76) : 0.004007607773798677
(31, 32) : 0.0049283130619971385
(32, 31) : 0.0049283130619971385
(32, 77) : 0.003888688514725949
(32, 33) : 0.003275489243123273
(33, 34) : 0.003761873226401771
(33, 32) : 0.003275489243123273
(33, 78) : 0.003553327984887089
(34, 33) : 0.003761873226401771
(34, 79) : 0.0034148090018069994
(34, 35) : 0.0036214429311731307
(35, 36) : 0.003482881010088125
(35, 34) : 0.0036214429311731307
(35, 80) : 0.0035633669439833373
(36, 35) : 0.003482881010088125
(36, 81) : 0.003538238783675031
(36, 37) : 0.003022164508128758
(37, 82) : 0.004005070755622351
(37, 38) : 0.003575500007714048
(37, 36) : 0.003022164508128758
(38, 37) : 0.003575500007714048
(38, 83) : 0.003719110842756024
(38, 39) : 0.003685777330356299
(39, 84) : 0.0030352898804556555
(39, 40) : 0.004226772050971571
(39, 38) : 0.003685777330356299
(40, 39) : 0.004226772050971571
(40, 85) : 0.0039983794126625454
(40, 41) : 0.003389775266196405
(41, 40) : 0.003389775266196405
(41, 86) : 0.004115058562583703
(41, 42) : 0.003839264780413179
(42, 43) : 0.003124544030161178
(42, 41) : 0.003839264780413179
(42, 87) : 0.0029534370466044674
(43, 42) : 0.003124544030161178
(43, 88) : 0.003382413265686677
(43, 44) : 0.003136767436422623
(44, 45) : 0.004242123518303943
(44, 43) : 0.003136767436422623
(44, 89) : 0.003926091175990845
(45, 44) : 0.004242123518303943
(45, 90) : 0.004097127551857938
(45, 1) : 0.003428632356742681
(46, 47) : 0.0034282874992575102
(46, 90) : 0.004389363665021325
(46, 1) : 0.00362418771932286
(47, 46) : 0.0034282874992575102
(47, 2) : 0.0032454520185328547
(47, 48) : 0.0035756288706860584
(48, 49) : 0.0033339823296369736
(48, 47) : 0.0035756288706860584
(48, 3) : 0.003510924158546539
(49, 48) : 0.0033339823296369736
(49, 4) : 0.004040564457908956
(49, 50) : 0.003863672123976477
(50, 49) : 0.003863672123976477
(50, 5) : 0.004066311627566478
(50, 51) : 0.0034673599829514673
(51, 50) : 0.0034673599829514673
(51, 6) : 0.004192331954540763
(51, 52) : 0.004049514052481584
(52, 51) : 0.004049514052481584
(52, 7) : 0.004314795152064032
(52, 53) : 0.0036402208754749573
(53, 52) : 0.0036402208754749573
(53, 8) : 0.0038964135922770703
(53, 54) : 0.003985110039506799
(54, 53) : 0.003985110039506799
(54, 9) : 0.003426919050303542
(54, 55) : 0.004451556855064814
(55, 54) : 0.004451556855064814
(55, 10) : 0.003417276872440028
(55, 56) : 0.003511576410367693
(56, 55) : 0.003511576410367693
(56, 11) : 0.003951719790101752
(56, 57) : 0.0042237257559126495
(57, 58) : 0.003230811306146645
(57, 56) : 0.0042237257559126495
(57, 12) : 0.004736718143459132
(58, 57) : 0.003230811306146645
(58, 13) : 0.003912124947912664
(58, 59) : 0.0036806725168234615
(59, 14) : 0.0033067969273973936
(59, 60) : 0.0030394438817848883
(59, 58) : 0.0036806725168234615
(60, 59) : 0.0030394438817848883
(60, 15) : 0.0033020566775144684
(60, 61) : 0.003851548001976197
(61, 16) : 0.0027467960873730378
(61, 62) : 0.0039252789488158305
(61, 60) : 0.003851548001976197
(62, 61) : 0.0039252789488158305
(62, 17) : 0.003436940980346259
(62, 63) : 0.0033772914340760877
(63, 62) : 0.0033772914340760877
(63, 18) : 0.003446667990819696
(63, 64) : 0.004317121202554914
(64, 63) : 0.004317121202554914
(64, 19) : 0.003228568268553202
(64, 65) : 0.004057347654205004
(65, 64) : 0.004057347654205004
(65, 20) : 0.004257466978773601
(65, 66) : 0.003912554967493158
(66, 67) : 0.003868898657041421
(66, 65) : 0.003912554967493158
(66, 21) : 0.004281377663655139
(67, 66) : 0.003868898657041421
(67, 22) : 0.0038754742084612043
(67, 68) : 0.00386304029149066
(68, 69) : 0.00324199544456326
(68, 67) : 0.00386304029149066
(68, 23) : 0.0038038765667009144
(69, 68) : 0.0032419954445632605
(69, 24) : 0.0031224530616605402
(69, 70) : 0.0035548407008241354
(70, 25) : 0.0036068225190371227
(70, 71) : 0.0029167026030743532
(70, 69) : 0.003554840700824135
(71, 70) : 0.0029167026030743532
(71, 26) : 0.003788999750853773
(71, 72) : 0.004183822270152268
(72, 27) : 0.003445560327498225
(72, 73) : 0.004063440390721187
(72, 71) : 0.004183822270152268
(73, 72) : 0.004063440390721187
(73, 28) : 0.0035612166054685753
(73, 74) : 0.003992096899349324
(74, 73) : 0.003992096899349324
(74, 29) : 0.003423232048012368
(74, 75) : 0.004059565076472674
(75, 76) : 0.004786070652557029
(75, 74) : 0.004059565076472674
(75, 30) : 0.004030168186709064
(76, 75) : 0.004786070652557029
(76, 31) : 0.004007607773798677
(76, 77) : 0.0039764209743718614
(77, 76) : 0.0039764209743718614
(77, 32) : 0.003888688514725949
(77, 78) : 0.0035779624704888394
(78, 77) : 0.0035779624704888394
(78, 33) : 0.003553327984887089
(78, 79) : 0.004032213034414206
(79, 34) : 0.0034148090018069994
(79, 80) : 0.0035128392512020963
(79, 78) : 0.004032213034414206
(80, 79) : 0.0035128392512020963
(80, 35) : 0.0035633669439833373
(80, 81) : 0.004049292123973827
(81, 82) : 0.0030070067500226074
(81, 80) : 0.004049292123973827
(81, 36) : 0.003538238783675031
(82, 81) : 0.0030070067500226074
(82, 37) : 0.004005070755622351
(82, 83) : 0.003640360730417595
(83, 82) : 0.003640360730417595
(83, 38) : 0.003719110842756024
(83, 84) : 0.0036775130928559073
(84, 83) : 0.0036775130928559073
(84, 39) : 0.0030352898804556555
(84, 85) : 0.004059357197887202
(85, 84) : 0.004059357197887202
(85, 40) : 0.0039983794126625454
(85, 86) : 0.0034970503367965393
(86, 85) : 0.0034970503367965393
(86, 41) : 0.004115058562583703
(86, 87) : 0.004541862446807737
(87, 86) : 0.004541862446807737
(87, 42) : 0.0029534370466044674
(87, 88) : 0.0030343696772811395
(88, 89) : 0.003937472430721717
(88, 87) : 0.0030343696772811395
(88, 43) : 0.003382413265686677
(89, 88) : 0.003937472430721717
(89, 44) : 0.003926091175990845
(89, 90) : 0.0033299904169265247
(90, 46) : 0.004389363665021325
(90, 89) : 0.0033299904169265247
(90, 45) : 0.004097127551857938
