(1, 45) : 0.003518001818786246
(1, 46) : 0.003462230107271034
(1, 2) : 0.004602567107327561
(2, 3) : 0.0038684461894020108
(2, 1) : 0.004602567107327561
(2, 47) : 0.0036573971141261657
(3, 2) : 0.0038684461894020103
(3, 48) : 0.003632421966434261
(3, 4) : 0.003394601753402605
(4, 49) : 0.0033578396346771082
(4, 5) : 0.004235093416703994
(4, 3) : 0.003394601753402605
(5, 4) : 0.004235093416703994
(5, 50) : 0.003629392860343544
(5, 6) : 0.004231018803756084
(6, 51) : 0.0038394983976555164
(6, 7) : 0.0039156792555308274
(6, 5) : 0.004231018803756084
(7, 6) : 0.0039156792555308274
(7, 52) : 0.003265841136890959
(7, 8) : 0.004612291928395638
(8, 7) : 0.004612291928395638
(8, 53) : 0.0030405757304906413
(8, 9) : 0.003830543155715611
(9, 10) : 0.003643259524363293
(9, 8) : 0.003830543155715611
(9, 54) : 0.004401078355143321
(10, 9) : 0.003643259524363293
(10, 55) : 0.005053470412301169
(10, 11) : 0.003644393414736392
(11, 12) : 0.0035904011483703113
(11, 10) : 0.003644393414736392
(11, 56) : 0.0041298078088283716
(12, 11) : 0.0035904011483703113
(12, 57) : 0.0040794902765558
(12, 13) : 0.0030486310328181657
(13, 14) : 0.0040458005780373875
(13, 12) : 0.0030486310328181657
(13, 58) : 0.0043539407093701205
(14, 13) : 0.0040458005780373875
(14, 59) : 0.0042804168787225726
(14, 15) : 0.00390885076788787
(15, 16) : 0.0035051930264196787
(15, 14) : 0.00390885076788787
(15, 60) : 0.00424535117968203
(16, 15) : 0.0035051930264196787
(16, 61) : 0.0039826944076365636
(16, 17) : 0.003991414139591738
(17, 16) : 0.003991414139591738
(17, 62) : 0.0040467687080889695
(17, 18) : 0.003044687671719767
(18, 17) : 0.003044687671719767
(18, 63) : 0.0039031823080501304
(18, 19) : 0.0038291111117175394
(19, 18) : 0.0038291111117175394
(19, 64) : 0.003301309873354987
(19, 20) : 0.003064065136958257
(20, 19) : 0.003064065136958257
(20, 65) : 0.0037687985040997614
(20, 21) : 0.003538066392789405
(21, 20) : 0.0035380663927894055
(21, 66) : 0.004306026568800728
(21, 22) : 0.0035676570417765966
(22, 21) : 0.0035676570417765966
(22, 67) : 0.0039537093353018676
(22, 23) : 0.005167849568549382
(23, 22) : 0.005167849568549382
(23, 68) : 0.003778401989869148
(23, 24) : 0.003988462138450858
(24, 25) : 0.0036141150784659445
(24, 23) : 0.003988462138450858
(24, 69) : 0.003959495342221866
(25, 24) : 0.0036141150784659445
(25, 70) : 0.004257207533531113
(25, 26) : 0.003496460011968666
(26, 27) : 0.003895953517789882
(26, 25) : 0.003496460011968666
(26, 71) : 0.004293625385706457
(27, 26) : 0.0038959535177898823
(27, 72) : 0.003683598510336953
(27, 28) : 0.0030546538666444555
(28, 73) : 0.004335464796510776
(28, 29) : 0.003132173315275262
(28, 27) : 0.0030546538666444555
(29, 28) : 0.0031321733152752623
(29, 74) : 0.004653577255386279
(29, 30) : 0.003769685755057893
(30, 75) : 0.003865421681536452
(30, 31) : 0.00339434443665097
(30, 29) : 0.003769685755057893
(31, 30) : 0.00339434443665097
(31, 76) : 0.0034552871339758734
(31, 32) : 0.0045591227077109615
(32, 31) : 0.0045591227077109615
(32, 77) : 0.00433679705485
(32, 33) : 0.0032387543160464524
(33, 34) : 0.004691744269473541
(33, 32) : 0.003238754316046453
(33, 78) : 0.004239649867106874
(34, 33) : 0.004691744269473541
(34, 79) : 0.003678528680687133
(34, 35) : 0.003483576668503243
(35, 36) : 0.005122120985270917
(35, 34) : 0.003483576668503243
(35, 80) : 0.0033935094093957637
(36, 35) : 0.005122120985270917
(36, 81) : 0.0028348520782403483
(36, 37) : 0.003162718978748186
(37, 82) : 0.0026586372211274134
(37, 38) : 0.003188949117794967
(37, 36) : 0.003162718978748186
(38, 37) : 0.003188949117794967
(38, 83) : 0.0027353805027377845
(38, 39) : 0.002656062623540049
(39, 84) : 0.0030971809748559717
(39, 40) : 0.0029473813343750045
(39, 38) : 0.002656062623540049
(40, 39) : 0.0029473813343750045
(40, 85) : 0.0029419140791149666
(40, 41) : 0.0029936260858814544
(41, 40) : 0.0029936260858814544
(41, 86) : 0.0033278460491378654
(41, 42) : 0.0030441691145826435
(42, 43) : 0.0037349644521151555
(42, 41) : 0.0030441691145826435
(42, 87) : 0.003984346470912108
(43, 42) : 0.0037349644521151555
(43, 88) : 0.0035989343425655226
(43, 44) : 0.0037067317806572055
(44, 45) : 0.0033638244796062662
(44, 43) : 0.0037067317806572055
(44, 89) : 0.004165691435218582
(45, 44) : 0.0033638244796062662
(45, 90) : 0.0042592254957101484
(45, 1) : 0.003518001818786246
(46, 47) : 0.004455963387079608
(46, 90) : 0.004598312875366623
(46, 1) : 0.003462230107271034
(47, 46) : 0.004455963387079607
(47, 2) : 0.0036573971141261657
(47, 48) : 0.003864631990166056
(48, 49) : 0.0033016193089731184
(48, 47) : 0.003864631990166056
(48, 3) : 0.003632421966434261
(49, 48) : 0.003301619308973118
(49, 4) : 0.0033578396346771082
(49, 50) : 0.00352798173950331
(50, 49) : 0.00352798173950331
(50, 5) : 0.003629392860343544
(50, 51) : 0.003352365087545665
(51, 50) : 0.003352365087545665
(51, 6) : 0.0038394983976555164
(51, 52) : 0.003917336969120871
(52, 51) : 0.003917336969120871
(52, 7) : 0.003265841136890959
(52, 53) : 0.003735583908494731
(53, 52) : 0.003735583908494731
(53, 8) : 0.0030405757304906413
(53, 54) : 0.003993066178556463
(54, 53) : 0.003993066178556463
(54, 9) : 0.004401078355143321
(54, 55) : 0.0029053483700176718
(55, 54) : 0.0029053483700176718
(55, 10) : 0.005053470412301169
(55, 56) : 0.0038872803743922727
(56, 55) : 0.0038872803743922727
(56, 11) : 0.004129807808828371
(56, 57) : 0.003640821758748297
(57, 58) : 0.0037115542908794244
(57, 56) : 0.003640821758748297
(57, 12) : 0.0040794902765558
(58, 57) : 0.0037115542908794244
(58, 13) : 0.0043539407093701205
(58, 59) : 0.0036285375860684484
(59, 14) : 0.0042804168787225726
(59, 60) : 0.003694650999781865
(59, 58) : 0.0036285375860684484
(60, 59) : 0.003694650999781865
(60, 15) : 0.00424535117968203
(60, 61) : 0.0030772259058750107
(61, 16) : 0.0039826944076365636
(61, 62) : 0.003595769561655368
(61, 60) : 0.0030772259058750107
(62, 61) : 0.0035957695616553684
(62, 17) : 0.0040467687080889695
(62, 63) : 0.0037650076883312925
(63, 62) : 0.0037650076883312925
(63, 18) : 0.0039031823080501304
(63, 64) : 0.00398203895155565
(64, 63) : 0.00398203895155565
(64, 19) : 0.003301309873354987
(64, 65) : 0.0038328424541431054
(65, 64) : 0.0038328424541431054
(65, 20) : 0.0037687985040997614
(65, 66) : 0.0031722750457631875
(66, 67) : 0.004220586915467053
(66, 65) : 0.0031722750457631875
(66, 21) : 0.004306026568800729
(67, 66) : 0.004220586915467053
(67, 22) : 0.0039537093353018676
(67, 68) : 0.004723074776436485
(68, 69) : 0.004017495173623296
(68, 67) : 0.004723074776436485
(68, 23) : 0.0037784019898691483
(69, 68) : 0.004017495173623296
(69, 24) : 0.003959495342221866
(69, 70) : 0.0033051153543698225
(70, 25) : 0.004257207533531112
(70, 71) : 0.004032965577920422
(70, 69) : 0.0033051153543698225
(71, 70) : 0.004032965577920422
(71, 26) : 0.004293625385706457
(71, 72) : 0.0036215757278617155
(72, 27) : 0.003683598510336953
(72, 73) : 0.003764570142753177
(72, 71) : 0.0036215757278617155
(73, 72) : 0.003764570142753177
(73, 28) : 0.004335464796510776
(73, 74) : 0.0031061245425567977
(74, 73) : 0.0031061245425567977
(74, 29) : 0.004653577255386279
(74, 75) : 0.0029818450530624476
(75, 76) : 0.003431886666612036
(75, 74) : 0.0029818450530624476
(75, 30) : 0.003865421681536452
(76, 75) : 0.0034318866666120354
(76, 31) : 0.0034552871339758734
(76, 77) : 0.0037779723571991467
(77, 76) : 0.0037779723571991467
(77, 32) : 0.00433679705485
(77, 78) : 0.003783536801115459
(78, 77) : 0.003783536801115459
(78, 33) : 0.004239649867106874
(78, 79) : 0.0035734605594040154
(79, 34) : 0.003678528680687133
(79, 80) : 0.0037331309910837566
(79, 78) : 0.0035734605594040154
(80, 79) : 0.0037331309910837566
(80, 35) : 0.0033935094093957637
(80, 81) : 0.0038397928302811553
(81, 82) : 0.002989280593021501
(81, 80) : 0.0038397928302811553
(81, 36) : 0.0028348520782403483
(82, 81) : 0.002989280593021501
(82, 37) : 0.0026586372211274134
(82, 83) : 0.0027296706190364367
(83, 82) : 0.0027296706190364367
(83, 38) : 0.0027353805027377845
(83, 84) : 0.0030126147952872274
(84, 83) : 0.0030126147952872274
(84, 39) : 0.0030971809748559717
(84, 85) : 0.0028853013289068773
(85, 84) : 0.0028853013289068773
(85, 40) : 0.0029419140791149666
(85, 86) : 0.0034192154418054873
(86, 85) : 0.0034192154418054873
(86, 41) : 0.0033278460491378654
(86, 87) : 0.003493725918974796
(87, 86) : 0.003493725918974796
(87, 42) : 0.003984346470912108
(87, 88) : 0.003551351164322502
(88, 89) : 0.00440094138045198
(88, 87) : 0.003551351164322502
(88, 43) : 0.0035989343425655226
(89, 88) : 0.00440094138045198
(89, 44) : 0.004165691435218582
(89, 90) : 0.0027015162725010163
(90, 46) : 0.004598312875366623
(90, 89) : 0.0027015162725010163
(90, 45) : 0.0042592254957101484
