(1, 45) : 0.0038451255125742947
(1, 46) : 0.003853932276644211
(1, 2) : 0.003513491501780916
(2, 3) : 0.002701224622751871
(2, 1) : 0.003513491501780916
(2, 47) : 0.003266117316272814
(3, 2) : 0.002701224622751871
(3, 48) : 0.0031836661940105202
(3, 4) : 0.003628515855864578
(4, 49) : 0.004917974487735299
(4, 5) : 0.0030711025128446656
(4, 3) : 0.003628515855864578
(5, 4) : 0.0030711025128446656
(5, 50) : 0.0050159089986061
(5, 6) : 0.00404796872577838
(6, 51) : 0.0034335602420250654
(6, 7) : 0.0032925015332813863
(6, 5) : 0.00404796872577838
(7, 6) : 0.0032925015332813863
(7, 52) : 0.0038128618730956616
(7, 8) : 0.0032801687796591246
(8, 7) : 0.0032801687796591246
(8, 53) : 0.0037557684706582125
(8, 9) : 0.00389840728348263
(9, 10) : 0.0033615496227675434
(9, 8) : 0.00389840728348263
(9, 54) : 0.003104552706150562
(10, 9) : 0.0033615496227675434
(10, 55) : 0.0029904716349532573
(10, 11) : 0.003451036223328336
(11, 12) : 0.0033027024126693516
(11, 10) : 0.003451036223328336
(11, 56) : 0.003715641978329324
(12, 11) : 0.0033027024126693516
(12, 57) : 0.0034421201295456658
(12, 13) : 0.004111898588760114
(13, 14) : 0.004101219610918853
(13, 12) : 0.004111898588760114
(13, 58) : 0.002661252999375892
(14, 13) : 0.004101219610918853
(14, 59) : 0.0033587319839772593
(14, 15) : 0.0033817252798675527
(15, 16) : 0.003770329659399985
(15, 14) : 0.0033817252798675527
(15, 60) : 0.004131802353803274
(16, 15) : 0.003770329659399985
(16, 61) : 0.004511581259281743
(16, 17) : 0.004120117644476045
(17, 16) : 0.004120117644476045
(17, 62) : 0.00419857015506873
(17, 18) : 0.0037697220956871332
(18, 17) : 0.0037697220956871332
(18, 63) : 0.00427671407221441
(18, 19) : 0.0030828332789753195
(19, 18) : 0.0030828332789753195
(19, 64) : 0.004189849304915009
(19, 20) : 0.003945471645384592
(20, 19) : 0.003945471645384592
(20, 65) : 0.0031115345930851387
(20, 21) : 0.0038181007617456362
(21, 20) : 0.0038181007617456362
(21, 66) : 0.0033487134777493823
(21, 22) : 0.0030941170509028847
(22, 21) : 0.0030941170509028847
(22, 67) : 0.0034317155872020683
(22, 23) : 0.004278317117282489
(23, 22) : 0.004278317117282489
(23, 68) : 0.0034357927973531874
(23, 24) : 0.0035745160465210832
(24, 25) : 0.003778963790698941
(24, 23) : 0.0035745160465210832
(24, 69) : 0.0034712171891940887
(25, 24) : 0.003778963790698941
(25, 70) : 0.003892765357321657
(25, 26) : 0.003117220774640596
(26, 27) : 0.003887192330200492
(26, 25) : 0.003117220774640596
(26, 71) : 0.00420425558626793
(27, 26) : 0.003887192330200492
(27, 72) : 0.003523004726046675
(27, 28) : 0.004029772140521089
(28, 73) : 0.0034921105941943093
(28, 29) : 0.0034144064079127978
(28, 27) : 0.004029772140521089
(29, 28) : 0.0034144064079127978
(29, 74) : 0.003382648466935847
(29, 30) : 0.004057896399488908
(30, 75) : 0.003388904810601498
(30, 31) : 0.0037170277525917536
(30, 29) : 0.004057896399488908
(31, 30) : 0.0037170277525917536
(31, 76) : 0.00351242135176676
(31, 32) : 0.003864403908286303
(32, 31) : 0.003864403908286303
(32, 77) : 0.003724897835030001
(32, 33) : 0.004076375576335998
(33, 34) : 0.004307271556667875
(33, 32) : 0.004076375576335998
(33, 78) : 0.0037564776446829076
(34, 33) : 0.004307271556667875
(34, 79) : 0.0031642308944590716
(34, 35) : 0.004063200340595819
(35, 36) : 0.0036476328500952087
(35, 34) : 0.004063200340595819
(35, 80) : 0.003170652850262219
(36, 35) : 0.0036476328500952087
(36, 81) : 0.0036471077679518108
(36, 37) : 0.004039765888496416
(37, 82) : 0.003892129604003688
(37, 38) : 0.004311227984211853
(37, 36) : 0.004039765888496416
(38, 37) : 0.004311227984211853
(38, 83) : 0.004017661729520292
(38, 39) : 0.003189565291567061
(39, 84) : 0.003691794938566745
(39, 40) : 0.0032362284826472406
(39, 38) : 0.003189565291567061
(40, 39) : 0.0032362284826472406
(40, 85) : 0.003631626572134107
(40, 41) : 0.003582866939843451
(41, 40) : 0.003582866939843451
(41, 86) : 0.0038772175825865078
(41, 42) : 0.004129629451448226
(42, 43) : 0.00420550801616385
(42, 41) : 0.004129629451448226
(42, 87) : 0.003712126538421944
(43, 42) : 0.00420550801616385
(43, 88) : 0.0037537019127313544
(43, 44) : 0.003858281540968112
(44, 45) : 0.004331794803703726
(44, 43) : 0.003858281540968112
(44, 89) : 0.0037891940328042464
(45, 44) : 0.004331794803703726
(45, 90) : 0.004027863540078461
(45, 1) : 0.0038451255125742947
(46, 47) : 0.003228074607687172
(46, 90) : 0.0037589171985067684
(46, 1) : 0.003853932276644211
(47, 46) : 0.003228074607687172
(47, 2) : 0.003266117316272814
(47, 48) : 0.0032406092912111613
(48, 49) : 0.0035467935487409224
(48, 47) : 0.0032406092912111613
(48, 3) : 0.0031836661940105202
(49, 48) : 0.0035467935487409224
(49, 4) : 0.004917974487735298
(49, 50) : 0.0036479582434489474
(50, 49) : 0.0036479582434489474
(50, 5) : 0.0050159089986061
(50, 51) : 0.004477575614354657
(51, 50) : 0.004477575614354657
(51, 6) : 0.0034335602420250654
(51, 52) : 0.004074826066216712
(52, 51) : 0.004074826066216712
(52, 7) : 0.0038128618730956616
(52, 53) : 0.003556462528390727
(53, 52) : 0.003556462528390727
(53, 8) : 0.0037557684706582125
(53, 54) : 0.003983640639645874
(54, 53) : 0.003983640639645874
(54, 9) : 0.003104552706150562
(54, 55) : 0.0036382703500701546
(55, 54) : 0.0036382703500701546
(55, 10) : 0.0029904716349532573
(55, 56) : 0.0033853574949589886
(56, 55) : 0.0033853574949589886
(56, 11) : 0.003715641978329323
(56, 57) : 0.003432193895206656
(57, 58) : 0.004180873071206364
(57, 56) : 0.003432193895206656
(57, 12) : 0.0034421201295456658
(58, 57) : 0.004180873071206364
(58, 13) : 0.002661252999375892
(58, 59) : 0.004035905114316613
(59, 14) : 0.0033587319839772593
(59, 60) : 0.0033581032666270684
(59, 58) : 0.004035905114316613
(60, 59) : 0.0033581032666270684
(60, 15) : 0.004131802353803274
(60, 61) : 0.004219522107356951
(61, 16) : 0.004511581259281743
(61, 62) : 0.003913168495102209
(61, 60) : 0.004219522107356951
(62, 61) : 0.003913168495102209
(62, 17) : 0.00419857015506873
(62, 63) : 0.00437160084294721
(63, 62) : 0.00437160084294721
(63, 18) : 0.00427671407221441
(63, 64) : 0.003320718187761039
(64, 63) : 0.003320718187761039
(64, 19) : 0.004189849304915009
(64, 65) : 0.004118305788180393
(65, 64) : 0.0041183057881803925
(65, 20) : 0.0031115345930851387
(65, 66) : 0.004267854587777732
(66, 67) : 0.003448332513304435
(66, 65) : 0.004267854587777732
(66, 21) : 0.0033487134777493823
(67, 66) : 0.003448332513304435
(67, 22) : 0.0034317155872020683
(67, 68) : 0.004178631673398592
(68, 69) : 0.004090019598985734
(68, 67) : 0.004178631673398592
(68, 23) : 0.0034357927973531874
(69, 68) : 0.004090019598985734
(69, 24) : 0.0034712171891940887
(69, 70) : 0.004085019254237398
(70, 25) : 0.003892765357321657
(70, 71) : 0.0029948596028660764
(70, 69) : 0.004085019254237398
(71, 70) : 0.0029948596028660764
(71, 26) : 0.00420425558626793
(71, 72) : 0.004795734843270473
(72, 27) : 0.003523004726046675
(72, 73) : 0.0036432335404237184
(72, 71) : 0.004795734843270473
(73, 72) : 0.003643233540423718
(73, 28) : 0.0034921105941943093
(73, 74) : 0.0038767232682800847
(74, 73) : 0.0038767232682800847
(74, 29) : 0.003382648466935847
(74, 75) : 0.0036325189190292706
(75, 76) : 0.0031428342921041596
(75, 74) : 0.0036325189190292706
(75, 30) : 0.003388904810601498
(76, 75) : 0.0031428342921041596
(76, 31) : 0.00351242135176676
(76, 77) : 0.0032272591158820497
(77, 76) : 0.0032272591158820497
(77, 32) : 0.003724897835030001
(77, 78) : 0.0029972978525007565
(78, 77) : 0.0029972978525007565
(78, 33) : 0.0037564776446829067
(78, 79) : 0.003895902812673215
(79, 34) : 0.0031642308944590716
(79, 80) : 0.003315285040218295
(79, 78) : 0.003895902812673215
(80, 79) : 0.003315285040218295
(80, 35) : 0.003170652850262219
(80, 81) : 0.0032358874665401587
(81, 82) : 0.00433877093995696
(81, 80) : 0.0032358874665401587
(81, 36) : 0.0036471077679518108
(82, 81) : 0.00433877093995696
(82, 37) : 0.003892129604003688
(82, 83) : 0.00366586238995533
(83, 82) : 0.00366586238995533
(83, 38) : 0.004017661729520292
(83, 84) : 0.0038371722085412557
(84, 83) : 0.0038371722085412557
(84, 39) : 0.003691794938566745
(84, 85) : 0.0032861379807538446
(85, 84) : 0.0032861379807538446
(85, 40) : 0.003631626572134107
(85, 86) : 0.003415182150684145
(86, 85) : 0.003415182150684145
(86, 41) : 0.0038772175825865078
(86, 87) : 0.004124048288116292
(87, 86) : 0.004124048288116292
(87, 42) : 0.003712126538421944
(87, 88) : 0.0031878820172795207
(88, 89) : 0.0029498776962742657
(88, 87) : 0.0031878820172795207
(88, 43) : 0.0037537019127313544
(89, 88) : 0.0029498776962742657
(89, 44) : 0.0037891940328042464
(89, 90) : 0.003717553583604479
(90, 46) : 0.0037589171985067684
(90, 89) : 0.003717553583604479
(90, 45) : 0.00402786354007846
