(1, 45) : 0.004723224198051637
(1, 46) : 0.003470184147351389
(1, 2) : 0.004134994709721991
(2, 3) : 0.004563667999208501
(2, 1) : 0.004134994709721991
(2, 47) : 0.0031272061372365234
(3, 2) : 0.004563667999208501
(3, 48) : 0.003746538176493055
(3, 4) : 0.00353933547587573
(4, 49) : 0.004208450552318792
(4, 5) : 0.005137638476968072
(4, 3) : 0.00353933547587573
(5, 4) : 0.005137638476968072
(5, 50) : 0.003908832137727917
(5, 6) : 0.003710924009940213
(6, 51) : 0.003808182778558904
(6, 7) : 0.004344436804707804
(6, 5) : 0.003710924009940213
(7, 6) : 0.004344436804707804
(7, 52) : 0.0031038203959072043
(7, 8) : 0.003802390756270229
(8, 7) : 0.003802390756270229
(8, 53) : 0.003117860442520967
(8, 9) : 0.003412247310221697
(9, 10) : 0.0036804684511707927
(9, 8) : 0.003412247310221697
(9, 54) : 0.002973270317984443
(10, 9) : 0.0036804684511707927
(10, 55) : 0.0035639163602893703
(10, 11) : 0.0032880000495915237
(11, 12) : 0.003926997279716839
(11, 10) : 0.0032880000495915237
(11, 56) : 0.0036448458909407984
(12, 11) : 0.003926997279716839
(12, 57) : 0.0031480272181544713
(12, 13) : 0.0031341700128378995
(13, 14) : 0.0036731854718876893
(13, 12) : 0.0031341700128378995
(13, 58) : 0.003259275452928
(14, 13) : 0.0036731854718876893
(14, 59) : 0.0035818086492733253
(14, 15) : 0.0032662043566400165
(15, 16) : 0.004362023275794178
(15, 14) : 0.0032662043566400165
(15, 60) : 0.0035043569722497886
(16, 15) : 0.004362023275794178
(16, 61) : 0.0035346106048804358
(16, 17) : 0.0032797145328688905
(17, 16) : 0.0032797145328688905
(17, 62) : 0.004851775641682087
(17, 18) : 0.004200909676619553
(18, 17) : 0.004200909676619553
(18, 63) : 0.005047199435942791
(18, 19) : 0.003959811132846592
(19, 18) : 0.003959811132846593
(19, 64) : 0.004417455925213203
(19, 20) : 0.0033337341362477966
(20, 19) : 0.0033337341362477966
(20, 65) : 0.003579650465653063
(20, 21) : 0.0032731858691096363
(21, 20) : 0.0032731858691096363
(21, 66) : 0.0033620479043081275
(21, 22) : 0.003498235471947374
(22, 21) : 0.003498235471947374
(22, 67) : 0.003607883453731544
(22, 23) : 0.004300738589494126
(23, 22) : 0.004300738589494126
(23, 68) : 0.0036106408041678764
(23, 24) : 0.00461518419267995
(24, 25) : 0.0036990669405228935
(24, 23) : 0.00461518419267995
(24, 69) : 0.0034188575838848254
(25, 24) : 0.0036990669405228935
(25, 70) : 0.0034344086231184946
(25, 26) : 0.003455086336769432
(26, 27) : 0.0033570114736111317
(26, 25) : 0.003455086336769432
(26, 71) : 0.0034671761380414244
(27, 26) : 0.0033570114736111317
(27, 72) : 0.0035376050809285044
(27, 28) : 0.0038725292953823718
(28, 73) : 0.0033508379868199393
(28, 29) : 0.004037432033912639
(28, 27) : 0.0038725292953823718
(29, 28) : 0.004037432033912639
(29, 74) : 0.003229125613294067
(29, 30) : 0.003246473943124246
(30, 75) : 0.0032418364051076524
(30, 31) : 0.003557935870603123
(30, 29) : 0.003246473943124246
(31, 30) : 0.003557935870603123
(31, 76) : 0.003493514729767713
(31, 32) : 0.003980338471056348
(32, 31) : 0.003980338471056348
(32, 77) : 0.003828258254946851
(32, 33) : 0.0037038937772959856
(33, 34) : 0.004673206775225952
(33, 32) : 0.0037038937772959856
(33, 78) : 0.0036589977514434524
(34, 33) : 0.004673206775225952
(34, 79) : 0.00405260598429276
(34, 35) : 0.0047541220507594335
(35, 36) : 0.004464713246444929
(35, 34) : 0.0047541220507594335
(35, 80) : 0.0037028236598675994
(36, 35) : 0.004464713246444929
(36, 81) : 0.0029046672010949533
(36, 37) : 0.0037091853739379733
(37, 82) : 0.003555660650507033
(37, 38) : 0.0038042801668485217
(37, 36) : 0.0037091853739379733
(38, 37) : 0.0038042801668485213
(38, 83) : 0.004140219992206415
(38, 39) : 0.004446856103810707
(39, 84) : 0.003385139821518072
(39, 40) : 0.0034379174698324294
(39, 38) : 0.004446856103810707
(40, 39) : 0.0034379174698324294
(40, 85) : 0.0030394993429989875
(40, 41) : 0.0034082023982161228
(41, 40) : 0.0034082023982161228
(41, 86) : 0.0032763780968085277
(41, 42) : 0.004142277289088462
(42, 43) : 0.0049099265370319955
(42, 41) : 0.004142277289088462
(42, 87) : 0.0031451370367694097
(43, 42) : 0.0049099265370319955
(43, 88) : 0.0032493062527986258
(43, 44) : 0.0038476962050730673
(44, 45) : 0.0036695103605048247
(44, 43) : 0.0038476962050730673
(44, 89) : 0.0035490259599145193
(45, 44) : 0.0036695103605048247
(45, 90) : 0.003487902195800478
(45, 1) : 0.004723224198051637
(46, 47) : 0.004519194299187176
(46, 90) : 0.004845792477460449
(46, 1) : 0.003470184147351389
(47, 46) : 0.004519194299187176
(47, 2) : 0.0031272061372365234
(47, 48) : 0.003389748138262434
(48, 49) : 0.002876065117966479
(48, 47) : 0.003389748138262434
(48, 3) : 0.003746538176493055
(49, 48) : 0.002876065117966479
(49, 4) : 0.004208450552318792
(49, 50) : 0.0028659907885236805
(50, 49) : 0.0028659907885236805
(50, 5) : 0.003908832137727917
(50, 51) : 0.003160465625595832
(51, 50) : 0.003160465625595832
(51, 6) : 0.003808182778558904
(51, 52) : 0.0034817002166094894
(52, 51) : 0.0034817002166094894
(52, 7) : 0.0031038203959072043
(52, 53) : 0.004294256121090647
(53, 52) : 0.004294256121090647
(53, 8) : 0.003117860442520967
(53, 54) : 0.003460071499780734
(54, 53) : 0.003460071499780734
(54, 9) : 0.002973270317984443
(54, 55) : 0.004038950495485679
(55, 54) : 0.004038950495485679
(55, 10) : 0.0035639163602893703
(55, 56) : 0.003364808992506431
(56, 55) : 0.003364808992506431
(56, 11) : 0.0036448458909407984
(56, 57) : 0.004491237244183954
(57, 58) : 0.003027944751848883
(57, 56) : 0.004491237244183954
(57, 12) : 0.0031480272181544713
(58, 57) : 0.003027944751848883
(58, 13) : 0.003259275452928
(58, 59) : 0.003768091600150426
(59, 14) : 0.0035818086492733253
(59, 60) : 0.003016243639272998
(59, 58) : 0.0037680916001504266
(60, 59) : 0.003016243639272998
(60, 15) : 0.0035043569722497886
(60, 61) : 0.002807029869223878
(61, 16) : 0.0035346106048804358
(61, 62) : 0.0032545836130525793
(61, 60) : 0.002807029869223878
(62, 61) : 0.0032545836130525793
(62, 17) : 0.004851775641682087
(62, 63) : 0.0034440950112113147
(63, 62) : 0.0034440950112113143
(63, 18) : 0.005047199435942791
(63, 64) : 0.003989685656410301
(64, 63) : 0.003989685656410301
(64, 19) : 0.004417455925213204
(64, 65) : 0.003777346956067645
(65, 64) : 0.003777346956067645
(65, 20) : 0.003579650465653063
(65, 66) : 0.0031342084144925777
(66, 67) : 0.0032073839823187366
(66, 65) : 0.0031342084144925777
(66, 21) : 0.0033620479043081275
(67, 66) : 0.0032073839823187366
(67, 22) : 0.003607883453731544
(67, 68) : 0.0036560554951828718
(68, 69) : 0.0036650214365798015
(68, 67) : 0.0036560554951828718
(68, 23) : 0.0036106408041678764
(69, 68) : 0.0036650214365798015
(69, 24) : 0.0034188575838848254
(69, 70) : 0.00373086291063691
(70, 25) : 0.0034344086231184946
(70, 71) : 0.0028418144776862103
(70, 69) : 0.00373086291063691
(71, 70) : 0.0028418144776862103
(71, 26) : 0.0034671761380414244
(71, 72) : 0.003730134473345416
(72, 27) : 0.0035376050809285044
(72, 73) : 0.003915182793830543
(72, 71) : 0.003730134473345416
(73, 72) : 0.003915182793830543
(73, 28) : 0.0033508379868199393
(73, 74) : 0.003981500420813325
(74, 73) : 0.003981500420813325
(74, 29) : 0.003229125613294067
(74, 75) : 0.0032079637519194914
(75, 76) : 0.0038939000991134714
(75, 74) : 0.0032079637519194914
(75, 30) : 0.0032418364051076524
(76, 75) : 0.0038939000991134714
(76, 31) : 0.003493514729767713
(76, 77) : 0.0032114299929626687
(77, 76) : 0.0032114299929626687
(77, 32) : 0.003828258254946851
(77, 78) : 0.0033040729505951763
(78, 77) : 0.0033040729505951763
(78, 33) : 0.0036589977514434524
(78, 79) : 0.004010904139330053
(79, 34) : 0.00405260598429276
(79, 80) : 0.00404232409722646
(79, 78) : 0.004010904139330053
(80, 79) : 0.00404232409722646
(80, 35) : 0.0037028236598675994
(80, 81) : 0.004277120474831214
(81, 82) : 0.004141765354988492
(81, 80) : 0.004277120474831215
(81, 36) : 0.0029046672010949533
(82, 81) : 0.004141765354988492
(82, 37) : 0.003555660650507033
(82, 83) : 0.004141315111665349
(83, 82) : 0.004141315111665349
(83, 38) : 0.004140219992206415
(83, 84) : 0.0046412452669974385
(84, 83) : 0.0046412452669974385
(84, 39) : 0.003385139821518073
(84, 85) : 0.0034861530365536183
(85, 84) : 0.0034861530365536183
(85, 40) : 0.0030394993429989875
(85, 86) : 0.002873251614920245
(86, 85) : 0.002873251614920245
(86, 41) : 0.0032763780968085277
(86, 87) : 0.003550412699777795
(87, 86) : 0.003550412699777795
(87, 42) : 0.0031451370367694097
(87, 88) : 0.004286316572316557
(88, 89) : 0.003559737492529301
(88, 87) : 0.004286316572316557
(88, 43) : 0.0032493062527986258
(89, 88) : 0.003559737492529301
(89, 44) : 0.0035490259599145193
(89, 90) : 0.0039707122385795384
(90, 46) : 0.004845792477460449
(90, 89) : 0.0039707122385795384
(90, 45) : 0.003487902195800478
