(1, 45) : 0.0037652100600487474
(1, 46) : 0.004016712646090341
(1, 2) : 0.0035247194545877
(2, 3) : 0.0031184528980865724
(2, 1) : 0.0035247194545877
(2, 47) : 0.004133364885109708
(3, 2) : 0.0031184528980865724
(3, 48) : 0.003884134064323467
(3, 4) : 0.003053258373404722
(4, 49) : 0.0032990554390811017
(4, 5) : 0.0033269302466778536
(4, 3) : 0.003053258373404722
(5, 4) : 0.0033269302466778536
(5, 50) : 0.0031406418010480365
(5, 6) : 0.003729548309939035
(6, 51) : 0.0036258352109677337
(6, 7) : 0.00371168353129246
(6, 5) : 0.003729548309939035
(7, 6) : 0.00371168353129246
(7, 52) : 0.003602627282691975
(7, 8) : 0.004082795575200381
(8, 7) : 0.004082795575200381
(8, 53) : 0.0029711977891602763
(8, 9) : 0.003837744775892802
(9, 10) : 0.0029828713175264316
(9, 8) : 0.003837744775892802
(9, 54) : 0.003099998051848439
(10, 9) : 0.0029828713175264316
(10, 55) : 0.0034732508164123147
(10, 11) : 0.0038223927995050273
(11, 12) : 0.004341909284738175
(11, 10) : 0.0038223927995050273
(11, 56) : 0.004262296034745947
(12, 11) : 0.004341909284738175
(12, 57) : 0.004364391373121731
(12, 13) : 0.004243837746705472
(13, 14) : 0.002986604699451975
(13, 12) : 0.004243837746705472
(13, 58) : 0.004141513521511359
(14, 13) : 0.002986604699451975
(14, 59) : 0.0036510450455470517
(14, 15) : 0.0038802416086107577
(15, 16) : 0.0029827246774370903
(15, 14) : 0.0038802416086107577
(15, 60) : 0.0033292548455712227
(16, 15) : 0.0029827246774370903
(16, 61) : 0.003918159643064681
(16, 17) : 0.0044387492243457725
(17, 16) : 0.0044387492243457725
(17, 62) : 0.003969537987871735
(17, 18) : 0.0035118541182328
(18, 17) : 0.0035118541182328
(18, 63) : 0.0035151241980566836
(18, 19) : 0.0031929142157702934
(19, 18) : 0.0031929142157702934
(19, 64) : 0.003529281171023389
(19, 20) : 0.0030904515009678346
(20, 19) : 0.0030904515009678346
(20, 65) : 0.003389391292303916
(20, 21) : 0.0034508524166083137
(21, 20) : 0.0034508524166083137
(21, 66) : 0.00388051599983788
(21, 22) : 0.003790112773115215
(22, 21) : 0.003790112773115215
(22, 67) : 0.0046481125865060575
(22, 23) : 0.004063264569909223
(23, 22) : 0.004063264569909223
(23, 68) : 0.003916846570618984
(23, 24) : 0.005305615562082968
(24, 25) : 0.004232305003747825
(24, 23) : 0.005305615562082968
(24, 69) : 0.003701510165244962
(25, 24) : 0.004232305003747825
(25, 70) : 0.003738990769544364
(25, 26) : 0.0035228518999680766
(26, 27) : 0.004407404220134841
(26, 25) : 0.0035228518999680766
(26, 71) : 0.003970004090635746
(27, 26) : 0.004407404220134841
(27, 72) : 0.004643856315776823
(27, 28) : 0.0028025685819908705
(28, 73) : 0.00391624149859575
(28, 29) : 0.003812138309579158
(28, 27) : 0.0028025685819908705
(29, 28) : 0.003812138309579158
(29, 74) : 0.003407742595863361
(29, 30) : 0.003279730179891417
(30, 75) : 0.0033656525884470717
(30, 31) : 0.0038797431176091656
(30, 29) : 0.003279730179891417
(31, 30) : 0.0038797431176091656
(31, 76) : 0.003641906864598748
(31, 32) : 0.003194011386486622
(32, 31) : 0.003194011386486622
(32, 77) : 0.0043019279376749035
(32, 33) : 0.0033843133765655256
(33, 34) : 0.003678670886122164
(33, 32) : 0.0033843133765655256
(33, 78) : 0.0037276515148005384
(34, 33) : 0.003678670886122164
(34, 79) : 0.0035824805592403622
(34, 35) : 0.0035710941209679634
(35, 36) : 0.002916999381695077
(35, 34) : 0.0035710941209679634
(35, 80) : 0.0037784647372333443
(36, 35) : 0.002916999381695077
(36, 81) : 0.0036613479122250417
(36, 37) : 0.0038742077986510712
(37, 82) : 0.0038765059497964044
(37, 38) : 0.004063344413903091
(37, 36) : 0.0038742077986510712
(38, 37) : 0.004063344413903091
(38, 83) : 0.004528778958289106
(38, 39) : 0.003919973558383308
(39, 84) : 0.0043544756981423235
(39, 40) : 0.003244027841112332
(39, 38) : 0.003919973558383308
(40, 39) : 0.003244027841112332
(40, 85) : 0.0037270813979043784
(40, 41) : 0.0031791730448052203
(41, 40) : 0.0031791730448052203
(41, 86) : 0.0032714374338799414
(41, 42) : 0.004323162940625045
(42, 43) : 0.004061856067104442
(42, 41) : 0.004323162940625045
(42, 87) : 0.0037351603107968023
(43, 42) : 0.004061856067104442
(43, 88) : 0.0037398918423556457
(43, 44) : 0.0037684351045423935
(44, 45) : 0.003474684989550023
(44, 43) : 0.0037684351045423935
(44, 89) : 0.0030821243509335165
(45, 44) : 0.003474684989550023
(45, 90) : 0.0035097079063585845
(45, 1) : 0.0037652100600487474
(46, 47) : 0.0037352736991216893
(46, 90) : 0.0038798476198468016
(46, 1) : 0.004016712646090341
(47, 46) : 0.0037352736991216893
(47, 2) : 0.004133364885109708
(47, 48) : 0.0034988630605418325
(48, 49) : 0.0033697685204996945
(48, 47) : 0.0034988630605418325
(48, 3) : 0.003884134064323467
(49, 48) : 0.0033697685204996945
(49, 4) : 0.0032990554390811017
(49, 50) : 0.0035658013919050114
(50, 49) : 0.0035658013919050114
(50, 5) : 0.0031406418010480365
(50, 51) : 0.004169491818408282
(51, 50) : 0.004169491818408282
(51, 6) : 0.0036258352109677337
(51, 52) : 0.003021215039209407
(52, 51) : 0.003021215039209407
(52, 7) : 0.003602627282691975
(52, 53) : 0.003962677694059712
(53, 52) : 0.003962677694059712
(53, 8) : 0.0029711977891602763
(53, 54) : 0.0035291327589639858
(54, 53) : 0.0035291327589639858
(54, 9) : 0.003099998051848439
(54, 55) : 0.002829686031103511
(55, 54) : 0.002829686031103511
(55, 10) : 0.0034732508164123147
(55, 56) : 0.0038470990420876095
(56, 55) : 0.0038470990420876095
(56, 11) : 0.004262296034745947
(56, 57) : 0.00442781522048494
(57, 58) : 0.004131612255570193
(57, 56) : 0.00442781522048494
(57, 12) : 0.004364391373121731
(58, 57) : 0.004131612255570193
(58, 13) : 0.004141513521511359
(58, 59) : 0.0028143611949983517
(59, 14) : 0.0036510450455470517
(59, 60) : 0.0031693044481872767
(59, 58) : 0.0028143611949983517
(60, 59) : 0.0031693044481872767
(60, 15) : 0.0033292548455712227
(60, 61) : 0.003371768238015806
(61, 16) : 0.003918159643064681
(61, 62) : 0.0034319283832910446
(61, 60) : 0.003371768238015806
(62, 61) : 0.0034319283832910446
(62, 17) : 0.003969537987871735
(62, 63) : 0.0036982543813108303
(63, 62) : 0.0036982543813108308
(63, 18) : 0.0035151241980566836
(63, 64) : 0.0032206548358526548
(64, 63) : 0.0032206548358526548
(64, 19) : 0.0035292811710233886
(64, 65) : 0.0026361383049668336
(65, 64) : 0.0026361383049668336
(65, 20) : 0.003389391292303916
(65, 66) : 0.0037000740693112926
(66, 67) : 0.002775035337264335
(66, 65) : 0.0037000740693112926
(66, 21) : 0.00388051599983788
(67, 66) : 0.002775035337264335
(67, 22) : 0.004648112586506058
(67, 68) : 0.004240340685380015
(68, 69) : 0.003912682138242886
(68, 67) : 0.004240340685380015
(68, 23) : 0.003916846570618984
(69, 68) : 0.003912682138242886
(69, 24) : 0.003701510165244962
(69, 70) : 0.003749363019697132
(70, 25) : 0.003738990769544364
(70, 71) : 0.0036935240198825155
(70, 69) : 0.003749363019697132
(71, 70) : 0.0036935240198825155
(71, 26) : 0.003970004090635746
(71, 72) : 0.0028755952256571634
(72, 27) : 0.004643856315776823
(72, 73) : 0.0032836809266521255
(72, 71) : 0.0028755952256571634
(73, 72) : 0.0032836809266521255
(73, 28) : 0.00391624149859575
(73, 74) : 0.003533827069243135
(74, 73) : 0.003533827069243135
(74, 29) : 0.003407742595863361
(74, 75) : 0.0032095617360093274
(75, 76) : 0.004451492131022327
(75, 74) : 0.0032095617360093274
(75, 30) : 0.0033656525884470717
(76, 75) : 0.004451492131022327
(76, 31) : 0.0036419068645987475
(76, 77) : 0.003670133890372369
(77, 76) : 0.003670133890372369
(77, 32) : 0.0043019279376749035
(77, 78) : 0.003826210275631389
(78, 77) : 0.003826210275631389
(78, 33) : 0.0037276515148005384
(78, 79) : 0.0045761109779485325
(79, 34) : 0.0035824805592403622
(79, 80) : 0.004348004699919071
(79, 78) : 0.004576110977948532
(80, 79) : 0.004348004699919071
(80, 35) : 0.0037784647372333443
(80, 81) : 0.003584816331588908
(81, 82) : 0.003869692969281875
(81, 80) : 0.003584816331588908
(81, 36) : 0.0036613479122250413
(82, 81) : 0.003869692969281875
(82, 37) : 0.0038765059497964044
(82, 83) : 0.005014765228851563
(83, 82) : 0.005014765228851563
(83, 38) : 0.004528778958289106
(83, 84) : 0.004178241303203853
(84, 83) : 0.004178241303203853
(84, 39) : 0.0043544756981423235
(84, 85) : 0.00358709707348697
(85, 84) : 0.00358709707348697
(85, 40) : 0.0037270813979043784
(85, 86) : 0.0032971260794800706
(86, 85) : 0.0032971260794800706
(86, 41) : 0.0032714374338799414
(86, 87) : 0.004298168940847074
(87, 86) : 0.004298168940847074
(87, 42) : 0.0037351603107968023
(87, 88) : 0.004114799283694905
(88, 89) : 0.003964425592989473
(88, 87) : 0.004114799283694905
(88, 43) : 0.0037398918423556457
(89, 88) : 0.003964425592989473
(89, 44) : 0.0030821243509335165
(89, 90) : 0.004083871437490929
(90, 46) : 0.0038798476198468016
(90, 89) : 0.004083871437490929
(90, 45) : 0.0035097079063585845
