(1, 45) : 0.003610669252696925
(1, 46) : 0.003472530565672234
(1, 2) : 0.0035161659942028636
(2, 3) : 0.0037030956293624974
(2, 1) : 0.0035161659942028636
(2, 47) : 0.002812966591457598
(3, 2) : 0.0037030956293624974
(3, 48) : 0.002794033820280345
(3, 4) : 0.0037744260052043014
(4, 49) : 0.0033929261652528163
(4, 5) : 0.004202285275735376
(4, 3) : 0.0037744260052043014
(5, 4) : 0.004202285275735376
(5, 50) : 0.004458446270523333
(5, 6) : 0.0030291093701498265
(6, 51) : 0.003898569320217114
(6, 7) : 0.0041273163304191484
(6, 5) : 0.0030291093701498265
(7, 6) : 0.0041273163304191484
(7, 52) : 0.0034265547144473867
(7, 8) : 0.0036446432509121872
(8, 7) : 0.0036446432509121872
(8, 53) : 0.003794079660877315
(8, 9) : 0.003791879744842196
(9, 10) : 0.0034867824451039913
(9, 8) : 0.0037918797448421963
(9, 54) : 0.0035111386718930074
(10, 9) : 0.0034867824451039913
(10, 55) : 0.003612030746564293
(10, 11) : 0.002707756026939956
(11, 12) : 0.0040312190177808765
(11, 10) : 0.002707756026939956
(11, 56) : 0.0037737252937998854
(12, 11) : 0.0040312190177808765
(12, 57) : 0.004268028774400317
(12, 13) : 0.0036020796568162535
(13, 14) : 0.003455072214255796
(13, 12) : 0.0036020796568162535
(13, 58) : 0.003806880107264449
(14, 13) : 0.003455072214255796
(14, 59) : 0.0028378966990307
(14, 15) : 0.003212586677445219
(15, 16) : 0.0036020380628100242
(15, 14) : 0.003212586677445219
(15, 60) : 0.003148825223581911
(16, 15) : 0.0036020380628100242
(16, 61) : 0.0031643723122665585
(16, 17) : 0.0036866301786477214
(17, 16) : 0.0036866301786477214
(17, 62) : 0.0037162985880128917
(17, 18) : 0.0029083284006455956
(18, 17) : 0.0029083284006455956
(18, 63) : 0.0038645231758890008
(18, 19) : 0.003168660350102917
(19, 18) : 0.003168660350102917
(19, 64) : 0.0035390343121998054
(19, 20) : 0.0027976946958025535
(20, 19) : 0.0027976946958025535
(20, 65) : 0.0035628301384021508
(20, 21) : 0.003155153249152315
(21, 20) : 0.003155153249152315
(21, 66) : 0.0033320350857955956
(21, 22) : 0.004480879550605623
(22, 21) : 0.004480879550605623
(22, 67) : 0.0041666361665510165
(22, 23) : 0.004005912132221815
(23, 22) : 0.004005912132221815
(23, 68) : 0.0037290886672108102
(23, 24) : 0.003916561947974899
(24, 25) : 0.00415080842610202
(24, 23) : 0.003916561947974899
(24, 69) : 0.0026767621891618256
(25, 24) : 0.00415080842610202
(25, 70) : 0.003068027903972381
(25, 26) : 0.0038596807412001216
(26, 27) : 0.004049295681723384
(26, 25) : 0.0038596807412001216
(26, 71) : 0.003554402444573974
(27, 26) : 0.004049295681723384
(27, 72) : 0.004018346399532557
(27, 28) : 0.003461330103088396
(28, 73) : 0.00404257862920295
(28, 29) : 0.0037467826752129747
(28, 27) : 0.003461330103088396
(29, 28) : 0.003746782675212975
(29, 74) : 0.003892970769248915
(29, 30) : 0.003805597456507969
(30, 75) : 0.003775568949840815
(30, 31) : 0.003985784923060456
(30, 29) : 0.0038055974565079686
(31, 30) : 0.003985784923060456
(31, 76) : 0.003986388473777529
(31, 32) : 0.0033376615591741024
(32, 31) : 0.0033376615591741024
(32, 77) : 0.003997402733321916
(32, 33) : 0.004385048958971322
(33, 34) : 0.0044581392322402555
(33, 32) : 0.004385048958971322
(33, 78) : 0.0031250236664812814
(34, 33) : 0.004458139232240255
(34, 79) : 0.0037804801222748635
(34, 35) : 0.004110356371499185
(35, 36) : 0.002957107635912201
(35, 34) : 0.004110356371499185
(35, 80) : 0.004560952530849044
(36, 35) : 0.002957107635912201
(36, 81) : 0.003417918162584955
(36, 37) : 0.002851898485377327
(37, 82) : 0.0029632898814630124
(37, 38) : 0.002808684194697489
(37, 36) : 0.002851898485377327
(38, 37) : 0.002808684194697489
(38, 83) : 0.0034097593372437265
(38, 39) : 0.0033970308372360774
(39, 84) : 0.004113106865517656
(39, 40) : 0.0032189388837103694
(39, 38) : 0.0033970308372360774
(40, 39) : 0.0032189388837103694
(40, 85) : 0.0035175919441918792
(40, 41) : 0.00452036624318735
(41, 40) : 0.004520366243187349
(41, 86) : 0.0028629879912514793
(41, 42) : 0.004095681407798885
(42, 43) : 0.003788997169523478
(42, 41) : 0.004095681407798885
(42, 87) : 0.004244981089216188
(43, 42) : 0.003788997169523478
(43, 88) : 0.00375112394357333
(43, 44) : 0.005239053532491015
(44, 45) : 0.004078115918246787
(44, 43) : 0.005239053532491015
(44, 89) : 0.0036880476779542655
(45, 44) : 0.004078115918246787
(45, 90) : 0.004610234242803035
(45, 1) : 0.003610669252696925
(46, 47) : 0.0037026936560328985
(46, 90) : 0.003580162091632138
(46, 1) : 0.003472530565672234
(47, 46) : 0.003702693656032898
(47, 2) : 0.002812966591457598
(47, 48) : 0.003514401017837748
(48, 49) : 0.00413828059723368
(48, 47) : 0.003514401017837748
(48, 3) : 0.002794033820280345
(49, 48) : 0.00413828059723368
(49, 4) : 0.0033929261652528163
(49, 50) : 0.003920997716395878
(50, 49) : 0.003920997716395878
(50, 5) : 0.004458446270523333
(50, 51) : 0.0032965880160393288
(51, 50) : 0.0032965880160393288
(51, 6) : 0.003898569320217114
(51, 52) : 0.003281679737891889
(52, 51) : 0.003281679737891889
(52, 7) : 0.0034265547144473867
(52, 53) : 0.0034100844483090772
(53, 52) : 0.0034100844483090772
(53, 8) : 0.003794079660877315
(53, 54) : 0.00367455725442647
(54, 53) : 0.00367455725442647
(54, 9) : 0.003511138671893008
(54, 55) : 0.0032497147467455724
(55, 54) : 0.0032497147467455724
(55, 10) : 0.0036120307465642926
(55, 56) : 0.0035090276632739354
(56, 55) : 0.0035090276632739354
(56, 11) : 0.0037737252937998854
(56, 57) : 0.004196834189791508
(57, 58) : 0.0040526257190514935
(57, 56) : 0.004196834189791508
(57, 12) : 0.004268028774400317
(58, 57) : 0.0040526257190514935
(58, 13) : 0.003806880107264449
(58, 59) : 0.0037966070603907506
(59, 14) : 0.0028378966990307
(59, 60) : 0.003504028218684109
(59, 58) : 0.0037966070603907506
(60, 59) : 0.003504028218684109
(60, 15) : 0.003148825223581911
(60, 61) : 0.0035968583688458142
(61, 16) : 0.0031643723122665585
(61, 62) : 0.0038785905306933893
(61, 60) : 0.0035968583688458142
(62, 61) : 0.003878590530693389
(62, 17) : 0.0037162985880128917
(62, 63) : 0.002952498924217079
(63, 62) : 0.002952498924217079
(63, 18) : 0.0038645231758890003
(63, 64) : 0.0038264699557355388
(64, 63) : 0.0038264699557355388
(64, 19) : 0.0035390343121998054
(64, 65) : 0.00299771773105994
(65, 64) : 0.00299771773105994
(65, 20) : 0.0035628301384021508
(65, 66) : 0.0040028793492415
(66, 67) : 0.0038194576560680767
(66, 65) : 0.0040028793492415
(66, 21) : 0.0033320350857955956
(67, 66) : 0.0038194576560680767
(67, 22) : 0.0041666361665510165
(67, 68) : 0.0036819593644964116
(68, 69) : 0.0034281898225613835
(68, 67) : 0.0036819593644964116
(68, 23) : 0.0037290886672108102
(69, 68) : 0.0034281898225613835
(69, 24) : 0.0026767621891618256
(69, 70) : 0.0034238868742100903
(70, 25) : 0.003068027903972381
(70, 71) : 0.003788931079084032
(70, 69) : 0.0034238868742100903
(71, 70) : 0.003788931079084032
(71, 26) : 0.003554402444573974
(71, 72) : 0.0031712425467881927
(72, 27) : 0.004018346399532557
(72, 73) : 0.0029497712135862835
(72, 71) : 0.0031712425467881927
(73, 72) : 0.0029497712135862835
(73, 28) : 0.00404257862920295
(73, 74) : 0.003490120186723988
(74, 73) : 0.003490120186723988
(74, 29) : 0.003892970769248915
(74, 75) : 0.003449513506506912
(75, 76) : 0.004294062503035542
(75, 74) : 0.003449513506506912
(75, 30) : 0.0037755689498408145
(76, 75) : 0.004294062503035542
(76, 31) : 0.003986388473777529
(76, 77) : 0.0036173613579715286
(77, 76) : 0.0036173613579715286
(77, 32) : 0.003997402733321916
(77, 78) : 0.004909540676888787
(78, 77) : 0.004909540676888787
(78, 33) : 0.0031250236664812814
(78, 79) : 0.005908475261934042
(79, 34) : 0.0037804801222748635
(79, 80) : 0.004523327053841232
(79, 78) : 0.005908475261934042
(80, 79) : 0.004523327053841232
(80, 35) : 0.004560952530849044
(80, 81) : 0.0038025938020179993
(81, 82) : 0.0033342423409901674
(81, 80) : 0.003802593802017999
(81, 36) : 0.003417918162584955
(82, 81) : 0.0033342423409901674
(82, 37) : 0.0029632898814630124
(82, 83) : 0.0032514394962613047
(83, 82) : 0.0032514394962613047
(83, 38) : 0.0034097593372437265
(83, 84) : 0.004313660167463336
(84, 83) : 0.004313660167463336
(84, 39) : 0.004113106865517656
(84, 85) : 0.003842515259767483
(85, 84) : 0.003842515259767483
(85, 40) : 0.0035175919441918792
(85, 86) : 0.004546603455364411
(86, 85) : 0.004546603455364412
(86, 41) : 0.0028629879912514793
(86, 87) : 0.004188399056009328
(87, 86) : 0.004188399056009328
(87, 42) : 0.004244981089216188
(87, 88) : 0.0032992123642529656
(88, 89) : 0.005700001053624885
(88, 87) : 0.0032992123642529656
(88, 43) : 0.00375112394357333
(89, 88) : 0.005700001053624885
(89, 44) : 0.0036880476779542655
(89, 90) : 0.0041174939906016795
(90, 46) : 0.003580162091632138
(90, 89) : 0.0041174939906016795
(90, 45) : 0.004610234242803035
