(1, 45) : 0.003434356299782928
(1, 46) : 0.0033771537258924715
(1, 2) : 0.003708657151925967
(2, 3) : 0.0038239348655558746
(2, 1) : 0.003708657151925967
(2, 47) : 0.004413302271088674
(3, 2) : 0.0038239348655558746
(3, 48) : 0.00423698152154839
(3, 4) : 0.004180422741334137
(4, 49) : 0.004063001723686902
(4, 5) : 0.003941159015207816
(4, 3) : 0.004180422741334137
(5, 4) : 0.003941159015207816
(5, 50) : 0.004182645916113082
(5, 6) : 0.004614814552921357
(6, 51) : 0.004539003538733645
(6, 7) : 0.004445762242906988
(6, 5) : 0.004614814552921357
(7, 6) : 0.004445762242906988
(7, 52) : 0.004389703546163282
(7, 8) : 0.004924489027136555
(8, 7) : 0.004924489027136555
(8, 53) : 0.003967533280102405
(8, 9) : 0.002990922430811734
(9, 10) : 0.0037555814255702006
(9, 8) : 0.002990922430811734
(9, 54) : 0.0038883435089728446
(10, 9) : 0.003755581425570201
(10, 55) : 0.0033860770025911356
(10, 11) : 0.00363294342013392
(11, 12) : 0.0044477968909484595
(11, 10) : 0.00363294342013392
(11, 56) : 0.0037401091179772718
(12, 11) : 0.0044477968909484595
(12, 57) : 0.00388973142065206
(12, 13) : 0.003665425319284606
(13, 14) : 0.003798276590887846
(13, 12) : 0.003665425319284606
(13, 58) : 0.00402180774664323
(14, 13) : 0.003798276590887846
(14, 59) : 0.0037303801701829434
(14, 15) : 0.0038339887627963165
(15, 16) : 0.0036080588072625965
(15, 14) : 0.0038339887627963165
(15, 60) : 0.0030551327414064544
(16, 15) : 0.0036080588072625965
(16, 61) : 0.003689307036736948
(16, 17) : 0.0040597304803996455
(17, 16) : 0.0040597304803996455
(17, 62) : 0.0038359907512992533
(17, 18) : 0.003885877353996823
(18, 17) : 0.003885877353996823
(18, 63) : 0.00318087022916384
(18, 19) : 0.004013859241126616
(19, 18) : 0.004013859241126616
(19, 64) : 0.003294855987401451
(19, 20) : 0.003133666106453515
(20, 19) : 0.003133666106453515
(20, 65) : 0.003888324827364348
(20, 21) : 0.0037172236251846254
(21, 20) : 0.0037172236251846254
(21, 66) : 0.0041267735600035126
(21, 22) : 0.004125282811490833
(22, 21) : 0.004125282811490833
(22, 67) : 0.0041171325668576935
(22, 23) : 0.0035066014647833323
(23, 22) : 0.0035066014647833323
(23, 68) : 0.0032996575655348946
(23, 24) : 0.004056548690270308
(24, 25) : 0.0034920396916859222
(24, 23) : 0.004056548690270308
(24, 69) : 0.002753033990066687
(25, 24) : 0.0034920396916859222
(25, 70) : 0.0031246724229263894
(25, 26) : 0.0037743330443329617
(26, 27) : 0.003639017062347204
(26, 25) : 0.0037743330443329617
(26, 71) : 0.003437318575355414
(27, 26) : 0.003639017062347204
(27, 72) : 0.004056476556548075
(27, 28) : 0.00359439675318958
(28, 73) : 0.0038292195420561253
(28, 29) : 0.004895791091782774
(28, 27) : 0.00359439675318958
(29, 28) : 0.004895791091782774
(29, 74) : 0.0035475817479415513
(29, 30) : 0.0035325317460843638
(30, 75) : 0.0038758613760464084
(30, 31) : 0.004002278819043793
(30, 29) : 0.0035325317460843638
(31, 30) : 0.004002278819043793
(31, 76) : 0.003809825779690331
(31, 32) : 0.003597881739057412
(32, 31) : 0.003597881739057412
(32, 77) : 0.003946706705198099
(32, 33) : 0.003559455001567976
(33, 34) : 0.0033108220306367992
(33, 32) : 0.003559455001567976
(33, 78) : 0.00425550682455314
(34, 33) : 0.0033108220306367992
(34, 79) : 0.00381341141826128
(34, 35) : 0.0032833531437280973
(35, 36) : 0.0034464495647836472
(35, 34) : 0.003283353143728097
(35, 80) : 0.004030493436365148
(36, 35) : 0.0034464495647836472
(36, 81) : 0.0037913972680642494
(36, 37) : 0.0037007281962292637
(37, 82) : 0.0029577932115667917
(37, 38) : 0.003224109470501258
(37, 36) : 0.0037007281962292637
(38, 37) : 0.003224109470501258
(38, 83) : 0.0032654706509248244
(38, 39) : 0.003613753276507924
(39, 84) : 0.003584772043003606
(39, 40) : 0.0031452057145732416
(39, 38) : 0.003613753276507924
(40, 39) : 0.0031452057145732416
(40, 85) : 0.003206019275626891
(40, 41) : 0.0032553013285968016
(41, 40) : 0.0032553013285968016
(41, 86) : 0.003029566153368165
(41, 42) : 0.0030272667513145494
(42, 43) : 0.0032329429783035917
(42, 41) : 0.0030272667513145494
(42, 87) : 0.003924456419813175
(43, 42) : 0.0032329429783035917
(43, 88) : 0.003844839534825497
(43, 44) : 0.0031760157167779204
(44, 45) : 0.0029148563879839258
(44, 43) : 0.0031760157167779204
(44, 89) : 0.0036839327079242253
(45, 44) : 0.0029148563879839258
(45, 90) : 0.003279910481501459
(45, 1) : 0.003434356299782928
(46, 47) : 0.003726947927867356
(46, 90) : 0.00417274864584767
(46, 1) : 0.0033771537258924715
(47, 46) : 0.003726947927867356
(47, 2) : 0.004413302271088674
(47, 48) : 0.004615560284975879
(48, 49) : 0.0046245722122141095
(48, 47) : 0.004615560284975879
(48, 3) : 0.00423698152154839
(49, 48) : 0.0046245722122141095
(49, 4) : 0.004063001723686902
(49, 50) : 0.0045905138606865264
(50, 49) : 0.0045905138606865264
(50, 5) : 0.004182645916113082
(50, 51) : 0.004743787269223754
(51, 50) : 0.004743787269223754
(51, 6) : 0.004539003538733645
(51, 52) : 0.004314064340681338
(52, 51) : 0.004314064340681338
(52, 7) : 0.004389703546163282
(52, 53) : 0.0036466483029921784
(53, 52) : 0.0036466483029921784
(53, 8) : 0.003967533280102405
(53, 54) : 0.003640969155097106
(54, 53) : 0.003640969155097106
(54, 9) : 0.0038883435089728446
(54, 55) : 0.0027982201391369235
(55, 54) : 0.0027982201391369235
(55, 10) : 0.0033860770025911356
(55, 56) : 0.0045788388073440475
(56, 55) : 0.0045788388073440475
(56, 11) : 0.0037401091179772718
(56, 57) : 0.0037322886540219393
(57, 58) : 0.004064654414986904
(57, 56) : 0.0037322886540219393
(57, 12) : 0.00388973142065206
(58, 57) : 0.004064654414986904
(58, 13) : 0.00402180774664323
(58, 59) : 0.003091903418055895
(59, 14) : 0.0037303801701829434
(59, 60) : 0.003975977884353574
(59, 58) : 0.003091903418055895
(60, 59) : 0.003975977884353574
(60, 15) : 0.0030551327414064544
(60, 61) : 0.003388163408578965
(61, 16) : 0.003689307036736948
(61, 62) : 0.0035505345499294775
(61, 60) : 0.003388163408578965
(62, 61) : 0.0035505345499294775
(62, 17) : 0.0038359907512992533
(62, 63) : 0.0038202379467669194
(63, 62) : 0.0038202379467669194
(63, 18) : 0.00318087022916384
(63, 64) : 0.0030996835015227875
(64, 63) : 0.0030996835015227875
(64, 19) : 0.003294855987401451
(64, 65) : 0.0031849992282415853
(65, 64) : 0.0031849992282415853
(65, 20) : 0.003888324827364348
(65, 66) : 0.003583577176026323
(66, 67) : 0.003544426541022979
(66, 65) : 0.003583577176026323
(66, 21) : 0.004126773560003513
(67, 66) : 0.003544426541022979
(67, 22) : 0.0041171325668576935
(67, 68) : 0.0039024931487341126
(68, 69) : 0.0033039035769772693
(68, 67) : 0.0039024931487341126
(68, 23) : 0.0032996575655348946
(69, 68) : 0.0033039035769772693
(69, 24) : 0.002753033990066687
(69, 70) : 0.0032951537247528488
(70, 25) : 0.0031246724229263903
(70, 71) : 0.003063873066924433
(70, 69) : 0.0032951537247528488
(71, 70) : 0.0030638730669244325
(71, 26) : 0.003437318575355414
(71, 72) : 0.0028303928683753193
(72, 27) : 0.004056476556548075
(72, 73) : 0.0032157648579249783
(72, 71) : 0.0028303928683753193
(73, 72) : 0.0032157648579249783
(73, 28) : 0.0038292195420561253
(73, 74) : 0.0038161117900757167
(74, 73) : 0.0038161117900757167
(74, 29) : 0.0035475817479415513
(74, 75) : 0.0036445400794191812
(75, 76) : 0.004179537627750945
(75, 74) : 0.0036445400794191812
(75, 30) : 0.003875861376046408
(76, 75) : 0.004179537627750945
(76, 31) : 0.003809825779690331
(76, 77) : 0.004035497361011588
(77, 76) : 0.004035497361011588
(77, 32) : 0.003946706705198099
(77, 78) : 0.004710724730141969
(78, 77) : 0.004710724730141969
(78, 33) : 0.00425550682455314
(78, 79) : 0.0035690290859374503
(79, 34) : 0.00381341141826128
(79, 80) : 0.004098881892185742
(79, 78) : 0.0035690290859374503
(80, 79) : 0.004098881892185742
(80, 35) : 0.004030493436365148
(80, 81) : 0.0031947491227875624
(81, 82) : 0.0038905853623052234
(81, 80) : 0.0031947491227875624
(81, 36) : 0.0037913972680642494
(82, 81) : 0.0038905853623052234
(82, 37) : 0.0029577932115667917
(82, 83) : 0.0027975936081198415
(83, 82) : 0.0027975936081198415
(83, 38) : 0.0032654706509248244
(83, 84) : 0.00331086245103025
(84, 83) : 0.00331086245103025
(84, 39) : 0.003584772043003606
(84, 85) : 0.0027823488611705945
(85, 84) : 0.0027823488611705945
(85, 40) : 0.003206019275626891
(85, 86) : 0.0029712284408708084
(86, 85) : 0.0029712284408708084
(86, 41) : 0.003029566153368165
(86, 87) : 0.00334439520545762
(87, 86) : 0.00334439520545762
(87, 42) : 0.003924456419813175
(87, 88) : 0.0036610016505487382
(88, 89) : 0.004458891500406186
(88, 87) : 0.0036610016505487382
(88, 43) : 0.0038448395348254973
(89, 88) : 0.004458891500406185
(89, 44) : 0.0036839327079242253
(89, 90) : 0.003347127612571236
(90, 46) : 0.004172748645847671
(90, 89) : 0.003347127612571236
(90, 45) : 0.003279910481501459
