(1, 45) : 0.004698822711304453
(1, 46) : 0.0037748394709236953
(1, 2) : 0.005227290708729652
(2, 3) : 0.0046449161821730985
(2, 1) : 0.005227290708729652
(2, 47) : 0.0029392964980281943
(3, 2) : 0.0046449161821730985
(3, 48) : 0.003724908940939052
(3, 4) : 0.003893465416061138
(4, 49) : 0.0037650373437254354
(4, 5) : 0.0034366141621594913
(4, 3) : 0.003893465416061138
(5, 4) : 0.0034366141621594913
(5, 50) : 0.0037189810634607016
(5, 6) : 0.002939507355967284
(6, 51) : 0.003972369082386826
(6, 7) : 0.0031865454588251596
(6, 5) : 0.002939507355967284
(7, 6) : 0.0031865454588251596
(7, 52) : 0.0036004852908868004
(7, 8) : 0.003230240296434441
(8, 7) : 0.003230240296434441
(8, 53) : 0.0038536110207422905
(8, 9) : 0.0031468211263293586
(9, 10) : 0.0034741874164116323
(9, 8) : 0.0031468211263293586
(9, 54) : 0.003609354832651068
(10, 9) : 0.0034741874164116323
(10, 55) : 0.003211689854525068
(10, 11) : 0.0037531188187087654
(11, 12) : 0.0029878163675352187
(11, 10) : 0.0037531188187087654
(11, 56) : 0.004282808911430378
(12, 11) : 0.0029878163675352187
(12, 57) : 0.0051118061993139525
(12, 13) : 0.003710339669695348
(13, 14) : 0.003182003998960401
(13, 12) : 0.003710339669695348
(13, 58) : 0.004276348380209766
(14, 13) : 0.003182003998960401
(14, 59) : 0.0032640989069785955
(14, 15) : 0.0035760567389414837
(15, 16) : 0.003159254756287425
(15, 14) : 0.0035760567389414837
(15, 60) : 0.003915770621634047
(16, 15) : 0.003159254756287425
(16, 61) : 0.0040477429214903545
(16, 17) : 0.004094328560741866
(17, 16) : 0.004094328560741866
(17, 62) : 0.003380478044026675
(17, 18) : 0.0032455540318088553
(18, 17) : 0.0032455540318088553
(18, 63) : 0.0034036170984154232
(18, 19) : 0.0035957488161120254
(19, 18) : 0.0035957488161120254
(19, 64) : 0.0027754791535599664
(19, 20) : 0.0039821393129208585
(20, 19) : 0.0039821393129208585
(20, 65) : 0.0028157472211630626
(20, 21) : 0.004024853415519443
(21, 20) : 0.004024853415519443
(21, 66) : 0.0034240403728652545
(21, 22) : 0.0035559162391607065
(22, 21) : 0.0035559162391607065
(22, 67) : 0.0039960045930767215
(22, 23) : 0.0032891674758952043
(23, 22) : 0.0032891674758952043
(23, 68) : 0.003802688765483195
(23, 24) : 0.002605434481510639
(24, 25) : 0.0029087681864077876
(24, 23) : 0.002605434481510639
(24, 69) : 0.0035326987214724433
(25, 24) : 0.0029087681864077876
(25, 70) : 0.0035437673758502456
(25, 26) : 0.0036932727261359544
(26, 27) : 0.004263088875737509
(26, 25) : 0.003693272726135955
(26, 71) : 0.003568164495554134
(27, 26) : 0.004263088875737509
(27, 72) : 0.00357029170851073
(27, 28) : 0.003890663972473738
(28, 73) : 0.003545894871961234
(28, 29) : 0.004280185327926615
(28, 27) : 0.003890663972473738
(29, 28) : 0.004280185327926615
(29, 74) : 0.003389075570514906
(29, 30) : 0.0036813138697306467
(30, 75) : 0.003476658292460755
(30, 31) : 0.0039109639132852885
(30, 29) : 0.0036813138697306467
(31, 30) : 0.0039109639132852885
(31, 76) : 0.0033854672613448495
(31, 32) : 0.0037307047162706054
(32, 31) : 0.0037307047162706054
(32, 77) : 0.0030038970169875417
(32, 33) : 0.003880776170844523
(33, 34) : 0.0032234170222604865
(33, 32) : 0.003880776170844523
(33, 78) : 0.0030933534448980365
(34, 33) : 0.0032234170222604865
(34, 79) : 0.003258013557623574
(34, 35) : 0.0038855795692899282
(35, 36) : 0.003916086565934312
(35, 34) : 0.0038855795692899282
(35, 80) : 0.003549834953163086
(36, 35) : 0.003916086565934312
(36, 81) : 0.00390943999093814
(36, 37) : 0.0029297488831862973
(37, 82) : 0.0039061360512420516
(37, 38) : 0.003915752002511605
(37, 36) : 0.0029297488831862973
(38, 37) : 0.003915752002511605
(38, 83) : 0.003658289529434715
(38, 39) : 0.004422660159166611
(39, 84) : 0.0036286542382791332
(39, 40) : 0.003345962364733378
(39, 38) : 0.004422660159166611
(40, 39) : 0.003345962364733378
(40, 85) : 0.003478386116644966
(40, 41) : 0.0038475679671666554
(41, 40) : 0.0038475679671666554
(41, 86) : 0.002923385871841698
(41, 42) : 0.003885831924491447
(42, 43) : 0.0031488433486614163
(42, 41) : 0.0038858319244914476
(42, 87) : 0.0031286565252210646
(43, 42) : 0.0031488433486614163
(43, 88) : 0.0036860878618254025
(43, 44) : 0.005016812480171491
(44, 45) : 0.005239965818991654
(44, 43) : 0.005016812480171491
(44, 89) : 0.0040748909673719216
(45, 44) : 0.005239965818991654
(45, 90) : 0.004567053852974478
(45, 1) : 0.004698822711304453
(46, 47) : 0.00416221839145605
(46, 90) : 0.003917212765920908
(46, 1) : 0.0037748394709236953
(47, 46) : 0.00416221839145605
(47, 2) : 0.0029392964980281943
(47, 48) : 0.004730237027282222
(48, 49) : 0.003880281920860306
(48, 47) : 0.004730237027282222
(48, 3) : 0.003724908940939052
(49, 48) : 0.003880281920860306
(49, 4) : 0.0037650373437254354
(49, 50) : 0.004482177633236108
(50, 49) : 0.004482177633236108
(50, 5) : 0.0037189810634607016
(50, 51) : 0.003132380699642599
(51, 50) : 0.0031323806996425996
(51, 6) : 0.003972369082386826
(51, 52) : 0.004362761669776246
(52, 51) : 0.004362761669776246
(52, 7) : 0.0036004852908868004
(52, 53) : 0.003980123570274421
(53, 52) : 0.003980123570274421
(53, 8) : 0.0038536110207422905
(53, 54) : 0.00399463714288041
(54, 53) : 0.00399463714288041
(54, 9) : 0.003609354832651068
(54, 55) : 0.004668136097683428
(55, 54) : 0.004668136097683428
(55, 10) : 0.003211689854525068
(55, 56) : 0.004192855709996307
(56, 55) : 0.004192855709996307
(56, 11) : 0.004282808911430378
(56, 57) : 0.0034314462815717775
(57, 58) : 0.003785798784569931
(57, 56) : 0.0034314462815717775
(57, 12) : 0.0051118061993139525
(58, 57) : 0.003785798784569931
(58, 13) : 0.004276348380209766
(58, 59) : 0.0033547142654690295
(59, 14) : 0.0032640989069785955
(59, 60) : 0.0037888736111196183
(59, 58) : 0.0033547142654690295
(60, 59) : 0.0037888736111196183
(60, 15) : 0.003915770621634047
(60, 61) : 0.0033746705708995505
(61, 16) : 0.0040477429214903545
(61, 62) : 0.0043019022274397465
(61, 60) : 0.0033746705708995505
(62, 61) : 0.0043019022274397465
(62, 17) : 0.003380478044026675
(62, 63) : 0.003103108065023596
(63, 62) : 0.003103108065023596
(63, 18) : 0.0034036170984154232
(63, 64) : 0.003562405605375013
(64, 63) : 0.003562405605375013
(64, 19) : 0.0027754791535599664
(64, 65) : 0.0035464697007645814
(65, 64) : 0.0035464697007645814
(65, 20) : 0.0028157472211630626
(65, 66) : 0.003921874258430557
(66, 67) : 0.004252718939070724
(66, 65) : 0.003921874258430557
(66, 21) : 0.0034240403728652545
(67, 66) : 0.004252718939070724
(67, 22) : 0.0039960045930767215
(67, 68) : 0.002862005924085839
(68, 69) : 0.003918778473344336
(68, 67) : 0.002862005924085839
(68, 23) : 0.0038026887654831953
(69, 68) : 0.003918778473344336
(69, 24) : 0.0035326987214724438
(69, 70) : 0.0030916643389114562
(70, 25) : 0.0035437673758502456
(70, 71) : 0.0038880299911438414
(70, 69) : 0.0030916643389114562
(71, 70) : 0.0038880299911438414
(71, 26) : 0.0035681644955541337
(71, 72) : 0.0040811429324268235
(72, 27) : 0.00357029170851073
(72, 73) : 0.003458354342893197
(72, 71) : 0.0040811429324268235
(73, 72) : 0.003458354342893197
(73, 28) : 0.003545894871961234
(73, 74) : 0.003476104858443911
(74, 73) : 0.0034761048584439113
(74, 29) : 0.003389075570514906
(74, 75) : 0.003606797905328342
(75, 76) : 0.0035449705301520682
(75, 74) : 0.003606797905328342
(75, 30) : 0.003476658292460755
(76, 75) : 0.0035449705301520687
(76, 31) : 0.0033854672613448495
(76, 77) : 0.0034208889722422155
(77, 76) : 0.0034208889722422155
(77, 32) : 0.0030038970169875417
(77, 78) : 0.0036840754221923867
(78, 77) : 0.0036840754221923867
(78, 33) : 0.0030933534448980365
(78, 79) : 0.00343912419979559
(79, 34) : 0.003258013557623574
(79, 80) : 0.003955657167609407
(79, 78) : 0.00343912419979559
(80, 79) : 0.003955657167609407
(80, 35) : 0.003549834953163086
(80, 81) : 0.003809304830221714
(81, 82) : 0.0036527014985727998
(81, 80) : 0.003809304830221714
(81, 36) : 0.00390943999093814
(82, 81) : 0.0036527014985727998
(82, 37) : 0.0039061360512420516
(82, 83) : 0.003781460791754061
(83, 82) : 0.003781460791754061
(83, 38) : 0.003658289529434715
(83, 84) : 0.004459139673070962
(84, 83) : 0.004459139673070962
(84, 39) : 0.0036286542382791332
(84, 85) : 0.0032796997122436318
(85, 84) : 0.0032796997122436318
(85, 40) : 0.003478386116644966
(85, 86) : 0.003140817345374259
(86, 85) : 0.003140817345374259
(86, 41) : 0.002923385871841698
(86, 87) : 0.003401369569294562
(87, 86) : 0.003401369569294562
(87, 42) : 0.0031286565252210646
(87, 88) : 0.003176057003303372
(88, 89) : 0.004307558658408382
(88, 87) : 0.003176057003303372
(88, 43) : 0.0036860878618254025
(89, 88) : 0.004307558658408382
(89, 44) : 0.0040748909673719216
(89, 90) : 0.00443387867283988
(90, 46) : 0.003917212765920908
(90, 89) : 0.00443387867283988
(90, 45) : 0.004567053852974478
