(1, 45) : 0.0028732977256408624
(1, 46) : 0.0028254892317561833
(1, 2) : 0.0027081960175025584
(2, 3) : 0.003313041263958914
(2, 1) : 0.0027081960175025584
(2, 47) : 0.003268066389738405
(3, 2) : 0.003313041263958914
(3, 48) : 0.003771210506368499
(3, 4) : 0.0034546518218965716
(4, 49) : 0.0037210057144686404
(4, 5) : 0.0031210536102924207
(4, 3) : 0.0034546518218965716
(5, 4) : 0.0031210536102924207
(5, 50) : 0.0032260321753639965
(5, 6) : 0.003820836330921274
(6, 51) : 0.0033236881986580696
(6, 7) : 0.004953070625922376
(6, 5) : 0.003820836330921274
(7, 6) : 0.004953070625922376
(7, 52) : 0.004442626937586503
(7, 8) : 0.0032479833535225154
(8, 7) : 0.0032479833535225154
(8, 53) : 0.004195060469079111
(8, 9) : 0.004383698149783173
(9, 10) : 0.002809081307493424
(9, 8) : 0.004383698149783173
(9, 54) : 0.003732862620001996
(10, 9) : 0.002809081307493424
(10, 55) : 0.003777931222446896
(10, 11) : 0.0031630204264266044
(11, 12) : 0.0030663467822669723
(11, 10) : 0.0031630204264266044
(11, 56) : 0.0030675264313954555
(12, 11) : 0.0030663467822669723
(12, 57) : 0.0030527376506835273
(12, 13) : 0.00282347697427425
(13, 14) : 0.003294410714144294
(13, 12) : 0.002823476974274251
(13, 58) : 0.002999985712807473
(14, 13) : 0.003294410714144294
(14, 59) : 0.003391331537949995
(14, 15) : 0.003143317356308837
(15, 16) : 0.0034062397093645004
(15, 14) : 0.003143317356308837
(15, 60) : 0.004723649508261095
(16, 15) : 0.0034062397093645004
(16, 61) : 0.004376570770179561
(16, 17) : 0.003672842557600692
(17, 16) : 0.003672842557600692
(17, 62) : 0.004188847164737785
(17, 18) : 0.003690012089158243
(18, 17) : 0.003690012089158243
(18, 63) : 0.004356820957601573
(18, 19) : 0.004363175016862023
(19, 18) : 0.004363175016862023
(19, 64) : 0.004054905810641819
(19, 20) : 0.00393249660214708
(20, 19) : 0.00393249660214708
(20, 65) : 0.0045131501959706595
(20, 21) : 0.0035906986624138493
(21, 20) : 0.0035906986624138493
(21, 66) : 0.005085118488712188
(21, 22) : 0.0036130868213417144
(22, 21) : 0.0036130868213417144
(22, 67) : 0.004886682697161246
(22, 23) : 0.003924574304480494
(23, 22) : 0.003924574304480494
(23, 68) : 0.003726001592215248
(23, 24) : 0.004059480277283778
(24, 25) : 0.0031745253058031086
(24, 23) : 0.004059480277283778
(24, 69) : 0.0037392696431915074
(25, 24) : 0.0031745253058031086
(25, 70) : 0.0035688087916519256
(25, 26) : 0.004667149150439255
(26, 27) : 0.003661453695053212
(26, 25) : 0.004667149150439255
(26, 71) : 0.003869971605806231
(27, 26) : 0.003661453695053212
(27, 72) : 0.004499824502636522
(27, 28) : 0.0038078037227129084
(28, 73) : 0.0035985781558767415
(28, 29) : 0.003453254172402162
(28, 27) : 0.0038078037227129084
(29, 28) : 0.003453254172402162
(29, 74) : 0.003590252592887597
(29, 30) : 0.003485050741133963
(30, 75) : 0.0036498118638599595
(30, 31) : 0.0034579726605728054
(30, 29) : 0.003485050741133963
(31, 30) : 0.0034579726605728054
(31, 76) : 0.0038107064754845195
(31, 32) : 0.003599035754566418
(32, 31) : 0.003599035754566418
(32, 77) : 0.0037794370956870525
(32, 33) : 0.0034761687276249125
(33, 34) : 0.003993159221576194
(33, 32) : 0.0034761687276249125
(33, 78) : 0.0032926832888495643
(34, 33) : 0.003993159221576194
(34, 79) : 0.003897085885701307
(34, 35) : 0.003708302940892462
(35, 36) : 0.004333707132128865
(35, 34) : 0.0037083029408924626
(35, 80) : 0.00408877697146815
(36, 35) : 0.004333707132128865
(36, 81) : 0.00420908085363793
(36, 37) : 0.003177996890167561
(37, 82) : 0.004189847665633954
(37, 38) : 0.004306987659108644
(37, 36) : 0.003177996890167561
(38, 37) : 0.0043069876591086435
(38, 83) : 0.0045754358991387115
(38, 39) : 0.003863666042256461
(39, 84) : 0.005320118974647465
(39, 40) : 0.003716501737813113
(39, 38) : 0.003863666042256461
(40, 39) : 0.003716501737813113
(40, 85) : 0.004256907432004162
(40, 41) : 0.004631149546543689
(41, 40) : 0.004631149546543689
(41, 86) : 0.0037315032243515735
(41, 42) : 0.003361510189194678
(42, 43) : 0.003270726275000818
(42, 41) : 0.003361510189194678
(42, 87) : 0.003426706097264674
(43, 42) : 0.003270726275000818
(43, 88) : 0.0032191227890188295
(43, 44) : 0.0035318824089131885
(44, 45) : 0.0031824324228108387
(44, 43) : 0.0035318824089131885
(44, 89) : 0.002956950129477486
(45, 44) : 0.0031824324228108387
(45, 90) : 0.0025583944929467584
(45, 1) : 0.0028732977256408624
(46, 47) : 0.0029835318160525027
(46, 90) : 0.0028837970582367214
(46, 1) : 0.0028254892317561833
(47, 46) : 0.0029835318160525027
(47, 2) : 0.003268066389738405
(47, 48) : 0.0035437943742355894
(48, 49) : 0.003318148567137568
(48, 47) : 0.0035437943742355894
(48, 3) : 0.003771210506368499
(49, 48) : 0.003318148567137568
(49, 4) : 0.0037210057144686404
(49, 50) : 0.003676312686647116
(50, 49) : 0.003676312686647116
(50, 5) : 0.0032260321753639965
(50, 51) : 0.00378264841327859
(51, 50) : 0.00378264841327859
(51, 6) : 0.0033236881986580696
(51, 52) : 0.004309146729208578
(52, 51) : 0.004309146729208578
(52, 7) : 0.004442626937586503
(52, 53) : 0.004019165934628245
(53, 52) : 0.004019165934628246
(53, 8) : 0.00419506046907911
(53, 54) : 0.0035575077247307608
(54, 53) : 0.0035575077247307608
(54, 9) : 0.003732862620001996
(54, 55) : 0.0035003195325706187
(55, 54) : 0.0035003195325706187
(55, 10) : 0.003777931222446896
(55, 56) : 0.003572664067682041
(56, 55) : 0.003572664067682041
(56, 11) : 0.0030675264313954555
(56, 57) : 0.0038147053382419464
(57, 58) : 0.003149779188866409
(57, 56) : 0.0038147053382419473
(57, 12) : 0.0030527376506835273
(58, 57) : 0.003149779188866409
(58, 13) : 0.002999985712807473
(58, 59) : 0.0030555079857088646
(59, 14) : 0.003391331537949995
(59, 60) : 0.003771287267380482
(59, 58) : 0.0030555079857088646
(60, 59) : 0.003771287267380482
(60, 15) : 0.004723649508261095
(60, 61) : 0.0031439044861274446
(61, 16) : 0.004376570770179561
(61, 62) : 0.004468413544104698
(61, 60) : 0.0031439044861274446
(62, 61) : 0.004468413544104698
(62, 17) : 0.004188847164737785
(62, 63) : 0.0038544074941920417
(63, 62) : 0.0038544074941920417
(63, 18) : 0.004356820957601573
(63, 64) : 0.004764725683731422
(64, 63) : 0.004764725683731422
(64, 19) : 0.004054905810641819
(64, 65) : 0.004262830527449672
(65, 64) : 0.004262830527449672
(65, 20) : 0.0045131501959706595
(65, 66) : 0.004044040106665154
(66, 67) : 0.004138223000961081
(66, 65) : 0.004044040106665154
(66, 21) : 0.005085118488712188
(67, 66) : 0.004138223000961081
(67, 22) : 0.004886682697161246
(67, 68) : 0.004041829596631659
(68, 69) : 0.0036089493722888224
(68, 67) : 0.004041829596631659
(68, 23) : 0.003726001592215248
(69, 68) : 0.0036089493722888224
(69, 24) : 0.0037392696431915074
(69, 70) : 0.0031913653195424115
(70, 25) : 0.0035688087916519256
(70, 71) : 0.004010927865802323
(70, 69) : 0.0031913653195424115
(71, 70) : 0.004010927865802323
(71, 26) : 0.003869971605806231
(71, 72) : 0.0042141224880641644
(72, 27) : 0.004499824502636522
(72, 73) : 0.003646687646154231
(72, 71) : 0.0042141224880641644
(73, 72) : 0.003646687646154231
(73, 28) : 0.0035985781558767415
(73, 74) : 0.003648580257099789
(74, 73) : 0.003648580257099789
(74, 29) : 0.003590252592887597
(74, 75) : 0.0030106180366351546
(75, 76) : 0.003711492017792712
(75, 74) : 0.0030106180366351546
(75, 30) : 0.0036498118638599595
(76, 75) : 0.003711492017792712
(76, 31) : 0.0038107064754845195
(76, 77) : 0.0029358816566316466
(77, 76) : 0.0029358816566316466
(77, 32) : 0.0037794370956870525
(77, 78) : 0.0036004127974364718
(78, 77) : 0.0036004127974364718
(78, 33) : 0.0032926832888495643
(78, 79) : 0.0037003647493104564
(79, 34) : 0.003897085885701307
(79, 80) : 0.0033992100183441168
(79, 78) : 0.0037003647493104564
(80, 79) : 0.0033992100183441168
(80, 35) : 0.00408877697146815
(80, 81) : 0.004422337730180632
(81, 82) : 0.003579367792856075
(81, 80) : 0.004422337730180632
(81, 36) : 0.00420908085363793
(82, 81) : 0.003579367792856075
(82, 37) : 0.004189847665633954
(82, 83) : 0.004186297901014718
(83, 82) : 0.004186297901014718
(83, 38) : 0.004575435899138712
(83, 84) : 0.0037609370042781874
(84, 83) : 0.0037609370042781874
(84, 39) : 0.005320118974647465
(84, 85) : 0.0037112482862652315
(85, 84) : 0.0037112482862652315
(85, 40) : 0.004256907432004162
(85, 86) : 0.0037438424495218167
(86, 85) : 0.0037438424495218167
(86, 41) : 0.0037315032243515735
(86, 87) : 0.0032906551296780478
(87, 86) : 0.0032906551296780478
(87, 42) : 0.003426706097264674
(87, 88) : 0.0032843002373067597
(88, 89) : 0.003262313766393903
(88, 87) : 0.0032843002373067597
(88, 43) : 0.0032191227890188295
(89, 88) : 0.003262313766393903
(89, 44) : 0.002956950129477486
(89, 90) : 0.0035982950402018506
(90, 46) : 0.0028837970582367214
(90, 89) : 0.0035982950402018506
(90, 45) : 0.0025583944929467584
