(1, 45) : 0.00398686411733461
(1, 46) : 0.0033009099091389493
(1, 2) : 0.0032408099206119364
(2, 3) : 0.0029082700995448417
(2, 1) : 0.0032408099206119364
(2, 47) : 0.0031519631377153363
(3, 2) : 0.0029082700995448417
(3, 48) : 0.0028102098753838975
(3, 4) : 0.0032570645232468634
(4, 49) : 0.003080436586422495
(4, 5) : 0.004045146689624019
(4, 3) : 0.0032570645232468634
(5, 4) : 0.004045146689624019
(5, 50) : 0.003810230954059214
(5, 6) : 0.004017201847120793
(6, 51) : 0.0036451527330474626
(6, 7) : 0.0038822787183596
(6, 5) : 0.004017201847120793
(7, 6) : 0.0038822787183595995
(7, 52) : 0.003733224989781152
(7, 8) : 0.0038733261496121984
(8, 7) : 0.0038733261496121984
(8, 53) : 0.004078621033085027
(8, 9) : 0.004400164595638996
(9, 10) : 0.0035905618726523683
(9, 8) : 0.004400164595638996
(9, 54) : 0.0035845256645302723
(10, 9) : 0.0035905618726523683
(10, 55) : 0.0037978562040581827
(10, 11) : 0.004027678896652974
(11, 12) : 0.004047615016611964
(11, 10) : 0.004027678896652974
(11, 56) : 0.004987788133446316
(12, 11) : 0.004047615016611964
(12, 57) : 0.00502672970643044
(12, 13) : 0.004139440578995942
(13, 14) : 0.003538228567308118
(13, 12) : 0.004139440578995942
(13, 58) : 0.003819841921947189
(14, 13) : 0.003538228567308118
(14, 59) : 0.002794255257454889
(14, 15) : 0.0037642454442115324
(15, 16) : 0.0030462667065513675
(15, 14) : 0.0037642454442115324
(15, 60) : 0.0031808112210531527
(16, 15) : 0.0030462667065513675
(16, 61) : 0.0034886157574705377
(16, 17) : 0.0038371628461341687
(17, 16) : 0.0038371628461341687
(17, 62) : 0.0038177479866452007
(17, 18) : 0.003483616576367309
(18, 17) : 0.003483616576367309
(18, 63) : 0.004447818249254739
(18, 19) : 0.0032154757563274973
(19, 18) : 0.0032154757563274973
(19, 64) : 0.0033028581374432964
(19, 20) : 0.003961076986025613
(20, 19) : 0.003961076986025613
(20, 65) : 0.0025584514667749054
(20, 21) : 0.0037862965073274042
(21, 20) : 0.0037862965073274042
(21, 66) : 0.0031720587022332552
(21, 22) : 0.0037625772485681127
(22, 21) : 0.0037625772485681127
(22, 67) : 0.004301509840385571
(22, 23) : 0.004086330427204852
(23, 22) : 0.004086330427204852
(23, 68) : 0.004068122313713637
(23, 24) : 0.004061267087475988
(24, 25) : 0.004658215025280642
(24, 23) : 0.004061267087475988
(24, 69) : 0.0032891010917418598
(25, 24) : 0.004658215025280642
(25, 70) : 0.003467590487202357
(25, 26) : 0.0037829419515300012
(26, 27) : 0.003698895791452766
(26, 25) : 0.0037829419515300012
(26, 71) : 0.003300326722321461
(27, 26) : 0.003698895791452766
(27, 72) : 0.0031516207745821453
(27, 28) : 0.003605217720655495
(28, 73) : 0.00359911221490709
(28, 29) : 0.0037202205227139583
(28, 27) : 0.003605217720655495
(29, 28) : 0.0037202205227139583
(29, 74) : 0.003853675655160016
(29, 30) : 0.004477454645384072
(30, 75) : 0.0037072043731342435
(30, 31) : 0.00383706276132294
(30, 29) : 0.004477454645384072
(31, 30) : 0.00383706276132294
(31, 76) : 0.003558094001300115
(31, 32) : 0.003868468715525672
(32, 31) : 0.003868468715525672
(32, 77) : 0.0037604601935688747
(32, 33) : 0.003551535689353767
(33, 34) : 0.003508345011231906
(33, 32) : 0.003551535689353767
(33, 78) : 0.0033782286334339304
(34, 33) : 0.003508345011231906
(34, 79) : 0.0029654613977966346
(34, 35) : 0.003924103946415683
(35, 36) : 0.003902788102705648
(35, 34) : 0.003924103946415683
(35, 80) : 0.0026491986435503777
(36, 35) : 0.003902788102705648
(36, 81) : 0.003438688454962711
(36, 37) : 0.0028635744915379634
(37, 82) : 0.00430691784185338
(37, 38) : 0.003055094806471311
(37, 36) : 0.0028635744915379634
(38, 37) : 0.003055094806471311
(38, 83) : 0.003822450861909426
(38, 39) : 0.004314372673342395
(39, 84) : 0.0037697604881882702
(39, 40) : 0.0033720444369472182
(39, 38) : 0.004314372673342395
(40, 39) : 0.0033720444369472182
(40, 85) : 0.0036964594691148416
(40, 41) : 0.0039962287541878486
(41, 40) : 0.0039962287541878486
(41, 86) : 0.00386386216761505
(41, 42) : 0.003898298214810611
(42, 43) : 0.004628395255751788
(42, 41) : 0.003898298214810611
(42, 87) : 0.004259993664605014
(43, 42) : 0.004628395255751788
(43, 88) : 0.004295444276513761
(43, 44) : 0.004262853995249436
(44, 45) : 0.00463279268799448
(44, 43) : 0.004262853995249436
(44, 89) : 0.0039039102004323895
(45, 44) : 0.00463279268799448
(45, 90) : 0.003626982211957596
(45, 1) : 0.00398686411733461
(46, 47) : 0.004114645575280189
(46, 90) : 0.0034864983616339548
(46, 1) : 0.0033009099091389493
(47, 46) : 0.004114645575280189
(47, 2) : 0.0031519631377153363
(47, 48) : 0.0028709472537762726
(48, 49) : 0.003800828736497974
(48, 47) : 0.0028709472537762726
(48, 3) : 0.0028102098753838975
(49, 48) : 0.003800828736497974
(49, 4) : 0.003080436586422495
(49, 50) : 0.003746002119233141
(50, 49) : 0.003746002119233141
(50, 5) : 0.003810230954059214
(50, 51) : 0.003435732306481381
(51, 50) : 0.003435732306481381
(51, 6) : 0.0036451527330474626
(51, 52) : 0.002865906368670229
(52, 51) : 0.002865906368670229
(52, 7) : 0.003733224989781152
(52, 53) : 0.003095602730577442
(53, 52) : 0.003095602730577442
(53, 8) : 0.004078621033085027
(53, 54) : 0.003243122483148556
(54, 53) : 0.003243122483148556
(54, 9) : 0.0035845256645302723
(54, 55) : 0.0038194176078664935
(55, 54) : 0.0038194176078664935
(55, 10) : 0.003797856204058183
(55, 56) : 0.0032823468762432743
(56, 55) : 0.0032823468762432743
(56, 11) : 0.004987788133446316
(56, 57) : 0.0045569233751933825
(57, 58) : 0.003397805173760567
(57, 56) : 0.0045569233751933825
(57, 12) : 0.00502672970643044
(58, 57) : 0.003397805173760567
(58, 13) : 0.003819841921947189
(58, 59) : 0.0036769072489002724
(59, 14) : 0.002794255257454889
(59, 60) : 0.0035467555911671547
(59, 58) : 0.0036769072489002724
(60, 59) : 0.0035467555911671547
(60, 15) : 0.0031808112210531527
(60, 61) : 0.0030067106549783074
(61, 16) : 0.0034886157574705377
(61, 62) : 0.004510072200927899
(61, 60) : 0.0030067106549783074
(62, 61) : 0.004510072200927899
(62, 17) : 0.0038177479866452007
(62, 63) : 0.0036784420432575894
(63, 62) : 0.0036784420432575894
(63, 18) : 0.004447818249254739
(63, 64) : 0.0036887394984076445
(64, 63) : 0.0036887394984076445
(64, 19) : 0.0033028581374432964
(64, 65) : 0.004177446930823475
(65, 64) : 0.004177446930823476
(65, 20) : 0.0025584514667749054
(65, 66) : 0.0034838335026821715
(66, 67) : 0.004127067402484205
(66, 65) : 0.0034838335026821715
(66, 21) : 0.0031720587022332552
(67, 66) : 0.004127067402484206
(67, 22) : 0.004301509840385571
(67, 68) : 0.003626160423973655
(68, 69) : 0.004550469400890966
(68, 67) : 0.003626160423973655
(68, 23) : 0.004068122313713637
(69, 68) : 0.004550469400890966
(69, 24) : 0.0032891010917418598
(69, 70) : 0.003942875916639993
(70, 25) : 0.0034675904872023566
(70, 71) : 0.0034165487671697125
(70, 69) : 0.003942875916639993
(71, 70) : 0.0034165487671697125
(71, 26) : 0.0033003267223214615
(71, 72) : 0.00339355240628069
(72, 27) : 0.0031516207745821453
(72, 73) : 0.0028157111784005433
(72, 71) : 0.00339355240628069
(73, 72) : 0.0028157111784005433
(73, 28) : 0.00359911221490709
(73, 74) : 0.003790100363010665
(74, 73) : 0.003790100363010665
(74, 29) : 0.003853675655160016
(74, 75) : 0.00467794486328088
(75, 76) : 0.004079375475536937
(75, 74) : 0.004677944863280879
(75, 30) : 0.0037072043731342435
(76, 75) : 0.004079375475536938
(76, 31) : 0.003558094001300115
(76, 77) : 0.00377629325181193
(77, 76) : 0.00377629325181193
(77, 32) : 0.0037604601935688747
(77, 78) : 0.0035205156217213685
(78, 77) : 0.0035205156217213685
(78, 33) : 0.0033782286334339304
(78, 79) : 0.0030370192910748896
(79, 34) : 0.0029654613977966346
(79, 80) : 0.0035449895384590487
(79, 78) : 0.0030370192910748896
(80, 79) : 0.0035449895384590487
(80, 35) : 0.0026491986435503777
(80, 81) : 0.004143153139942839
(81, 82) : 0.002907879353234296
(81, 80) : 0.004143153139942839
(81, 36) : 0.003438688454962711
(82, 81) : 0.002907879353234296
(82, 37) : 0.00430691784185338
(82, 83) : 0.0036195062837340135
(83, 82) : 0.0036195062837340135
(83, 38) : 0.003822450861909426
(83, 84) : 0.0036608472780039333
(84, 83) : 0.0036608472780039333
(84, 39) : 0.0037697604881882702
(84, 85) : 0.004288060860528839
(85, 84) : 0.004288060860528839
(85, 40) : 0.0036964594691148416
(85, 86) : 0.0029319320619232044
(86, 85) : 0.0029319320619232044
(86, 41) : 0.0038638621676150503
(86, 87) : 0.0042605668538312665
(87, 86) : 0.0042605668538312665
(87, 42) : 0.004259993664605014
(87, 88) : 0.003288743560964928
(88, 89) : 0.0037845436575278265
(88, 87) : 0.003288743560964928
(88, 43) : 0.004295444276513761
(89, 88) : 0.0037845436575278265
(89, 44) : 0.0039039102004323895
(89, 90) : 0.004189300423364784
(90, 46) : 0.0034864983616339548
(90, 89) : 0.004189300423364784
(90, 45) : 0.0036269822119575964
