(1, 45) : 0.004099269034363401
(1, 46) : 0.004628353470845248
(1, 2) : 0.0029053083840645745
(2, 3) : 0.0035613421687904945
(2, 1) : 0.0029053083840645745
(2, 47) : 0.004226497610903948
(3, 2) : 0.0035613421687904945
(3, 48) : 0.0032302488488874805
(3, 4) : 0.002674228758719097
(4, 49) : 0.0030282251395941004
(4, 5) : 0.003612609699603383
(4, 3) : 0.002674228758719097
(5, 4) : 0.003612609699603383
(5, 50) : 0.0033529727852253917
(5, 6) : 0.003331291607637644
(6, 51) : 0.0039688067573593
(6, 7) : 0.0038057373122800777
(6, 5) : 0.003331291607637644
(7, 6) : 0.0038057373122800777
(7, 52) : 0.003844493186457482
(7, 8) : 0.0039133455088289845
(8, 7) : 0.0039133455088289845
(8, 53) : 0.004514138628431538
(8, 9) : 0.00407820990274927
(9, 10) : 0.004121826796446895
(9, 8) : 0.00407820990274927
(9, 54) : 0.004467241024304348
(10, 9) : 0.004121826796446895
(10, 55) : 0.003636718441637838
(10, 11) : 0.003906891336787977
(11, 12) : 0.003304352422435982
(11, 10) : 0.003906891336787977
(11, 56) : 0.0037630619448127344
(12, 11) : 0.003304352422435982
(12, 57) : 0.0040038084611137455
(12, 13) : 0.003093654303126751
(13, 14) : 0.003037441030698729
(13, 12) : 0.003093654303126751
(13, 58) : 0.00436236105713533
(14, 13) : 0.003037441030698729
(14, 59) : 0.0035874711472958154
(14, 15) : 0.003345179424937327
(15, 16) : 0.0033590445148620265
(15, 14) : 0.003345179424937327
(15, 60) : 0.0028594176375658963
(16, 15) : 0.0033590445148620265
(16, 61) : 0.0034835189105394187
(16, 17) : 0.0038393350759334094
(17, 16) : 0.0038393350759334094
(17, 62) : 0.0036517908080825334
(17, 18) : 0.0035517200945093283
(18, 17) : 0.0035517200945093283
(18, 63) : 0.0038061550580935637
(18, 19) : 0.003879578482914197
(19, 18) : 0.003879578482914197
(19, 64) : 0.004103938748809584
(19, 20) : 0.0028625749878883303
(20, 19) : 0.0028625749878883303
(20, 65) : 0.003627664476247441
(20, 21) : 0.004123132228106728
(21, 20) : 0.004123132228106728
(21, 66) : 0.0032641492592219217
(21, 22) : 0.004126763604160774
(22, 21) : 0.004126763604160774
(22, 67) : 0.0035659705059430257
(22, 23) : 0.004222086596778215
(23, 22) : 0.004222086596778215
(23, 68) : 0.00413836736271225
(23, 24) : 0.003075801514687568
(24, 25) : 0.003917620286743864
(24, 23) : 0.003075801514687568
(24, 69) : 0.004170884809340883
(25, 24) : 0.003917620286743864
(25, 70) : 0.003620221548920906
(25, 26) : 0.003432199368347736
(26, 27) : 0.003454820297886222
(26, 25) : 0.003432199368347736
(26, 71) : 0.003541509657103108
(27, 26) : 0.003454820297886222
(27, 72) : 0.00341964731357258
(27, 28) : 0.0039164673107452645
(28, 73) : 0.003221266582225883
(28, 29) : 0.0033280427677241176
(28, 27) : 0.0039164673107452645
(29, 28) : 0.0033280427677241176
(29, 74) : 0.0032243395900415366
(29, 30) : 0.003053014591398945
(30, 75) : 0.003424857637042918
(30, 31) : 0.00325898535647036
(30, 29) : 0.003053014591398945
(31, 30) : 0.00325898535647036
(31, 76) : 0.003169531961171242
(31, 32) : 0.004347616817579491
(32, 31) : 0.004347616817579491
(32, 77) : 0.003649440609867422
(32, 33) : 0.0035400521044986503
(33, 34) : 0.0032946341244058422
(33, 32) : 0.0035400521044986503
(33, 78) : 0.004102384010908012
(34, 33) : 0.0032946341244058422
(34, 79) : 0.003379487543864354
(34, 35) : 0.0031119791612889535
(35, 36) : 0.0031725928949743157
(35, 34) : 0.0031119791612889535
(35, 80) : 0.003487863439486056
(36, 35) : 0.0031725928949743157
(36, 81) : 0.004326924799402461
(36, 37) : 0.00327643912758307
(37, 82) : 0.004095794804884948
(37, 38) : 0.004695371287348733
(37, 36) : 0.00327643912758307
(38, 37) : 0.004695371287348733
(38, 83) : 0.004017518187060343
(38, 39) : 0.004200611814648382
(39, 84) : 0.004328544974851915
(39, 40) : 0.0036831227949470488
(39, 38) : 0.004200611814648382
(40, 39) : 0.0036831227949470488
(40, 85) : 0.0035727237868694276
(40, 41) : 0.004851649670098369
(41, 40) : 0.004851649670098369
(41, 86) : 0.003302291324235986
(41, 42) : 0.004094045382635797
(42, 43) : 0.004291937483431444
(42, 41) : 0.004094045382635797
(42, 87) : 0.0033914156691443624
(43, 42) : 0.004291937483431444
(43, 88) : 0.0033359269818892005
(43, 44) : 0.004643385311954069
(44, 45) : 0.0032231226025880794
(44, 43) : 0.004643385311954069
(44, 89) : 0.003809311772090401
(45, 44) : 0.0032231226025880794
(45, 90) : 0.004083974842285048
(45, 1) : 0.004099269034363401
(46, 47) : 0.0031073368785943583
(46, 90) : 0.003175065913106628
(46, 1) : 0.004628353470845248
(47, 46) : 0.0031073368785943583
(47, 2) : 0.004226497610903948
(47, 48) : 0.0033825516321722257
(48, 49) : 0.003053745043341744
(48, 47) : 0.0033825516321722257
(48, 3) : 0.0032302488488874805
(49, 48) : 0.003053745043341744
(49, 4) : 0.0030282251395941004
(49, 50) : 0.0036047724545872155
(50, 49) : 0.0036047724545872155
(50, 5) : 0.0033529727852253917
(50, 51) : 0.0037185814018538725
(51, 50) : 0.0037185814018538725
(51, 6) : 0.0039688067573592995
(51, 52) : 0.0037717760769932435
(52, 51) : 0.0037717760769932435
(52, 7) : 0.003844493186457482
(52, 53) : 0.00453797420815094
(53, 52) : 0.004537974208150941
(53, 8) : 0.004514138628431538
(53, 54) : 0.0037570767693475677
(54, 53) : 0.0037570767693475677
(54, 9) : 0.004467241024304348
(54, 55) : 0.004558481433557149
(55, 54) : 0.004558481433557149
(55, 10) : 0.0036367184416378376
(55, 56) : 0.003768237742392724
(56, 55) : 0.003768237742392724
(56, 11) : 0.0037630619448127344
(56, 57) : 0.0036292887134256858
(57, 58) : 0.0042341291824060205
(57, 56) : 0.0036292887134256858
(57, 12) : 0.0040038084611137455
(58, 57) : 0.0042341291824060205
(58, 13) : 0.00436236105713533
(58, 59) : 0.0031784725925081223
(59, 14) : 0.0035874711472958154
(59, 60) : 0.003708196741058476
(59, 58) : 0.0031784725925081223
(60, 59) : 0.003708196741058476
(60, 15) : 0.0028594176375658963
(60, 61) : 0.0037517588907039563
(61, 16) : 0.0034835189105394187
(61, 62) : 0.00322693582697815
(61, 60) : 0.0037517588907039563
(62, 61) : 0.00322693582697815
(62, 17) : 0.0036517908080825334
(62, 63) : 0.004138975836984076
(63, 62) : 0.004138975836984076
(63, 18) : 0.0038061550580935637
(63, 64) : 0.003058105017069582
(64, 63) : 0.003058105017069582
(64, 19) : 0.004103938748809584
(64, 65) : 0.0033155724845792376
(65, 64) : 0.0033155724845792376
(65, 20) : 0.003627664476247441
(65, 66) : 0.003563729733385258
(66, 67) : 0.004549522300821927
(66, 65) : 0.003563729733385258
(66, 21) : 0.0032641492592219217
(67, 66) : 0.004549522300821927
(67, 22) : 0.0035659705059430257
(67, 68) : 0.0036250385575147515
(68, 69) : 0.0037638443678687543
(68, 67) : 0.0036250385575147515
(68, 23) : 0.00413836736271225
(69, 68) : 0.0037638443678687543
(69, 24) : 0.004170884809340883
(69, 70) : 0.003539158208193145
(70, 25) : 0.003620221548920906
(70, 71) : 0.004185386940661854
(70, 69) : 0.003539158208193145
(71, 70) : 0.004185386940661854
(71, 26) : 0.003541509657103108
(71, 72) : 0.0036422892673541106
(72, 27) : 0.00341964731357258
(72, 73) : 0.00372178562613411
(72, 71) : 0.0036422892673541106
(73, 72) : 0.00372178562613411
(73, 28) : 0.003221266582225883
(73, 74) : 0.003701793212354465
(74, 73) : 0.003701793212354465
(74, 29) : 0.0032243395900415366
(74, 75) : 0.0030129701449747234
(75, 76) : 0.003584104678018689
(75, 74) : 0.0030129701449747234
(75, 30) : 0.003424857637042918
(76, 75) : 0.0035841046780186892
(76, 31) : 0.003169531961171242
(76, 77) : 0.004755565438291629
(77, 76) : 0.004755565438291629
(77, 32) : 0.003649440609867422
(77, 78) : 0.003389874317892372
(78, 77) : 0.003389874317892372
(78, 33) : 0.004102384010908012
(78, 79) : 0.003799614652851578
(79, 34) : 0.003379487543864354
(79, 80) : 0.0034923570676036256
(79, 78) : 0.003799614652851578
(80, 79) : 0.0034923570676036256
(80, 35) : 0.003487863439486056
(80, 81) : 0.0032426626154435593
(81, 82) : 0.0035338814384862625
(81, 80) : 0.0032426626154435593
(81, 36) : 0.004326924799402461
(82, 81) : 0.0035338814384862625
(82, 37) : 0.004095794804884948
(82, 83) : 0.004625740760640336
(83, 82) : 0.004625740760640336
(83, 38) : 0.004017518187060343
(83, 84) : 0.0037797814453497725
(84, 83) : 0.0037797814453497725
(84, 39) : 0.004328544974851915
(84, 85) : 0.004107598745020584
(85, 84) : 0.004107598745020584
(85, 40) : 0.0035727237868694276
(85, 86) : 0.004037510442820959
(86, 85) : 0.004037510442820959
(86, 41) : 0.003302291324235986
(86, 87) : 0.003937667762695217
(87, 86) : 0.003937667762695217
(87, 42) : 0.0033914156691443624
(87, 88) : 0.004065030177807487
(88, 89) : 0.0038303770193877026
(88, 87) : 0.004065030177807487
(88, 43) : 0.0033359269818892005
(89, 88) : 0.0038303770193877026
(89, 44) : 0.003809311772090401
(89, 90) : 0.0034260117725273
(90, 46) : 0.003175065913106628
(90, 89) : 0.0034260117725273
(90, 45) : 0.004083974842285048
