(1, 45) : 0.0039479586753165775
(1, 46) : 0.004696917682945278
(1, 2) : 0.004042330466891246
(2, 3) : 0.005166965533496179
(2, 1) : 0.004042330466891246
(2, 47) : 0.0042691260612734965
(3, 2) : 0.005166965533496179
(3, 48) : 0.003453525009040084
(3, 4) : 0.00324944181616107
(4, 49) : 0.004269527392589289
(4, 5) : 0.004181087385440711
(4, 3) : 0.00324944181616107
(5, 4) : 0.004181087385440711
(5, 50) : 0.004084891277573111
(5, 6) : 0.004021725237906279
(6, 51) : 0.004083817263677893
(6, 7) : 0.004096566516691136
(6, 5) : 0.004021725237906279
(7, 6) : 0.004096566516691136
(7, 52) : 0.004426848865328209
(7, 8) : 0.0036917143198191725
(8, 7) : 0.0036917143198191725
(8, 53) : 0.003907666610198515
(8, 9) : 0.003314611894618045
(9, 10) : 0.003084402026411882
(9, 8) : 0.003314611894618045
(9, 54) : 0.003510995386117686
(10, 9) : 0.003084402026411882
(10, 55) : 0.003394151768023827
(10, 11) : 0.0033481181400256996
(11, 12) : 0.003247653092332582
(11, 10) : 0.0033481181400256996
(11, 56) : 0.0028617489591661934
(12, 11) : 0.003247653092332582
(12, 57) : 0.0029844189173522
(12, 13) : 0.003578436465613781
(13, 14) : 0.0038409178578530895
(13, 12) : 0.003578436465613781
(13, 58) : 0.003783599722012309
(14, 13) : 0.0038409178578530895
(14, 59) : 0.003996991146581492
(14, 15) : 0.003658206934514117
(15, 16) : 0.0034231744152189666
(15, 14) : 0.003658206934514117
(15, 60) : 0.003869309551265844
(16, 15) : 0.0034231744152189666
(16, 61) : 0.003762792516651049
(16, 17) : 0.003149510222876162
(17, 16) : 0.003149510222876162
(17, 62) : 0.0036345579265939128
(17, 18) : 0.003972916017735246
(18, 17) : 0.003972916017735246
(18, 63) : 0.004001854553068245
(18, 19) : 0.0045414608432285675
(19, 18) : 0.0045414608432285675
(19, 64) : 0.004081260409006615
(19, 20) : 0.0035151340582217166
(20, 19) : 0.0035151340582217166
(20, 65) : 0.0034489314939107982
(20, 21) : 0.0038594184267016778
(21, 20) : 0.003859418426701678
(21, 66) : 0.003231112141406428
(21, 22) : 0.0030772328870499743
(22, 21) : 0.0030772328870499743
(22, 67) : 0.0033205594683068237
(22, 23) : 0.002863471229833721
(23, 22) : 0.002863471229833721
(23, 68) : 0.003140258130914364
(23, 24) : 0.0030120878886188964
(24, 25) : 0.003032745307656103
(24, 23) : 0.0030120878886188964
(24, 69) : 0.0030459224135489693
(25, 24) : 0.003032745307656103
(25, 70) : 0.0032293623756647002
(25, 26) : 0.00373130323003613
(26, 27) : 0.004186690654797153
(26, 25) : 0.00373130323003613
(26, 71) : 0.003408540687322994
(27, 26) : 0.004186690654797153
(27, 72) : 0.003459178665370871
(27, 28) : 0.003507547420556253
(28, 73) : 0.003244593580058349
(28, 29) : 0.003156098004467633
(28, 27) : 0.003507547420556253
(29, 28) : 0.003156098004467633
(29, 74) : 0.002913375365426803
(29, 30) : 0.003495234235833217
(30, 75) : 0.0038883505666246726
(30, 31) : 0.0028620799500625603
(30, 29) : 0.003495234235833217
(31, 30) : 0.0028620799500625603
(31, 76) : 0.00405634323707687
(31, 32) : 0.003514873148380468
(32, 31) : 0.003514873148380468
(32, 77) : 0.003128620647534715
(32, 33) : 0.004260621132484022
(33, 34) : 0.0034245565697635467
(33, 32) : 0.004260621132484022
(33, 78) : 0.0033485767572028957
(34, 33) : 0.0034245565697635467
(34, 79) : 0.0032568948175082002
(34, 35) : 0.003828122068414856
(35, 36) : 0.0038124492152083883
(35, 34) : 0.003828122068414856
(35, 80) : 0.0035574591039746026
(36, 35) : 0.0038124492152083883
(36, 81) : 0.005003986272241235
(36, 37) : 0.003487354020859293
(37, 82) : 0.004886160689085512
(37, 38) : 0.005050606625852492
(37, 36) : 0.003487354020859293
(38, 37) : 0.005050606625852492
(38, 83) : 0.004166774668189648
(38, 39) : 0.004009958519518155
(39, 84) : 0.004524502252200177
(39, 40) : 0.0038051265708493936
(39, 38) : 0.004009958519518155
(40, 39) : 0.0038051265708493936
(40, 85) : 0.004378399569745333
(40, 41) : 0.005112377698107216
(41, 40) : 0.005112377698107216
(41, 86) : 0.004094586726748355
(41, 42) : 0.003245134837050516
(42, 43) : 0.0037566109587576346
(42, 41) : 0.003245134837050516
(42, 87) : 0.004182970653009149
(43, 42) : 0.0037566109587576346
(43, 88) : 0.003960233500680749
(43, 44) : 0.0035012909608847327
(44, 45) : 0.0036399129391372835
(44, 43) : 0.0035012909608847327
(44, 89) : 0.003907210052168764
(45, 44) : 0.0036399129391372835
(45, 90) : 0.003709055413811137
(45, 1) : 0.0039479586753165775
(46, 47) : 0.003347715308487772
(46, 90) : 0.004141181566898815
(46, 1) : 0.004696917682945279
(47, 46) : 0.003347715308487772
(47, 2) : 0.0042691260612734965
(47, 48) : 0.00441752835869978
(48, 49) : 0.004262507514314844
(48, 47) : 0.00441752835869978
(48, 3) : 0.003453525009040084
(49, 48) : 0.004262507514314844
(49, 4) : 0.004269527392589289
(49, 50) : 0.0031310622737383016
(50, 49) : 0.0031310622737383016
(50, 5) : 0.004084891277573111
(50, 51) : 0.004366762652526438
(51, 50) : 0.004366762652526438
(51, 6) : 0.004083817263677893
(51, 52) : 0.003955904403702433
(52, 51) : 0.003955904403702433
(52, 7) : 0.004426848865328209
(52, 53) : 0.0035195095186784046
(53, 52) : 0.0035195095186784046
(53, 8) : 0.003907666610198515
(53, 54) : 0.0036212752105683347
(54, 53) : 0.003621275210568334
(54, 9) : 0.003510995386117686
(54, 55) : 0.003654351077134628
(55, 54) : 0.003654351077134628
(55, 10) : 0.003394151768023827
(55, 56) : 0.003575641437518592
(56, 55) : 0.003575641437518592
(56, 11) : 0.0028617489591661934
(56, 57) : 0.003820304856718279
(57, 58) : 0.003411222632970265
(57, 56) : 0.003820304856718279
(57, 12) : 0.0029844189173522
(58, 57) : 0.003411222632970265
(58, 13) : 0.003783599722012309
(58, 59) : 0.004485178543446894
(59, 14) : 0.003996991146581492
(59, 60) : 0.0043050582310171885
(59, 58) : 0.004485178543446893
(60, 59) : 0.0043050582310171885
(60, 15) : 0.003869309551265844
(60, 61) : 0.0031928656062815775
(61, 16) : 0.003762792516651049
(61, 62) : 0.0031791818308396142
(61, 60) : 0.0031928656062815775
(62, 61) : 0.0031791818308396142
(62, 17) : 0.0036345579265939128
(62, 63) : 0.0033860305204628195
(63, 62) : 0.0033860305204628195
(63, 18) : 0.004001854553068245
(63, 64) : 0.003139984980311873
(64, 63) : 0.003139984980311873
(64, 19) : 0.004081260409006615
(64, 65) : 0.0032005551991298614
(65, 64) : 0.0032005551991298614
(65, 20) : 0.0034489314939107982
(65, 66) : 0.003043929331840344
(66, 67) : 0.002636623424778799
(66, 65) : 0.003043929331840344
(66, 21) : 0.003231112141406428
(67, 66) : 0.002636623424778799
(67, 22) : 0.0033205594683068237
(67, 68) : 0.0029649968541447897
(68, 69) : 0.0030238397700991545
(68, 67) : 0.0029649968541447897
(68, 23) : 0.003140258130914364
(69, 68) : 0.0030238397700991545
(69, 24) : 0.0030459224135489693
(69, 70) : 0.0037559087205220705
(70, 25) : 0.0032293623756647002
(70, 71) : 0.0036185302972766877
(70, 69) : 0.00375590872052207
(71, 70) : 0.0036185302972766877
(71, 26) : 0.003408540687322994
(71, 72) : 0.004540639428719622
(72, 27) : 0.003459178665370871
(72, 73) : 0.003342209649219145
(72, 71) : 0.004540639428719622
(73, 72) : 0.003342209649219145
(73, 28) : 0.003244593580058349
(73, 74) : 0.003283791368091226
(74, 73) : 0.003283791368091226
(74, 29) : 0.002913375365426803
(74, 75) : 0.0036524037159299675
(75, 76) : 0.002989183525176141
(75, 74) : 0.0036524037159299675
(75, 30) : 0.0038883505666246726
(76, 75) : 0.002989183525176141
(76, 31) : 0.00405634323707687
(76, 77) : 0.0033588029885160404
(77, 76) : 0.0033588029885160404
(77, 32) : 0.003128620647534715
(77, 78) : 0.003958219578958994
(78, 77) : 0.003958219578958994
(78, 33) : 0.0033485767572028957
(78, 79) : 0.0034939595815461836
(79, 34) : 0.0032568948175082002
(79, 80) : 0.0035165095903135113
(79, 78) : 0.0034939595815461836
(80, 79) : 0.0035165095903135113
(80, 35) : 0.0035574591039746026
(80, 81) : 0.0038936111039624215
(81, 82) : 0.004211914728186303
(81, 80) : 0.0038936111039624215
(81, 36) : 0.005003986272241235
(82, 81) : 0.004211914728186303
(82, 37) : 0.004886160689085512
(82, 83) : 0.004279658368063952
(83, 82) : 0.004279658368063952
(83, 38) : 0.004166774668189648
(83, 84) : 0.004344582715520955
(84, 83) : 0.004344582715520955
(84, 39) : 0.004524502252200177
(84, 85) : 0.0037326798265822814
(85, 84) : 0.003732679826582282
(85, 40) : 0.004378399569745333
(85, 86) : 0.004387926619653954
(86, 85) : 0.004387926619653954
(86, 41) : 0.004094586726748355
(86, 87) : 0.003758927293266914
(87, 86) : 0.003758927293266914
(87, 42) : 0.004182970653009149
(87, 88) : 0.003653830094970799
(88, 89) : 0.0034790720945803008
(88, 87) : 0.003653830094970799
(88, 43) : 0.003960233500680749
(89, 88) : 0.0034790720945803008
(89, 44) : 0.003907210052168764
(89, 90) : 0.0030932309171812864
(90, 46) : 0.004141181566898815
(90, 89) : 0.0030932309171812864
(90, 45) : 0.003709055413811137
