(1, 45) : 0.0034433734430766834
(1, 46) : 0.0029246311318687724
(1, 2) : 0.0031624423494948793
(2, 3) : 0.0039023400193788855
(2, 1) : 0.0031624423494948793
(2, 47) : 0.0028125970581399946
(3, 2) : 0.0039023400193788855
(3, 48) : 0.003217601669165051
(3, 4) : 0.003454909491174683
(4, 49) : 0.003470676431830043
(4, 5) : 0.0029445824632952445
(4, 3) : 0.003454909491174683
(5, 4) : 0.0029445824632952445
(5, 50) : 0.0037561712256394602
(5, 6) : 0.0028221737020296513
(6, 51) : 0.0042468691280297685
(6, 7) : 0.0031431982106808285
(6, 5) : 0.0028221737020296513
(7, 6) : 0.0031431982106808285
(7, 52) : 0.003986627053871927
(7, 8) : 0.0035097891771727094
(8, 7) : 0.0035097891771727094
(8, 53) : 0.003963319847095009
(8, 9) : 0.0034079624642786824
(9, 10) : 0.00452831614506564
(9, 8) : 0.003407962464278682
(9, 54) : 0.003489802925059493
(10, 9) : 0.00452831614506564
(10, 55) : 0.002992871459440768
(10, 11) : 0.004049684818916912
(11, 12) : 0.004296955620531284
(11, 10) : 0.004049684818916912
(11, 56) : 0.003227890307837454
(12, 11) : 0.004296955620531284
(12, 57) : 0.003293026989576599
(12, 13) : 0.004013921163060905
(13, 14) : 0.004674118734208243
(13, 12) : 0.004013921163060905
(13, 58) : 0.0036222377036181203
(14, 13) : 0.004674118734208243
(14, 59) : 0.0038653720624275104
(14, 15) : 0.0035762955101648944
(15, 16) : 0.0032546921778110966
(15, 14) : 0.0035762955101648944
(15, 60) : 0.003831648448822464
(16, 15) : 0.0032546921778110966
(16, 61) : 0.003712282203318977
(16, 17) : 0.003370257717600656
(17, 16) : 0.003370257717600656
(17, 62) : 0.0033213208493695838
(17, 18) : 0.0037442728031593835
(18, 17) : 0.0037442728031593835
(18, 63) : 0.003197333948375534
(18, 19) : 0.0029448663940566558
(19, 18) : 0.0029448663940566558
(19, 64) : 0.0032447011974831006
(19, 20) : 0.003686768503829373
(20, 19) : 0.003686768503829373
(20, 65) : 0.003585306979259988
(20, 21) : 0.004865780599825699
(21, 20) : 0.004865780599825699
(21, 66) : 0.0036867322342362804
(21, 22) : 0.004945223061717196
(22, 21) : 0.004945223061717196
(22, 67) : 0.0036339341182342363
(22, 23) : 0.003568382859441377
(23, 22) : 0.003568382859441377
(23, 68) : 0.003285083147078744
(23, 24) : 0.0038252235143255028
(24, 25) : 0.003849564223139508
(24, 23) : 0.0038252235143255028
(24, 69) : 0.0027161701485335045
(25, 24) : 0.003849564223139508
(25, 70) : 0.0031504682014318083
(25, 26) : 0.004234827847549708
(26, 27) : 0.0038903027096606883
(26, 25) : 0.004234827847549708
(26, 71) : 0.0035032518083800757
(27, 26) : 0.0038903027096606883
(27, 72) : 0.003279773248567971
(27, 28) : 0.003481985623809412
(28, 73) : 0.003194554295356129
(28, 29) : 0.0028461815010573472
(28, 27) : 0.003481985623809412
(29, 28) : 0.0028461815010573472
(29, 74) : 0.0032084920987771335
(29, 30) : 0.003312004684746412
(30, 75) : 0.003304357964965563
(30, 31) : 0.0033502291621610217
(30, 29) : 0.003312004684746412
(31, 30) : 0.0033502291621610217
(31, 76) : 0.003117429964460664
(31, 32) : 0.003839536258235914
(32, 31) : 0.003839536258235914
(32, 77) : 0.0039027455050330965
(32, 33) : 0.003994738911504378
(33, 34) : 0.004558267528979035
(33, 32) : 0.003994738911504378
(33, 78) : 0.00448190550558927
(34, 33) : 0.004558267528979035
(34, 79) : 0.004847242149863448
(34, 35) : 0.004233938481476425
(35, 36) : 0.004212974190874186
(35, 34) : 0.004233938481476425
(35, 80) : 0.005010200805174808
(36, 35) : 0.004212974190874186
(36, 81) : 0.004340769595258068
(36, 37) : 0.00330460839561029
(37, 82) : 0.003973603644552004
(37, 38) : 0.0032304099142514363
(37, 36) : 0.00330460839561029
(38, 37) : 0.0032304099142514363
(38, 83) : 0.004140472806144057
(38, 39) : 0.0036451860465065416
(39, 84) : 0.003771701246853688
(39, 40) : 0.004159855507505491
(39, 38) : 0.0036451860465065416
(40, 39) : 0.004159855507505491
(40, 85) : 0.003199273058892063
(40, 41) : 0.0034680335644911805
(41, 40) : 0.0034680335644911805
(41, 86) : 0.003917671318842345
(41, 42) : 0.003471190834812777
(42, 43) : 0.0036312003824278787
(42, 41) : 0.003471190834812777
(42, 87) : 0.00448591702515161
(43, 42) : 0.0036312003824278787
(43, 88) : 0.004139330686409489
(43, 44) : 0.0032280578586150192
(44, 45) : 0.0035848299399909227
(44, 43) : 0.0032280578586150192
(44, 89) : 0.0035741523464424474
(45, 44) : 0.0035848299399909227
(45, 90) : 0.0033409092269249064
(45, 1) : 0.0034433734430766834
(46, 47) : 0.003307319572822806
(46, 90) : 0.003485977335324937
(46, 1) : 0.0029246311318687724
(47, 46) : 0.003307319572822806
(47, 2) : 0.0028125970581399946
(47, 48) : 0.004522484870615018
(48, 49) : 0.003756112188933269
(48, 47) : 0.004522484870615018
(48, 3) : 0.003217601669165051
(49, 48) : 0.003756112188933268
(49, 4) : 0.003470676431830043
(49, 50) : 0.0035520986780823056
(50, 49) : 0.0035520986780823056
(50, 5) : 0.0037561712256394602
(50, 51) : 0.0035408765218749856
(51, 50) : 0.0035408765218749856
(51, 6) : 0.0042468691280297685
(51, 52) : 0.003506868891340522
(52, 51) : 0.003506868891340522
(52, 7) : 0.003986627053871927
(52, 53) : 0.0034289269614452343
(53, 52) : 0.0034289269614452343
(53, 8) : 0.003963319847095009
(53, 54) : 0.003613541811859926
(54, 53) : 0.003613541811859926
(54, 9) : 0.003489802925059493
(54, 55) : 0.004085808461313587
(55, 54) : 0.004085808461313587
(55, 10) : 0.002992871459440768
(55, 56) : 0.004307896316467002
(56, 55) : 0.004307896316467002
(56, 11) : 0.003227890307837454
(56, 57) : 0.0039269998403192695
(57, 58) : 0.004665728819141328
(57, 56) : 0.0039269998403192695
(57, 12) : 0.003293026989576599
(58, 57) : 0.004665728819141328
(58, 13) : 0.0036222377036181203
(58, 59) : 0.0038020087456431535
(59, 14) : 0.0038653720624275104
(59, 60) : 0.0039523248878399345
(59, 58) : 0.0038020087456431535
(60, 59) : 0.0039523248878399345
(60, 15) : 0.003831648448822464
(60, 61) : 0.0028367568540786634
(61, 16) : 0.003712282203318977
(61, 62) : 0.003956581585723492
(61, 60) : 0.0028367568540786634
(62, 61) : 0.003956581585723492
(62, 17) : 0.0033213208493695838
(62, 63) : 0.003788340857893028
(63, 62) : 0.003788340857893028
(63, 18) : 0.003197333948375534
(63, 64) : 0.0034338078229859273
(64, 63) : 0.0034338078229859273
(64, 19) : 0.0032447011974831006
(64, 65) : 0.003865556247323172
(65, 64) : 0.0038655562473231724
(65, 20) : 0.003585306979259988
(65, 66) : 0.005016832007480854
(66, 67) : 0.004641522028094814
(66, 65) : 0.005016832007480853
(66, 21) : 0.0036867322342362804
(67, 66) : 0.004641522028094813
(67, 22) : 0.0036339341182342363
(67, 68) : 0.0036589989545575043
(68, 69) : 0.003528165196637158
(68, 67) : 0.0036589989545575043
(68, 23) : 0.003285083147078744
(69, 68) : 0.003528165196637158
(69, 24) : 0.0027161701485335045
(69, 70) : 0.004158463286306864
(70, 25) : 0.0031504682014318083
(70, 71) : 0.0038490952761198287
(70, 69) : 0.004158463286306864
(71, 70) : 0.0038490952761198287
(71, 26) : 0.0035032518083800757
(71, 72) : 0.004089591606542986
(72, 27) : 0.003279773248567971
(72, 73) : 0.002997914650915135
(72, 71) : 0.004089591606542986
(73, 72) : 0.002997914650915135
(73, 28) : 0.003194554295356129
(73, 74) : 0.0029863702704776745
(74, 73) : 0.0029863702704776745
(74, 29) : 0.0032084920987771335
(74, 75) : 0.0030645389309821003
(75, 76) : 0.0032472403700405873
(75, 74) : 0.0030645389309821003
(75, 30) : 0.003304357964965563
(76, 75) : 0.0032472403700405873
(76, 31) : 0.003117429964460664
(76, 77) : 0.003775808504422672
(77, 76) : 0.003775808504422672
(77, 32) : 0.0039027455050330965
(77, 78) : 0.0033759690133642077
(78, 77) : 0.0033759690133642077
(78, 33) : 0.00448190550558927
(78, 79) : 0.004489494390848572
(79, 34) : 0.004847242149863448
(79, 80) : 0.0038330565533764697
(79, 78) : 0.004489494390848572
(80, 79) : 0.0038330565533764697
(80, 35) : 0.005010200805174808
(80, 81) : 0.00457273073125159
(81, 82) : 0.0035085551005342433
(81, 80) : 0.00457273073125159
(81, 36) : 0.004340769595258068
(82, 81) : 0.0035085551005342433
(82, 37) : 0.003973603644552004
(82, 83) : 0.00382922327853964
(83, 82) : 0.00382922327853964
(83, 38) : 0.004140472806144057
(83, 84) : 0.003717411142088498
(84, 83) : 0.003717411142088498
(84, 39) : 0.003771701246853688
(84, 85) : 0.004025001048466808
(85, 84) : 0.004025001048466808
(85, 40) : 0.003199273058892063
(85, 86) : 0.0035894837782418174
(86, 85) : 0.0035894837782418174
(86, 41) : 0.003917671318842345
(86, 87) : 0.0042257064581008525
(87, 86) : 0.0042257064581008525
(87, 42) : 0.00448591702515161
(87, 88) : 0.003437891586125149
(88, 89) : 0.004121154483565597
(88, 87) : 0.003437891586125149
(88, 43) : 0.004139330686409489
(89, 88) : 0.004121154483565597
(89, 44) : 0.0035741523464424474
(89, 90) : 0.003291878798804673
(90, 46) : 0.003485977335324937
(90, 89) : 0.003291878798804673
(90, 45) : 0.0033409092269249064
