(1, 45) : 0.003415339595437752
(1, 46) : 0.003048141735121273
(1, 2) : 0.002792121179479336
(2, 3) : 0.003012146760063982
(2, 1) : 0.002792121179479336
(2, 47) : 0.002874813350008129
(3, 2) : 0.003012146760063982
(3, 48) : 0.003428873952486047
(3, 4) : 0.0033366893385751548
(4, 49) : 0.0038092892796742746
(4, 5) : 0.004039335712303978
(4, 3) : 0.0033366893385751548
(5, 4) : 0.004039335712303978
(5, 50) : 0.0033448847225899772
(5, 6) : 0.004133779803329212
(6, 51) : 0.0035774789419385313
(6, 7) : 0.0038469877428343848
(6, 5) : 0.004133779803329212
(7, 6) : 0.0038469877428343848
(7, 52) : 0.003884602261380113
(7, 8) : 0.003933156178450719
(8, 7) : 0.003933156178450719
(8, 53) : 0.00423234101376898
(8, 9) : 0.0043436593296389955
(9, 10) : 0.0035111568663108027
(9, 8) : 0.0043436593296389955
(9, 54) : 0.004530479489475909
(10, 9) : 0.0035111568663108027
(10, 55) : 0.003758494235342341
(10, 11) : 0.003322134693780626
(11, 12) : 0.00362253690285532
(11, 10) : 0.003322134693780626
(11, 56) : 0.003241517231908088
(12, 11) : 0.00362253690285532
(12, 57) : 0.003651082066396717
(12, 13) : 0.0034256486245529765
(13, 14) : 0.0034072833893199154
(13, 12) : 0.0034256486245529765
(13, 58) : 0.003795458482493269
(14, 13) : 0.0034072833893199154
(14, 59) : 0.003688113138356036
(14, 15) : 0.002953653939131172
(15, 16) : 0.003585437312160781
(15, 14) : 0.002953653939131172
(15, 60) : 0.0036719390469775637
(16, 15) : 0.003585437312160781
(16, 61) : 0.0037136670320744854
(16, 17) : 0.0032459116418139438
(17, 16) : 0.0032459116418139438
(17, 62) : 0.003878411101614306
(17, 18) : 0.004142390954717273
(18, 17) : 0.004142390954717273
(18, 63) : 0.0034598547608061434
(18, 19) : 0.0030128258631751306
(19, 18) : 0.0030128258631751306
(19, 64) : 0.0028232799493875475
(19, 20) : 0.0037229369508637155
(20, 19) : 0.0037229369508637155
(20, 65) : 0.002873190487420148
(20, 21) : 0.004883413307373772
(21, 20) : 0.004883413307373772
(21, 66) : 0.0037917716518549686
(21, 22) : 0.00460175236636976
(22, 21) : 0.00460175236636976
(22, 67) : 0.004008761415718691
(22, 23) : 0.003917856013087803
(23, 22) : 0.003917856013087803
(23, 68) : 0.0029848431199930173
(23, 24) : 0.003871667902039198
(24, 25) : 0.003616908575377197
(24, 23) : 0.003871667902039198
(24, 69) : 0.0029144804604540647
(25, 24) : 0.003616908575377197
(25, 70) : 0.004160858700254614
(25, 26) : 0.003576171226428749
(26, 27) : 0.004311460215561172
(26, 25) : 0.003576171226428749
(26, 71) : 0.00394927603054293
(27, 26) : 0.004311460215561173
(27, 72) : 0.0033559315811884476
(27, 28) : 0.0035167932517525917
(28, 73) : 0.004308442991196607
(28, 29) : 0.003627506612095471
(28, 27) : 0.0035167932517525917
(29, 28) : 0.003627506612095471
(29, 74) : 0.00430942519575804
(29, 30) : 0.003943039282944654
(30, 75) : 0.0035753668634885137
(30, 31) : 0.0040473120593116745
(30, 29) : 0.003943039282944655
(31, 30) : 0.0040473120593116745
(31, 76) : 0.0033378114735511774
(31, 32) : 0.003913250667660062
(32, 31) : 0.003913250667660062
(32, 77) : 0.003235162971899847
(32, 33) : 0.0037446882336382935
(33, 34) : 0.0038327574478735442
(33, 32) : 0.0037446882336382935
(33, 78) : 0.0029365848347960976
(34, 33) : 0.0038327574478735442
(34, 79) : 0.0027334465947242543
(34, 35) : 0.0034380369513248785
(35, 36) : 0.003155916347154489
(35, 34) : 0.0034380369513248785
(35, 80) : 0.003399248204371371
(36, 35) : 0.003155916347154489
(36, 81) : 0.0033810417779566097
(36, 37) : 0.003178492293367068
(37, 82) : 0.00284823682169831
(37, 38) : 0.003362651969344802
(37, 36) : 0.003178492293367068
(38, 37) : 0.003362651969344802
(38, 83) : 0.003393755706720527
(38, 39) : 0.0033732076846166733
(39, 84) : 0.004169967090644965
(39, 40) : 0.004296666227359676
(39, 38) : 0.0033732076846166733
(40, 39) : 0.004296666227359676
(40, 85) : 0.005405113922917479
(40, 41) : 0.003842252776189493
(41, 40) : 0.003842252776189493
(41, 86) : 0.0049248038349744006
(41, 42) : 0.005456117034825847
(42, 43) : 0.0031713254271839102
(42, 41) : 0.005456117034825847
(42, 87) : 0.004490254022347159
(43, 42) : 0.0031713254271839102
(43, 88) : 0.0044363784301377765
(43, 44) : 0.0042780682684747315
(44, 45) : 0.0027131606871902735
(44, 43) : 0.0042780682684747315
(44, 89) : 0.004136256804905479
(45, 44) : 0.0027131606871902735
(45, 90) : 0.0038458548499288635
(45, 1) : 0.003415339595437752
(46, 47) : 0.0032149861714501284
(46, 90) : 0.0035224742533788286
(46, 1) : 0.003048141735121273
(47, 46) : 0.0032149861714501284
(47, 2) : 0.002874813350008129
(47, 48) : 0.0034303058770154896
(48, 49) : 0.003974692902894085
(48, 47) : 0.0034303058770154896
(48, 3) : 0.003428873952486047
(49, 48) : 0.003974692902894085
(49, 4) : 0.0038092892796742746
(49, 50) : 0.0043058557655898146
(50, 49) : 0.0043058557655898146
(50, 5) : 0.0033448847225899772
(50, 51) : 0.004133604656857054
(51, 50) : 0.004133604656857054
(51, 6) : 0.0035774789419385313
(51, 52) : 0.0036309294273050123
(52, 51) : 0.0036309294273050123
(52, 7) : 0.0038846022613801138
(52, 53) : 0.0033730815474385355
(53, 52) : 0.0033730815474385355
(53, 8) : 0.00423234101376898
(53, 54) : 0.0038335307959473514
(54, 53) : 0.0038335307959473514
(54, 9) : 0.004530479489475908
(54, 55) : 0.0035062825331685886
(55, 54) : 0.0035062825331685886
(55, 10) : 0.003758494235342341
(55, 56) : 0.0036282460183297456
(56, 55) : 0.0036282460183297456
(56, 11) : 0.003241517231908088
(56, 57) : 0.003489465670254587
(57, 58) : 0.003971307940689662
(57, 56) : 0.003489465670254587
(57, 12) : 0.003651082066396717
(58, 57) : 0.003971307940689662
(58, 13) : 0.003795458482493269
(58, 59) : 0.003242424382946041
(59, 14) : 0.0036881131383560365
(59, 60) : 0.003433053450976293
(59, 58) : 0.003242424382946041
(60, 59) : 0.003433053450976293
(60, 15) : 0.0036719390469775637
(60, 61) : 0.0028273455763305156
(61, 16) : 0.0037136670320744854
(61, 62) : 0.004479284581810295
(61, 60) : 0.0028273455763305156
(62, 61) : 0.004479284581810295
(62, 17) : 0.003878411101614306
(62, 63) : 0.0032265275352102852
(63, 62) : 0.0032265275352102852
(63, 18) : 0.0034598547608061434
(63, 64) : 0.003644014073572157
(64, 63) : 0.0036440140735721567
(64, 19) : 0.0028232799493875475
(64, 65) : 0.003448350869675873
(65, 64) : 0.003448350869675873
(65, 20) : 0.002873190487420148
(65, 66) : 0.00450127710392766
(66, 67) : 0.003959816706774993
(66, 65) : 0.00450127710392766
(66, 21) : 0.0037917716518549686
(67, 66) : 0.003959816706774993
(67, 22) : 0.004008761415718691
(67, 68) : 0.0036760543908901187
(68, 69) : 0.0028706413295098688
(68, 67) : 0.0036760543908901187
(68, 23) : 0.0029848431199930173
(69, 68) : 0.0028706413295098688
(69, 24) : 0.0029144804604540647
(69, 70) : 0.0036998723356422656
(70, 25) : 0.004160858700254614
(70, 71) : 0.0033300396071944526
(70, 69) : 0.0036998723356422656
(71, 70) : 0.0033300396071944526
(71, 26) : 0.00394927603054293
(71, 72) : 0.0037617220995341746
(72, 27) : 0.0033559315811884476
(72, 73) : 0.004211362333946912
(72, 71) : 0.0037617220995341746
(73, 72) : 0.004211362333946912
(73, 28) : 0.004308442991196607
(73, 74) : 0.003024734048359874
(74, 73) : 0.003024734048359874
(74, 29) : 0.00430942519575804
(74, 75) : 0.004010319572372777
(75, 76) : 0.0037664745652034744
(75, 74) : 0.004010319572372777
(75, 30) : 0.0035753668634885137
(76, 75) : 0.0037664745652034744
(76, 31) : 0.0033378114735511774
(76, 77) : 0.0031091602904308323
(77, 76) : 0.0031091602904308323
(77, 32) : 0.0032351629718998473
(77, 78) : 0.003589331635899435
(78, 77) : 0.003589331635899435
(78, 33) : 0.0029365848347960976
(78, 79) : 0.003605621642832977
(79, 34) : 0.0027334465947242543
(79, 80) : 0.0046164035593643255
(79, 78) : 0.003605621642832977
(80, 79) : 0.0046164035593643255
(80, 35) : 0.003399248204371371
(80, 81) : 0.003368497939623503
(81, 82) : 0.004506083714409397
(81, 80) : 0.003368497939623503
(81, 36) : 0.0033810417779566097
(82, 81) : 0.004506083714409397
(82, 37) : 0.00284823682169831
(82, 83) : 0.003647278400703343
(83, 82) : 0.003647278400703343
(83, 38) : 0.003393755706720527
(83, 84) : 0.0038108937636179337
(84, 83) : 0.0038108937636179337
(84, 39) : 0.004169967090644965
(84, 85) : 0.003919074460953078
(85, 84) : 0.003919074460953078
(85, 40) : 0.005405113922917479
(85, 86) : 0.004334390724430476
(86, 85) : 0.004334390724430476
(86, 41) : 0.0049248038349744006
(86, 87) : 0.004756828648976805
(87, 86) : 0.004756828648976805
(87, 42) : 0.004490254022347159
(87, 88) : 0.0041909005161102925
(88, 89) : 0.004016394401395566
(88, 87) : 0.0041909005161102925
(88, 43) : 0.0044363784301377765
(89, 88) : 0.004016394401395566
(89, 44) : 0.004136256804905479
(89, 90) : 0.00360646893846992
(90, 46) : 0.0035224742533788286
(90, 89) : 0.00360646893846992
(90, 45) : 0.0038458548499288635
