(1, 45) : 0.0036951606840574937
(1, 46) : 0.003611617411817309
(1, 2) : 0.003581844584746257
(2, 3) : 0.004560999849371801
(2, 1) : 0.003581844584746257
(2, 47) : 0.0040844568205918586
(3, 2) : 0.004560999849371801
(3, 48) : 0.004091673857539225
(3, 4) : 0.004811900802897847
(4, 49) : 0.0038850195836018144
(4, 5) : 0.003790441118262364
(4, 3) : 0.004811900802897847
(5, 4) : 0.003790441118262364
(5, 50) : 0.0032441975196063275
(5, 6) : 0.0033589099979703494
(6, 51) : 0.0029695477894632416
(6, 7) : 0.00323509493017198
(6, 5) : 0.0033589099979703494
(7, 6) : 0.00323509493017198
(7, 52) : 0.003930876229528015
(7, 8) : 0.003405616922673724
(8, 7) : 0.003405616922673724
(8, 53) : 0.00448835020623905
(8, 9) : 0.0037965484678945767
(9, 10) : 0.0036708926454741718
(9, 8) : 0.0037965484678945767
(9, 54) : 0.004098366484920453
(10, 9) : 0.0036708926454741718
(10, 55) : 0.003772015158172475
(10, 11) : 0.004201649602059078
(11, 12) : 0.003192763998952117
(11, 10) : 0.004201649602059078
(11, 56) : 0.003741613092163131
(12, 11) : 0.003192763998952117
(12, 57) : 0.0033808824869151575
(12, 13) : 0.003785901517679237
(13, 14) : 0.0030776121700172164
(13, 12) : 0.003785901517679237
(13, 58) : 0.003180605139987393
(14, 13) : 0.0030776121700172164
(14, 59) : 0.003441803874373002
(14, 15) : 0.003453162922092626
(15, 16) : 0.0036956036430183577
(15, 14) : 0.003453162922092626
(15, 60) : 0.00322898172452311
(16, 15) : 0.0036956036430183577
(16, 61) : 0.004124005506072764
(16, 17) : 0.003361242016135743
(17, 16) : 0.003361242016135743
(17, 62) : 0.004389456422612765
(17, 18) : 0.004544825843979568
(18, 17) : 0.004544825843979568
(18, 63) : 0.004013559578696859
(18, 19) : 0.0037746914644978258
(19, 18) : 0.0037746914644978258
(19, 64) : 0.0036243495383076773
(19, 20) : 0.005161980781938629
(20, 19) : 0.005161980781938629
(20, 65) : 0.0033312522819876934
(20, 21) : 0.0037954507143193213
(21, 20) : 0.0037954507143193213
(21, 66) : 0.0035953896998656117
(21, 22) : 0.004163011333973568
(22, 21) : 0.004163011333973568
(22, 67) : 0.003968039413094971
(22, 23) : 0.003694289067473297
(23, 22) : 0.003694289067473297
(23, 68) : 0.003913704129007449
(23, 24) : 0.0045640740684822455
(24, 25) : 0.003330453982558097
(24, 23) : 0.0045640740684822455
(24, 69) : 0.003969326594976273
(25, 24) : 0.003330453982558097
(25, 70) : 0.0038347297286791863
(25, 26) : 0.003956145518793807
(26, 27) : 0.0035625810421379208
(26, 25) : 0.003956145518793807
(26, 71) : 0.0031856425059049866
(27, 26) : 0.0035625810421379208
(27, 72) : 0.003574941320596035
(27, 28) : 0.003049635462350924
(28, 73) : 0.0032881413946262436
(28, 29) : 0.0033296095224071365
(28, 27) : 0.003049635462350924
(29, 28) : 0.0033296095224071365
(29, 74) : 0.0030165136892368197
(29, 30) : 0.0029128660440096194
(30, 75) : 0.0030735556188899653
(30, 31) : 0.004246448433079016
(30, 29) : 0.0029128660440096194
(31, 30) : 0.004246448433079016
(31, 76) : 0.0036687931906178328
(31, 32) : 0.0029213686103816347
(32, 31) : 0.0029213686103816347
(32, 77) : 0.004252453069872397
(32, 33) : 0.003545454021848372
(33, 34) : 0.0029217378285524825
(33, 32) : 0.003545454021848372
(33, 78) : 0.003516263495348211
(34, 33) : 0.0029217378285524825
(34, 79) : 0.003570352083410038
(34, 35) : 0.0035275207474494996
(35, 36) : 0.0027342643062008044
(35, 34) : 0.0035275207474494996
(35, 80) : 0.0036992014241127055
(36, 35) : 0.0027342643062008044
(36, 81) : 0.003926013290624572
(36, 37) : 0.0039444077873352626
(37, 82) : 0.00509981518636537
(37, 38) : 0.003375183749176688
(37, 36) : 0.0039444077873352626
(38, 37) : 0.003375183749176688
(38, 83) : 0.005254277380341371
(38, 39) : 0.0039243899691044784
(39, 84) : 0.003886762487331965
(39, 40) : 0.003909188680245577
(39, 38) : 0.0039243899691044784
(40, 39) : 0.003909188680245577
(40, 85) : 0.00344171183224767
(40, 41) : 0.0035914938063503015
(41, 40) : 0.0035914938063503015
(41, 86) : 0.0034906833214538597
(41, 42) : 0.0043318632969044455
(42, 43) : 0.004547950576462238
(42, 41) : 0.0043318632969044455
(42, 87) : 0.003630888264446331
(43, 42) : 0.004547950576462237
(43, 88) : 0.003608159792637764
(43, 44) : 0.003603541851863404
(44, 45) : 0.0032786616994956207
(44, 43) : 0.0036035418518634045
(44, 89) : 0.003491973791500019
(45, 44) : 0.0032786616994956207
(45, 90) : 0.0034571344609135163
(45, 1) : 0.0036951606840574937
(46, 47) : 0.0039951825029429545
(46, 90) : 0.0037401384017571758
(46, 1) : 0.003611617411817309
(47, 46) : 0.0039951825029429545
(47, 2) : 0.0040844568205918586
(47, 48) : 0.004471593108688647
(48, 49) : 0.004121409499375542
(48, 47) : 0.004471593108688647
(48, 3) : 0.004091673857539225
(49, 48) : 0.004121409499375542
(49, 4) : 0.0038850195836018144
(49, 50) : 0.003480359729642832
(50, 49) : 0.003480359729642832
(50, 5) : 0.0032441975196063275
(50, 51) : 0.0031200817543180458
(51, 50) : 0.0031200817543180458
(51, 6) : 0.0029695477894632416
(51, 52) : 0.0031150232395117544
(52, 51) : 0.0031150232395117544
(52, 7) : 0.003930876229528015
(52, 53) : 0.003451012543023915
(53, 52) : 0.003451012543023915
(53, 8) : 0.00448835020623905
(53, 54) : 0.003534358863880555
(54, 53) : 0.003534358863880555
(54, 9) : 0.004098366484920453
(54, 55) : 0.0033379155390368706
(55, 54) : 0.0033379155390368706
(55, 10) : 0.003772015158172475
(55, 56) : 0.0040285595510269456
(56, 55) : 0.0040285595510269456
(56, 11) : 0.003741613092163131
(56, 57) : 0.00348156991423276
(57, 58) : 0.003244517119487948
(57, 56) : 0.00348156991423276
(57, 12) : 0.003380882486915157
(58, 57) : 0.003244517119487948
(58, 13) : 0.0031806051399873936
(58, 59) : 0.003744002656919107
(59, 14) : 0.003441803874373002
(59, 60) : 0.0033069950257920352
(59, 58) : 0.003744002656919107
(60, 59) : 0.0033069950257920352
(60, 15) : 0.00322898172452311
(60, 61) : 0.00409314023231707
(61, 16) : 0.004124005506072764
(61, 62) : 0.0038011905933673165
(61, 60) : 0.00409314023231707
(62, 61) : 0.0038011905933673165
(62, 17) : 0.004389456422612765
(62, 63) : 0.003307259360317895
(63, 62) : 0.003307259360317895
(63, 18) : 0.004013559578696859
(63, 64) : 0.0035681724974422316
(64, 63) : 0.0035681724974422316
(64, 19) : 0.003624349538307677
(64, 65) : 0.003435796871886955
(65, 64) : 0.003435796871886955
(65, 20) : 0.0033312522819876934
(65, 66) : 0.0035225397685857275
(66, 67) : 0.0032975348015692805
(66, 65) : 0.0035225397685857275
(66, 21) : 0.0035953896998656117
(67, 66) : 0.0032975348015692805
(67, 22) : 0.003968039413094971
(67, 68) : 0.0035325706554326796
(68, 69) : 0.004178078866115677
(68, 67) : 0.0035325706554326796
(68, 23) : 0.003913704129007449
(69, 68) : 0.004178078866115677
(69, 24) : 0.003969326594976273
(69, 70) : 0.003393036688288361
(70, 25) : 0.0038347297286791863
(70, 71) : 0.00349049396964138
(70, 69) : 0.003393036688288361
(71, 70) : 0.00349049396964138
(71, 26) : 0.0031856425059049866
(71, 72) : 0.003698044159052429
(72, 27) : 0.003574941320596035
(72, 73) : 0.0026145432075703715
(72, 71) : 0.003698044159052429
(73, 72) : 0.0026145432075703715
(73, 28) : 0.0032881413946262436
(73, 74) : 0.0033871696168768874
(74, 73) : 0.0033871696168768874
(74, 29) : 0.0030165136892368197
(74, 75) : 0.002964685573200677
(75, 76) : 0.003924183890716683
(75, 74) : 0.002964685573200677
(75, 30) : 0.0030735556188899653
(76, 75) : 0.003924183890716683
(76, 31) : 0.0036687931906178328
(76, 77) : 0.003787336282018346
(77, 76) : 0.003787336282018346
(77, 32) : 0.004252453069872397
(77, 78) : 0.0030835285598102952
(78, 77) : 0.0030835285598102952
(78, 33) : 0.003516263495348211
(78, 79) : 0.004418723958306944
(79, 34) : 0.003570352083410038
(79, 80) : 0.0030674766510170683
(79, 78) : 0.004418723958306944
(80, 79) : 0.0030674766510170683
(80, 35) : 0.0036992014241127055
(80, 81) : 0.004108126087387342
(81, 82) : 0.003558030218587617
(81, 80) : 0.004108126087387342
(81, 36) : 0.003926013290624572
(82, 81) : 0.003558030218587617
(82, 37) : 0.00509981518636537
(82, 83) : 0.004187729875044082
(83, 82) : 0.004187729875044082
(83, 38) : 0.005254277380341371
(83, 84) : 0.004494845530039705
(84, 83) : 0.004494845530039705
(84, 39) : 0.003886762487331965
(84, 85) : 0.004218138040032711
(85, 84) : 0.004218138040032711
(85, 40) : 0.00344171183224767
(85, 86) : 0.003905305171456702
(86, 85) : 0.003905305171456702
(86, 41) : 0.0034906833214538597
(86, 87) : 0.004971538592734015
(87, 86) : 0.004971538592734015
(87, 42) : 0.0036308882644463312
(87, 88) : 0.0038260966111527857
(88, 89) : 0.003963755274464867
(88, 87) : 0.0038260966111527857
(88, 43) : 0.003608159792637764
(89, 88) : 0.003963755274464867
(89, 44) : 0.003491973791500019
(89, 90) : 0.0030626749878615977
(90, 46) : 0.0037401384017571758
(90, 89) : 0.0030626749878615977
(90, 45) : 0.003457134460913516
