(1, 45) : 0.004513986970555486
(1, 46) : 0.003569315724598784
(1, 2) : 0.004542073459117743
(2, 3) : 0.003819306239220235
(2, 1) : 0.004542073459117743
(2, 47) : 0.004269415879679365
(3, 2) : 0.003819306239220235
(3, 48) : 0.003933283466871383
(3, 4) : 0.003997781002186241
(4, 49) : 0.0036224607145225653
(4, 5) : 0.0038770817818626654
(4, 3) : 0.003997781002186241
(5, 4) : 0.0038770817818626654
(5, 50) : 0.0037285682273737277
(5, 6) : 0.0043507350049474475
(6, 51) : 0.003979906990232225
(6, 7) : 0.003685922268756596
(6, 5) : 0.0043507350049474475
(7, 6) : 0.003685922268756596
(7, 52) : 0.004115260828299059
(7, 8) : 0.004935400059746374
(8, 7) : 0.004935400059746374
(8, 53) : 0.004345131254217143
(8, 9) : 0.004432113286234079
(9, 10) : 0.0038143766151237045
(9, 8) : 0.004432113286234079
(9, 54) : 0.004480881434015859
(10, 9) : 0.0038143766151237045
(10, 55) : 0.0036940112017888886
(10, 11) : 0.003030087850480573
(11, 12) : 0.002845875853156238
(11, 10) : 0.003030087850480573
(11, 56) : 0.003388119932383706
(12, 11) : 0.002845875853156238
(12, 57) : 0.0033596812935431084
(12, 13) : 0.0033271494299774206
(13, 14) : 0.003331505285929419
(13, 12) : 0.00332714942997742
(13, 58) : 0.003484031825172217
(14, 13) : 0.0033315052859294193
(14, 59) : 0.0043565689606500126
(14, 15) : 0.00356463887101202
(15, 16) : 0.0037190858957723886
(15, 14) : 0.00356463887101202
(15, 60) : 0.004508383595267062
(16, 15) : 0.0037190858957723886
(16, 61) : 0.003856208326602964
(16, 17) : 0.002894450233604794
(17, 16) : 0.002894450233604794
(17, 62) : 0.003714810918002572
(17, 18) : 0.0032826849734325474
(18, 17) : 0.0032826849734325474
(18, 63) : 0.003652173579760846
(18, 19) : 0.004111324549997609
(19, 18) : 0.004111324549997608
(19, 64) : 0.003528171465189532
(19, 20) : 0.0041977235632167835
(20, 19) : 0.0041977235632167835
(20, 65) : 0.003528238296477566
(20, 21) : 0.003417825704303893
(21, 20) : 0.003417825704303893
(21, 66) : 0.003239160818113791
(21, 22) : 0.005243185681056545
(22, 21) : 0.005243185681056545
(22, 67) : 0.0033817406795871676
(22, 23) : 0.004135240982437994
(23, 22) : 0.004135240982437994
(23, 68) : 0.0036314876526412705
(23, 24) : 0.0040102568194305115
(24, 25) : 0.0042640360236510825
(24, 23) : 0.0040102568194305115
(24, 69) : 0.0033353700289568767
(25, 24) : 0.0042640360236510825
(25, 70) : 0.004492283250723154
(25, 26) : 0.003518115828069408
(26, 27) : 0.004260032101813285
(26, 25) : 0.003518115828069408
(26, 71) : 0.003914108651247303
(27, 26) : 0.004260032101813285
(27, 72) : 0.0033208888136375425
(27, 28) : 0.003427922017693207
(28, 73) : 0.003927093828319638
(28, 29) : 0.0030733917597850074
(28, 27) : 0.003427922017693207
(29, 28) : 0.0030733917597850074
(29, 74) : 0.003350102555558622
(29, 30) : 0.00497063637624943
(30, 75) : 0.003851364053753826
(30, 31) : 0.003309661166568189
(30, 29) : 0.00497063637624943
(31, 30) : 0.003309661166568189
(31, 76) : 0.003639486846904447
(31, 32) : 0.004865994208228093
(32, 31) : 0.004865994208228093
(32, 77) : 0.002994835220706544
(32, 33) : 0.0030232605650105425
(33, 34) : 0.003441780435633139
(33, 32) : 0.0030232605650105425
(33, 78) : 0.0034503758783245523
(34, 33) : 0.003441780435633139
(34, 79) : 0.003647745488982279
(34, 35) : 0.002908423203901607
(35, 36) : 0.0038605056753177438
(35, 34) : 0.002908423203901607
(35, 80) : 0.003532631702669789
(36, 35) : 0.0038605056753177438
(36, 81) : 0.003374890393198201
(36, 37) : 0.0030683630920458273
(37, 82) : 0.003630042700276479
(37, 38) : 0.003915261789129662
(37, 36) : 0.0030683630920458273
(38, 37) : 0.003915261789129662
(38, 83) : 0.004044679356869768
(38, 39) : 0.0031002532886212296
(39, 84) : 0.003787867087774907
(39, 40) : 0.0032699836172467695
(39, 38) : 0.0031002532886212296
(40, 39) : 0.0032699836172467695
(40, 85) : 0.0032359428488087454
(40, 41) : 0.0033907030658592977
(41, 40) : 0.0033907030658592977
(41, 86) : 0.003557840522234022
(41, 42) : 0.0030495197898134474
(42, 43) : 0.0035689515883611
(42, 41) : 0.0030495197898134474
(42, 87) : 0.00348941310587718
(43, 42) : 0.0035689515883611
(43, 88) : 0.0031461141560067
(43, 44) : 0.0036833487674047764
(44, 45) : 0.003367586858207296
(44, 43) : 0.0036833487674047764
(44, 89) : 0.003936985377332871
(45, 44) : 0.003367586858207296
(45, 90) : 0.004125615495832111
(45, 1) : 0.004513986970555486
(46, 47) : 0.004653557610289222
(46, 90) : 0.0036732475537176374
(46, 1) : 0.003569315724598784
(47, 46) : 0.004653557610289222
(47, 2) : 0.004269415879679365
(47, 48) : 0.0036737240375413387
(48, 49) : 0.0037791507269770595
(48, 47) : 0.0036737240375413387
(48, 3) : 0.003933283466871383
(49, 48) : 0.0037791507269770595
(49, 4) : 0.0036224607145225653
(49, 50) : 0.003460915447001084
(50, 49) : 0.003460915447001084
(50, 5) : 0.0037285682273737277
(50, 51) : 0.0038721879064083447
(51, 50) : 0.0038721879064083447
(51, 6) : 0.003979906990232225
(51, 52) : 0.002866857494887255
(52, 51) : 0.002866857494887255
(52, 7) : 0.004115260828299059
(52, 53) : 0.0038759728792604137
(53, 52) : 0.0038759728792604137
(53, 8) : 0.004345131254217143
(53, 54) : 0.0037367273980243886
(54, 53) : 0.0037367273980243886
(54, 9) : 0.004480881434015859
(54, 55) : 0.0035468751763519713
(55, 54) : 0.0035468751763519713
(55, 10) : 0.0036940112017888886
(55, 56) : 0.0029891296190703563
(56, 55) : 0.0029891296190703563
(56, 11) : 0.003388119932383706
(56, 57) : 0.0036110533400683033
(57, 58) : 0.003328765320057414
(57, 56) : 0.0036110533400683033
(57, 12) : 0.0033596812935431084
(58, 57) : 0.003328765320057414
(58, 13) : 0.003484031825172217
(58, 59) : 0.004211227423785735
(59, 14) : 0.0043565689606500126
(59, 60) : 0.0037154157414234935
(59, 58) : 0.004211227423785735
(60, 59) : 0.0037154157414234935
(60, 15) : 0.004508383595267062
(60, 61) : 0.0041521699250591975
(61, 16) : 0.003856208326602964
(61, 62) : 0.0031162451251273964
(61, 60) : 0.0041521699250591975
(62, 61) : 0.0031162451251273964
(62, 17) : 0.003714810918002572
(62, 63) : 0.0037478642152978677
(63, 62) : 0.0037478642152978677
(63, 18) : 0.003652173579760846
(63, 64) : 0.0035039343195356495
(64, 63) : 0.0035039343195356495
(64, 19) : 0.003528171465189532
(64, 65) : 0.003814081475576681
(65, 64) : 0.003814081475576681
(65, 20) : 0.003528238296477566
(65, 66) : 0.003007614041802981
(66, 67) : 0.0037195963925898113
(66, 65) : 0.003007614041802981
(66, 21) : 0.003239160818113791
(67, 66) : 0.0037195963925898113
(67, 22) : 0.0033817406795871676
(67, 68) : 0.00416830817980325
(68, 69) : 0.004102672527557429
(68, 67) : 0.00416830817980325
(68, 23) : 0.0036314876526412705
(69, 68) : 0.004102672527557429
(69, 24) : 0.0033353700289568767
(69, 70) : 0.0038404204890474325
(70, 25) : 0.004492283250723154
(70, 71) : 0.004244797249540101
(70, 69) : 0.0038404204890474325
(71, 70) : 0.0042447972495401
(71, 26) : 0.003914108651247303
(71, 72) : 0.004133988360238601
(72, 27) : 0.0033208888136375425
(72, 73) : 0.003000873190908677
(72, 71) : 0.004133988360238601
(73, 72) : 0.003000873190908677
(73, 28) : 0.003927093828319638
(73, 74) : 0.0036727042777647276
(74, 73) : 0.0036727042777647276
(74, 29) : 0.003350102555558622
(74, 75) : 0.003479444595020358
(75, 76) : 0.0034907665793658177
(75, 74) : 0.003479444595020358
(75, 30) : 0.003851364053753826
(76, 75) : 0.0034907665793658172
(76, 31) : 0.003639486846904447
(76, 77) : 0.003632174631868179
(77, 76) : 0.003632174631868179
(77, 32) : 0.002994835220706544
(77, 78) : 0.0034564890963698037
(78, 77) : 0.0034564890963698037
(78, 33) : 0.0034503758783245523
(78, 79) : 0.00338108121166377
(79, 34) : 0.003647745488982279
(79, 80) : 0.0037900971611221942
(79, 78) : 0.0033810812116637705
(80, 79) : 0.0037900971611221942
(80, 35) : 0.003532631702669789
(80, 81) : 0.003676092265073392
(81, 82) : 0.00365739190750077
(81, 80) : 0.003676092265073392
(81, 36) : 0.003374890393198201
(82, 81) : 0.00365739190750077
(82, 37) : 0.003630042700276479
(82, 83) : 0.003681386242059792
(83, 82) : 0.003681386242059792
(83, 38) : 0.004044679356869768
(83, 84) : 0.0036499325810671448
(84, 83) : 0.0036499325810671448
(84, 39) : 0.003787867087774907
(84, 85) : 0.0039774030242005895
(85, 84) : 0.0039774030242005895
(85, 40) : 0.0032359428488087454
(85, 86) : 0.003660897366789547
(86, 85) : 0.003660897366789547
(86, 41) : 0.003557840522234022
(86, 87) : 0.0037631381809936373
(87, 86) : 0.0037631381809936373
(87, 42) : 0.00348941310587718
(87, 88) : 0.0031455196355923767
(88, 89) : 0.0034862347543451553
(88, 87) : 0.0031455196355923767
(88, 43) : 0.0031461141560067
(89, 88) : 0.0034862347543451553
(89, 44) : 0.003936985377332871
(89, 90) : 0.003281639293097879
(90, 46) : 0.0036732475537176374
(90, 89) : 0.003281639293097879
(90, 45) : 0.004125615495832111
