(1, 45) : 0.0036724972353855334
(1, 46) : 0.0040863992213469435
(1, 2) : 0.003820382238068573
(2, 3) : 0.003660054525620531
(2, 1) : 0.003820382238068573
(2, 47) : 0.0037277083083795725
(3, 2) : 0.003660054525620531
(3, 48) : 0.003517006942584799
(3, 4) : 0.0035500894057089033
(4, 49) : 0.0037395896979132448
(4, 5) : 0.0040863031622309955
(4, 3) : 0.0035500894057089033
(5, 4) : 0.0040863031622309955
(5, 50) : 0.003575489790068259
(5, 6) : 0.003900290786242125
(6, 51) : 0.0031241649533039614
(6, 7) : 0.002961052349201572
(6, 5) : 0.003900290786242125
(7, 6) : 0.002961052349201572
(7, 52) : 0.0031207100783422178
(7, 8) : 0.0031804983022510206
(8, 7) : 0.0031804983022510206
(8, 53) : 0.0030995913889772853
(8, 9) : 0.0038438377542986415
(9, 10) : 0.003421442457794357
(9, 8) : 0.0038438377542986415
(9, 54) : 0.0035600527814530067
(10, 9) : 0.003421442457794357
(10, 55) : 0.003615298303694846
(10, 11) : 0.0036742695484868206
(11, 12) : 0.0033942323576274126
(11, 10) : 0.0036742695484868206
(11, 56) : 0.003536176635927004
(12, 11) : 0.0033942323576274126
(12, 57) : 0.0034261804577838863
(12, 13) : 0.004083729862310384
(13, 14) : 0.0029434844114084742
(13, 12) : 0.004083729862310384
(13, 58) : 0.0031037186730443196
(14, 13) : 0.0029434844114084742
(14, 59) : 0.003576244947700722
(14, 15) : 0.0033863593005629025
(15, 16) : 0.0037761134581972464
(15, 14) : 0.003386359300562903
(15, 60) : 0.004131178802899976
(16, 15) : 0.0037761134581972464
(16, 61) : 0.004168802295113462
(16, 17) : 0.004786053009719378
(17, 16) : 0.004786053009719378
(17, 62) : 0.0035089500130027155
(17, 18) : 0.0045980781221615025
(18, 17) : 0.0045980781221615025
(18, 63) : 0.003662513313837263
(18, 19) : 0.003252057763721151
(19, 18) : 0.003252057763721151
(19, 64) : 0.004030573169959166
(19, 20) : 0.0031056617920384826
(20, 19) : 0.0031056617920384826
(20, 65) : 0.0035335791524083184
(20, 21) : 0.004033472273324484
(21, 20) : 0.004033472273324484
(21, 66) : 0.003651445192800798
(21, 22) : 0.004248883916915589
(22, 21) : 0.004248883916915589
(22, 67) : 0.004109678743385012
(22, 23) : 0.004328008931924448
(23, 22) : 0.004328008931924448
(23, 68) : 0.004312434192625513
(23, 24) : 0.0032727556656794825
(24, 25) : 0.003630354125956945
(24, 23) : 0.0032727556656794825
(24, 69) : 0.004004763758336433
(25, 24) : 0.003630354125956945
(25, 70) : 0.003168218833536609
(25, 26) : 0.0038934379949565243
(26, 27) : 0.003433903442101783
(26, 25) : 0.0038934379949565243
(26, 71) : 0.0032896681569930335
(27, 26) : 0.003433903442101783
(27, 72) : 0.0038946949804259503
(27, 28) : 0.004212266644650824
(28, 73) : 0.003646245988087882
(28, 29) : 0.0039346398258364255
(28, 27) : 0.004212266644650824
(29, 28) : 0.0039346398258364255
(29, 74) : 0.0032870128996763145
(29, 30) : 0.004869443073174037
(30, 75) : 0.0029828110626836527
(30, 31) : 0.004106443657533852
(30, 29) : 0.004869443073174037
(31, 30) : 0.004106443657533852
(31, 76) : 0.0034499658712379496
(31, 32) : 0.0036819640955014633
(32, 31) : 0.0036819640955014633
(32, 77) : 0.0045472654890125735
(32, 33) : 0.003297644102566407
(33, 34) : 0.003432193550856352
(33, 32) : 0.003297644102566407
(33, 78) : 0.0041805257126526
(34, 33) : 0.003432193550856352
(34, 79) : 0.0029999792813945464
(34, 35) : 0.004763827750899192
(35, 36) : 0.0035054074484410884
(35, 34) : 0.004763827750899192
(35, 80) : 0.003050043731636976
(36, 35) : 0.0035054074484410884
(36, 81) : 0.0032599569363990586
(36, 37) : 0.0030391613743258493
(37, 82) : 0.0034759113443578967
(37, 38) : 0.0029522356371138483
(37, 36) : 0.0030391613743258493
(38, 37) : 0.0029522356371138483
(38, 83) : 0.003931988834940186
(38, 39) : 0.003954855132231272
(39, 84) : 0.0037453077814405193
(39, 40) : 0.0036096610740264552
(39, 38) : 0.003954855132231272
(40, 39) : 0.0036096610740264552
(40, 85) : 0.0035550340804234447
(40, 41) : 0.003206810942554747
(41, 40) : 0.003206810942554747
(41, 86) : 0.0033404953552083933
(41, 42) : 0.0030086960322802843
(42, 43) : 0.003495214484098685
(42, 41) : 0.0030086960322802843
(42, 87) : 0.0034048727020788137
(43, 42) : 0.003495214484098685
(43, 88) : 0.003904522593121612
(43, 44) : 0.004043114878617742
(44, 45) : 0.004154573209173828
(44, 43) : 0.004043114878617742
(44, 89) : 0.004593010065725669
(45, 44) : 0.004154573209173828
(45, 90) : 0.004657529602953616
(45, 1) : 0.0036724972353855334
(46, 47) : 0.004001807700992192
(46, 90) : 0.0038783344734131674
(46, 1) : 0.0040863992213469435
(47, 46) : 0.004001807700992192
(47, 2) : 0.0037277083083795725
(47, 48) : 0.003587523295304365
(48, 49) : 0.004070218610176637
(48, 47) : 0.003587523295304365
(48, 3) : 0.003517006942584799
(49, 48) : 0.004070218610176637
(49, 4) : 0.0037395896979132448
(49, 50) : 0.003935103764553114
(50, 49) : 0.003935103764553114
(50, 5) : 0.003575489790068259
(50, 51) : 0.003756903174767504
(51, 50) : 0.003756903174767504
(51, 6) : 0.0031241649533039614
(51, 52) : 0.003504983589233524
(52, 51) : 0.003504983589233524
(52, 7) : 0.0031207100783422178
(52, 53) : 0.0033444961197182893
(53, 52) : 0.0033444961197182893
(53, 8) : 0.0030995913889772853
(53, 54) : 0.004440574801163416
(54, 53) : 0.004440574801163416
(54, 9) : 0.0035600527814530067
(54, 55) : 0.0036760053788154603
(55, 54) : 0.0036760053788154603
(55, 10) : 0.003615298303694846
(55, 56) : 0.0031475617240505492
(56, 55) : 0.0031475617240505492
(56, 11) : 0.003536176635927004
(56, 57) : 0.003189637884733178
(57, 58) : 0.003268449456956124
(57, 56) : 0.003189637884733178
(57, 12) : 0.0034261804577838863
(58, 57) : 0.003268449456956124
(58, 13) : 0.0031037186730443196
(58, 59) : 0.003354712616994812
(59, 14) : 0.003576244947700722
(59, 60) : 0.0029415306697033812
(59, 58) : 0.0033547126169948126
(60, 59) : 0.0029415306697033812
(60, 15) : 0.004131178802899975
(60, 61) : 0.0036786601147776017
(61, 16) : 0.004168802295113463
(61, 62) : 0.004135850466556007
(61, 60) : 0.0036786601147776017
(62, 61) : 0.0041358504665560064
(62, 17) : 0.0035089500130027155
(62, 63) : 0.004155560308294547
(63, 62) : 0.004155560308294547
(63, 18) : 0.0036625133138372627
(63, 64) : 0.002743245537881569
(64, 63) : 0.002743245537881569
(64, 19) : 0.004030573169959166
(64, 65) : 0.003530002270560993
(65, 64) : 0.003530002270560993
(65, 20) : 0.0035335791524083184
(65, 66) : 0.003152658467635867
(66, 67) : 0.004189151998882743
(66, 65) : 0.003152658467635867
(66, 21) : 0.003651445192800798
(67, 66) : 0.004189151998882743
(67, 22) : 0.004109678743385012
(67, 68) : 0.00365966652660121
(68, 69) : 0.0038202439018002726
(68, 67) : 0.00365966652660121
(68, 23) : 0.004312434192625513
(69, 68) : 0.0038202439018002726
(69, 24) : 0.004004763758336433
(69, 70) : 0.0035355056296123033
(70, 25) : 0.003168218833536609
(70, 71) : 0.004374864767161296
(70, 69) : 0.0035355056296123033
(71, 70) : 0.004374864767161296
(71, 26) : 0.0032896681569930335
(71, 72) : 0.003402716882214682
(72, 27) : 0.0038946949804259503
(72, 73) : 0.003438712836828558
(72, 71) : 0.003402716882214682
(73, 72) : 0.003438712836828558
(73, 28) : 0.003646245988087882
(73, 74) : 0.004123547683237399
(74, 73) : 0.004123547683237399
(74, 29) : 0.0032870128996763145
(74, 75) : 0.0040235827562119806
(75, 76) : 0.004491521059448792
(75, 74) : 0.0040235827562119806
(75, 30) : 0.0029828110626836527
(76, 75) : 0.004491521059448792
(76, 31) : 0.0034499658712379496
(76, 77) : 0.004455425024456884
(77, 76) : 0.004455425024456884
(77, 32) : 0.0045472654890125735
(77, 78) : 0.0033704790639667516
(78, 77) : 0.0033704790639667516
(78, 33) : 0.0041805257126526
(78, 79) : 0.004602548841867205
(79, 34) : 0.0029999792813945464
(79, 80) : 0.004753738769444081
(79, 78) : 0.004602548841867205
(80, 79) : 0.004753738769444081
(80, 35) : 0.0030500437316369764
(80, 81) : 0.003851706519181827
(81, 82) : 0.003199072330952752
(81, 80) : 0.003851706519181827
(81, 36) : 0.0032599569363990586
(82, 81) : 0.0031990723309527525
(82, 37) : 0.0034759113443578967
(82, 83) : 0.0036547237323971454
(83, 82) : 0.0036547237323971454
(83, 38) : 0.003931988834940186
(83, 84) : 0.00410238976647615
(84, 83) : 0.00410238976647615
(84, 39) : 0.0037453077814405193
(84, 85) : 0.004106852114050043
(85, 84) : 0.004106852114050043
(85, 40) : 0.0035550340804234447
(85, 86) : 0.0030485380427204183
(86, 85) : 0.0030485380427204183
(86, 41) : 0.0033404953552083933
(86, 87) : 0.0036809308404692344
(87, 86) : 0.0036809308404692352
(87, 42) : 0.0034048727020788137
(87, 88) : 0.0030612658852180665
(88, 89) : 0.004582061964877412
(88, 87) : 0.0030612658852180665
(88, 43) : 0.003904522593121612
(89, 88) : 0.004582061964877412
(89, 44) : 0.004593010065725669
(89, 90) : 0.003484163408986336
(90, 46) : 0.0038783344734131674
(90, 89) : 0.003484163408986336
(90, 45) : 0.004657529602953616
