(1, 45) : 0.004633871798268728
(1, 46) : 0.004323120388036464
(1, 2) : 0.0033148819896563105
(2, 3) : 0.004441968432346937
(2, 1) : 0.0033148819896563105
(2, 47) : 0.003709857723958529
(3, 2) : 0.004441968432346937
(3, 48) : 0.003500573523237758
(3, 4) : 0.0038123065329529566
(4, 49) : 0.0039309233367237194
(4, 5) : 0.004805129170506063
(4, 3) : 0.0038123065329529566
(5, 4) : 0.004805129170506063
(5, 50) : 0.004051842594991352
(5, 6) : 0.004060373765006123
(6, 51) : 0.003632354364654998
(6, 7) : 0.0038160095803977706
(6, 5) : 0.004060373765006123
(7, 6) : 0.0038160095803977706
(7, 52) : 0.003809884370403651
(7, 8) : 0.0032944204763508283
(8, 7) : 0.0032944204763508283
(8, 53) : 0.003967189106441742
(8, 9) : 0.0038375267527970968
(9, 10) : 0.0037319337126749466
(9, 8) : 0.0038375267527970968
(9, 54) : 0.0034867161188880417
(10, 9) : 0.0037319337126749466
(10, 55) : 0.0036869027246284906
(10, 11) : 0.0033290308210727564
(11, 12) : 0.002947318547344167
(11, 10) : 0.0033290308210727564
(11, 56) : 0.0037979150874724887
(12, 11) : 0.002947318547344167
(12, 57) : 0.0037902202396769896
(12, 13) : 0.0030696376509711217
(13, 14) : 0.0036285571451741775
(13, 12) : 0.0030696376509711217
(13, 58) : 0.0032709126383670584
(14, 13) : 0.0036285571451741775
(14, 59) : 0.0029346751124229987
(14, 15) : 0.003845287594776494
(15, 16) : 0.0033771465572175084
(15, 14) : 0.003845287594776494
(15, 60) : 0.0034214570489598272
(16, 15) : 0.0033771465572175084
(16, 61) : 0.0038907198608023005
(16, 17) : 0.00377362144058515
(17, 16) : 0.00377362144058515
(17, 62) : 0.0035746376672755255
(17, 18) : 0.004052691079905967
(18, 17) : 0.004052691079905967
(18, 63) : 0.003503316585133758
(18, 19) : 0.004530873682521146
(19, 18) : 0.004530873682521146
(19, 64) : 0.0036725132688337206
(19, 20) : 0.004273486503961455
(20, 19) : 0.004273486503961455
(20, 65) : 0.004218679554625254
(20, 21) : 0.003117294371764849
(21, 20) : 0.003117294371764849
(21, 66) : 0.0035903504298973408
(21, 22) : 0.004001543260557741
(22, 21) : 0.004001543260557741
(22, 67) : 0.0032293236793613156
(22, 23) : 0.0031162963784029346
(23, 22) : 0.0031162963784029346
(23, 68) : 0.003469463267780437
(23, 24) : 0.004265380919475571
(24, 25) : 0.0036963043346691514
(24, 23) : 0.004265380919475571
(24, 69) : 0.0031306597445142225
(25, 24) : 0.0036963043346691514
(25, 70) : 0.0034867886114497335
(25, 26) : 0.0031123808013890837
(26, 27) : 0.00383315039366645
(26, 25) : 0.0031123808013890837
(26, 71) : 0.0044071680276716475
(27, 26) : 0.00383315039366645
(27, 72) : 0.0036402897971599016
(27, 28) : 0.004594248792833964
(28, 73) : 0.003315353497030898
(28, 29) : 0.004488037268732908
(28, 27) : 0.004594248792833964
(29, 28) : 0.004488037268732908
(29, 74) : 0.004561432818051924
(29, 30) : 0.0041367109583283915
(30, 75) : 0.004564791396680198
(30, 31) : 0.00419389040859152
(30, 29) : 0.0041367109583283915
(31, 30) : 0.00419389040859152
(31, 76) : 0.004306829500137796
(31, 32) : 0.0032841030754874392
(32, 31) : 0.0032841030754874392
(32, 77) : 0.004002210023592824
(32, 33) : 0.004060878068002419
(33, 34) : 0.004219242693995173
(33, 32) : 0.004060878068002419
(33, 78) : 0.0037739348285353203
(34, 33) : 0.004219242693995173
(34, 79) : 0.0036311993562354516
(34, 35) : 0.004153721579469225
(35, 36) : 0.0035678844183412058
(35, 34) : 0.004153721579469225
(35, 80) : 0.0032689726819124898
(36, 35) : 0.0035678844183412058
(36, 81) : 0.0033183941713017394
(36, 37) : 0.0036636546292678745
(37, 82) : 0.0044812545397044466
(37, 38) : 0.0031845840330837123
(37, 36) : 0.0036636546292678745
(38, 37) : 0.0031845840330837123
(38, 83) : 0.004828219841349929
(38, 39) : 0.0035870362957797974
(39, 84) : 0.0039137647334803495
(39, 40) : 0.003028590573752027
(39, 38) : 0.0035870362957797974
(40, 39) : 0.003028590573752027
(40, 85) : 0.00325305697193622
(40, 41) : 0.0034980929981212926
(41, 40) : 0.0034980929981212926
(41, 86) : 0.0028180378163005543
(41, 42) : 0.00323472882656413
(42, 43) : 0.0030859249339911365
(42, 41) : 0.00323472882656413
(42, 87) : 0.0036024084952594885
(43, 42) : 0.0030859249339911365
(43, 88) : 0.003737878378935072
(43, 44) : 0.003924101017335638
(44, 45) : 0.0029121020302717193
(44, 43) : 0.003924101017335638
(44, 89) : 0.0037550944847952964
(45, 44) : 0.0029121020302717193
(45, 90) : 0.0042969284264475415
(45, 1) : 0.004633871798268728
(46, 47) : 0.004055496650983467
(46, 90) : 0.003852585315737702
(46, 1) : 0.004323120388036464
(47, 46) : 0.004055496650983467
(47, 2) : 0.003709857723958529
(47, 48) : 0.003509580638871972
(48, 49) : 0.0043802626837729725
(48, 47) : 0.003509580638871972
(48, 3) : 0.003500573523237758
(49, 48) : 0.0043802626837729725
(49, 4) : 0.0039309233367237194
(49, 50) : 0.003798078814467442
(50, 49) : 0.003798078814467442
(50, 5) : 0.004051842594991352
(50, 51) : 0.004205713207032155
(51, 50) : 0.004205713207032155
(51, 6) : 0.003632354364654998
(51, 52) : 0.003939824993838157
(52, 51) : 0.003939824993838157
(52, 7) : 0.003809884370403651
(52, 53) : 0.0029877194084628102
(53, 52) : 0.0029877194084628102
(53, 8) : 0.003967189106441742
(53, 54) : 0.003741244080230884
(54, 53) : 0.003741244080230884
(54, 9) : 0.0034867161188880413
(54, 55) : 0.0038755858513343663
(55, 54) : 0.0038755858513343663
(55, 10) : 0.0036869027246284906
(55, 56) : 0.003812119340873275
(56, 55) : 0.003812119340873275
(56, 11) : 0.0037979150874724887
(56, 57) : 0.0032393955582480367
(57, 58) : 0.003592923021921323
(57, 56) : 0.0032393955582480367
(57, 12) : 0.0037902202396769896
(58, 57) : 0.003592923021921323
(58, 13) : 0.0032709126383670584
(58, 59) : 0.003641201044639784
(59, 14) : 0.0029346751124229987
(59, 60) : 0.0028594245210955198
(59, 58) : 0.003641201044639784
(60, 59) : 0.0028594245210955198
(60, 15) : 0.0034214570489598272
(60, 61) : 0.0036281407945701898
(61, 16) : 0.0038907198608023005
(61, 62) : 0.003522696722639835
(61, 60) : 0.0036281407945701898
(62, 61) : 0.003522696722639835
(62, 17) : 0.0035746376672755255
(62, 63) : 0.0036243732967834136
(63, 62) : 0.0036243732967834136
(63, 18) : 0.003503316585133758
(63, 64) : 0.0045032098500623835
(64, 63) : 0.0045032098500623835
(64, 19) : 0.0036725132688337206
(64, 65) : 0.003754377933097673
(65, 64) : 0.003754377933097673
(65, 20) : 0.004218679554625254
(65, 66) : 0.0028354051597089384
(66, 67) : 0.0034578311338935726
(66, 65) : 0.0028354051597089384
(66, 21) : 0.0035903504298973408
(67, 66) : 0.0034578311338935726
(67, 22) : 0.0032293236793613156
(67, 68) : 0.0034355490054054643
(68, 69) : 0.003630099693653622
(68, 67) : 0.0034355490054054643
(68, 23) : 0.003469463267780437
(69, 68) : 0.003630099693653622
(69, 24) : 0.0031306597445142225
(69, 70) : 0.0035878231773798044
(70, 25) : 0.0034867886114497335
(70, 71) : 0.0038596888449700154
(70, 69) : 0.0035878231773798044
(71, 70) : 0.0038596888449700154
(71, 26) : 0.0044071680276716475
(71, 72) : 0.003519505619565919
(72, 27) : 0.0036402897971599016
(72, 73) : 0.004736897677501601
(72, 71) : 0.0035195056195659194
(73, 72) : 0.004736897677501601
(73, 28) : 0.003315353497030898
(73, 74) : 0.003601040828239864
(74, 73) : 0.003601040828239864
(74, 29) : 0.004561432818051924
(74, 75) : 0.0034195515115216053
(75, 76) : 0.0031238881670669614
(75, 74) : 0.0034195515115216053
(75, 30) : 0.004564791396680198
(76, 75) : 0.0031238881670669614
(76, 31) : 0.004306829500137796
(76, 77) : 0.002990423928622253
(77, 76) : 0.002990423928622253
(77, 32) : 0.004002210023592824
(77, 78) : 0.0035763219186480174
(78, 77) : 0.0035763219186480174
(78, 33) : 0.0037739348285353203
(78, 79) : 0.0036289000840541564
(79, 34) : 0.0036311993562354516
(79, 80) : 0.004021734443062023
(79, 78) : 0.0036289000840541556
(80, 79) : 0.004021734443062023
(80, 35) : 0.0032689726819124898
(80, 81) : 0.0032599334280525366
(81, 82) : 0.0037324323638117376
(81, 80) : 0.0032599334280525366
(81, 36) : 0.0033183941713017394
(82, 81) : 0.0037324323638117376
(82, 37) : 0.0044812545397044466
(82, 83) : 0.0035222729113323337
(83, 82) : 0.0035222729113323337
(83, 38) : 0.004828219841349929
(83, 84) : 0.003729433132643909
(84, 83) : 0.003729433132643909
(84, 39) : 0.003913764733480349
(84, 85) : 0.0033507856716882534
(85, 84) : 0.0033507856716882534
(85, 40) : 0.00325305697193622
(85, 86) : 0.00350507249864293
(86, 85) : 0.00350507249864293
(86, 41) : 0.0028180378163005543
(86, 87) : 0.0034397144945299764
(87, 86) : 0.0034397144945299764
(87, 42) : 0.0036024084952594885
(87, 88) : 0.0031911659510100846
(88, 89) : 0.0035401251206807443
(88, 87) : 0.0031911659510100846
(88, 43) : 0.003737878378935072
(89, 88) : 0.003540125120680744
(89, 44) : 0.0037550944847952964
(89, 90) : 0.0036862763742304427
(90, 46) : 0.003852585315737702
(90, 89) : 0.0036862763742304427
(90, 45) : 0.0042969284264475415
