(1, 45) : 0.0034619630624824023
(1, 46) : 0.002944822803029373
(1, 2) : 0.004240021715818269
(2, 3) : 0.003960059413991832
(2, 1) : 0.004240021715818269
(2, 47) : 0.003155287806220957
(3, 2) : 0.003960059413991832
(3, 48) : 0.003977293909363202
(3, 4) : 0.0031133282037285326
(4, 49) : 0.004770042546338781
(4, 5) : 0.0036044938328888237
(4, 3) : 0.0031133282037285326
(5, 4) : 0.0036044938328888237
(5, 50) : 0.00401771268917267
(5, 6) : 0.00406841877381931
(6, 51) : 0.003798197100281236
(6, 7) : 0.004016639195675052
(6, 5) : 0.00406841877381931
(7, 6) : 0.004016639195675052
(7, 52) : 0.003877849267299757
(7, 8) : 0.004789790758163529
(8, 7) : 0.004789790758163529
(8, 53) : 0.004567819663044
(8, 9) : 0.0038916053195841866
(9, 10) : 0.00529018801562169
(9, 8) : 0.0038916053195841866
(9, 54) : 0.005196456250605069
(10, 9) : 0.00529018801562169
(10, 55) : 0.004226067943514243
(10, 11) : 0.003630251880204957
(11, 12) : 0.003908596966000105
(11, 10) : 0.003630251880204957
(11, 56) : 0.003956629161468448
(12, 11) : 0.003908596966000105
(12, 57) : 0.0037966381049319006
(12, 13) : 0.0037945594789089315
(13, 14) : 0.003478293344888322
(13, 12) : 0.0037945594789089315
(13, 58) : 0.003969494234281719
(14, 13) : 0.003478293344888322
(14, 59) : 0.003711990418913846
(14, 15) : 0.003328084559464124
(15, 16) : 0.004387356463035216
(15, 14) : 0.003328084559464124
(15, 60) : 0.0030837311973969717
(16, 15) : 0.004387356463035216
(16, 61) : 0.003688534452498921
(16, 17) : 0.0029501900774301236
(17, 16) : 0.0029501900774301236
(17, 62) : 0.003740773642406322
(17, 18) : 0.003339910508044003
(18, 17) : 0.003339910508044003
(18, 63) : 0.0030564654103275436
(18, 19) : 0.003042592680717684
(19, 18) : 0.003042592680717684
(19, 64) : 0.004170710392329556
(19, 20) : 0.0031955679172481987
(20, 19) : 0.0031955679172481987
(20, 65) : 0.0038722461870682487
(20, 21) : 0.003997918514997135
(21, 20) : 0.003997918514997135
(21, 66) : 0.003088638408063375
(21, 22) : 0.002868203073843507
(22, 21) : 0.002868203073843507
(22, 67) : 0.00356488577389536
(22, 23) : 0.0034587932527194594
(23, 22) : 0.0034587932527194594
(23, 68) : 0.003293963754513135
(23, 24) : 0.0031880885093350853
(24, 25) : 0.004114440522194212
(24, 23) : 0.0031880885093350853
(24, 69) : 0.0030760094164738187
(25, 24) : 0.004114440522194212
(25, 70) : 0.004049319408742621
(25, 26) : 0.0037417986686975524
(26, 27) : 0.005019937788030154
(26, 25) : 0.003741798668697552
(26, 71) : 0.004741189940066639
(27, 26) : 0.005019937788030154
(27, 72) : 0.0034821685398144574
(27, 28) : 0.00494355516144718
(28, 73) : 0.002790745004296673
(28, 29) : 0.0033747021586185556
(28, 27) : 0.00494355516144718
(29, 28) : 0.0033747021586185556
(29, 74) : 0.0029500987532797363
(29, 30) : 0.003248553564833699
(30, 75) : 0.002810992077054025
(30, 31) : 0.00396991505274959
(30, 29) : 0.003248553564833699
(31, 30) : 0.00396991505274959
(31, 76) : 0.0033860556511742575
(31, 32) : 0.0038566760924837935
(32, 31) : 0.0038566760924837935
(32, 77) : 0.004468564858200822
(32, 33) : 0.0036857789681452417
(33, 34) : 0.003703370454569079
(33, 32) : 0.0036857789681452417
(33, 78) : 0.004146737862607092
(34, 33) : 0.003703370454569079
(34, 79) : 0.0032998741231129443
(34, 35) : 0.0033506305572980136
(35, 36) : 0.0034061054716174885
(35, 34) : 0.0033506305572980136
(35, 80) : 0.0034191363917935183
(36, 35) : 0.0034061054716174885
(36, 81) : 0.0035295700547897635
(36, 37) : 0.003241145920131458
(37, 82) : 0.003189234287719473
(37, 38) : 0.003791018509190407
(37, 36) : 0.003241145920131458
(38, 37) : 0.003791018509190407
(38, 83) : 0.003153999599491297
(38, 39) : 0.0031746220732593194
(39, 84) : 0.0034792952910523514
(39, 40) : 0.003963824751830583
(39, 38) : 0.0031746220732593194
(40, 39) : 0.003963824751830583
(40, 85) : 0.0038984590774718054
(40, 41) : 0.0037247430830919612
(41, 40) : 0.0037247430830919612
(41, 86) : 0.0039167753108340485
(41, 42) : 0.0034857321539311517
(42, 43) : 0.004187479523824077
(42, 41) : 0.0034857321539311517
(42, 87) : 0.0033037454961292265
(43, 42) : 0.004187479523824077
(43, 88) : 0.0038458407265441266
(43, 44) : 0.003244292495518353
(44, 45) : 0.003971037358355599
(44, 43) : 0.003244292495518353
(44, 89) : 0.0036435850295619653
(45, 44) : 0.003971037358355599
(45, 90) : 0.0027811269862048345
(45, 1) : 0.0034619630624824023
(46, 47) : 0.004867802259803494
(46, 90) : 0.0036333636588832077
(46, 1) : 0.002944822803029373
(47, 46) : 0.004867802259803495
(47, 2) : 0.003155287806220957
(47, 48) : 0.004066389367745419
(48, 49) : 0.003735446471625958
(48, 47) : 0.004066389367745419
(48, 3) : 0.003977293909363202
(49, 48) : 0.003735446471625958
(49, 4) : 0.004770042546338781
(49, 50) : 0.0031752179304148317
(50, 49) : 0.0031752179304148317
(50, 5) : 0.00401771268917267
(50, 51) : 0.004614022368367008
(51, 50) : 0.004614022368367008
(51, 6) : 0.003798197100281236
(51, 52) : 0.00408908374836088
(52, 51) : 0.00408908374836088
(52, 7) : 0.003877849267299757
(52, 53) : 0.005225683425238443
(53, 52) : 0.005225683425238443
(53, 8) : 0.004567819663044
(53, 54) : 0.004216136679274054
(54, 53) : 0.004216136679274054
(54, 9) : 0.005196456250605069
(54, 55) : 0.004866202797440997
(55, 54) : 0.004866202797440997
(55, 10) : 0.004226067943514243
(55, 56) : 0.0042620763602416786
(56, 55) : 0.0042620763602416786
(56, 11) : 0.003956629161468448
(56, 57) : 0.0038526537593492434
(57, 58) : 0.0046453485936794655
(57, 56) : 0.0038526537593492434
(57, 12) : 0.0037966381049319006
(58, 57) : 0.0046453485936794655
(58, 13) : 0.003969494234281719
(58, 59) : 0.0035024127758608663
(59, 14) : 0.0037119904189138464
(59, 60) : 0.0033341001056974217
(59, 58) : 0.0035024127758608663
(60, 59) : 0.0033341001056974217
(60, 15) : 0.0030837311973969717
(60, 61) : 0.003578663915074685
(61, 16) : 0.003688534452498921
(61, 62) : 0.00300093202332809
(61, 60) : 0.003578663915074685
(62, 61) : 0.00300093202332809
(62, 17) : 0.003740773642406322
(62, 63) : 0.0031896823132754964
(63, 62) : 0.0031896823132754964
(63, 18) : 0.0030564654103275436
(63, 64) : 0.003376057795562809
(64, 63) : 0.003376057795562809
(64, 19) : 0.004170710392329556
(64, 65) : 0.0031551956505715163
(65, 64) : 0.0031551956505715163
(65, 20) : 0.0038722461870682487
(65, 66) : 0.003761467980569151
(66, 67) : 0.0030493275309309217
(66, 65) : 0.003761467980569151
(66, 21) : 0.003088638408063375
(67, 66) : 0.0030493275309309217
(67, 22) : 0.00356488577389536
(67, 68) : 0.0029219522782870477
(68, 69) : 0.003385173433212606
(68, 67) : 0.0029219522782870477
(68, 23) : 0.003293963754513135
(69, 68) : 0.003385173433212606
(69, 24) : 0.0030760094164738187
(69, 70) : 0.003129484075604964
(70, 25) : 0.004049319408742621
(70, 71) : 0.003972711716515579
(70, 69) : 0.003129484075604965
(71, 70) : 0.003972711716515579
(71, 26) : 0.004741189940066639
(71, 72) : 0.0041123907457986586
(72, 27) : 0.0034821685398144574
(72, 73) : 0.005088590809250022
(72, 71) : 0.0041123907457986586
(73, 72) : 0.005088590809250022
(73, 28) : 0.002790745004296673
(73, 74) : 0.003317953876199769
(74, 73) : 0.0033179538761997688
(74, 29) : 0.0029500987532797363
(74, 75) : 0.0031301217445468647
(75, 76) : 0.0037089223512539733
(75, 74) : 0.0031301217445468647
(75, 30) : 0.002810992077054025
(76, 75) : 0.0037089223512539733
(76, 31) : 0.0033860556511742575
(76, 77) : 0.003352433366224041
(77, 76) : 0.003352433366224041
(77, 32) : 0.004468564858200822
(77, 78) : 0.0039162311114948984
(78, 77) : 0.0039162311114948984
(78, 33) : 0.004146737862607092
(78, 79) : 0.0033327716117612974
(79, 34) : 0.0032998741231129443
(79, 80) : 0.0034312404200065594
(79, 78) : 0.0033327716117612974
(80, 79) : 0.0034312404200065594
(80, 35) : 0.0034191363917935183
(80, 81) : 0.0031666981231324477
(81, 82) : 0.0032781327635194213
(81, 80) : 0.0031666981231324477
(81, 36) : 0.0035295700547897635
(82, 81) : 0.0032781327635194213
(82, 37) : 0.003189234287719473
(82, 83) : 0.003090503697876559
(83, 82) : 0.003090503697876559
(83, 38) : 0.003153999599491297
(83, 84) : 0.004071608310241673
(84, 83) : 0.004071608310241673
(84, 39) : 0.0034792952910523514
(84, 85) : 0.0035658348485993396
(85, 84) : 0.0035658348485993396
(85, 40) : 0.0038984590774718054
(85, 86) : 0.0038431164251564775
(86, 85) : 0.0038431164251564775
(86, 41) : 0.0039167753108340485
(86, 87) : 0.003451539536068499
(87, 86) : 0.003451539536068499
(87, 42) : 0.0033037454961292265
(87, 88) : 0.0032503335138565695
(88, 89) : 0.0033167879780528196
(88, 87) : 0.0032503335138565695
(88, 43) : 0.0038458407265441266
(89, 88) : 0.0033167879780528196
(89, 44) : 0.0036435850295619653
(89, 90) : 0.003875148900237032
(90, 46) : 0.0036333636588832077
(90, 89) : 0.003875148900237032
(90, 45) : 0.0027811269862048345
