(1, 45) : 0.0034092002365028766
(1, 46) : 0.003501712495313884
(1, 2) : 0.0037694290325330387
(2, 3) : 0.0028080478436624083
(2, 1) : 0.0037694290325330387
(2, 47) : 0.0040723678754507565
(3, 2) : 0.0028080478436624083
(3, 48) : 0.0036688967169608852
(3, 4) : 0.0042314515306006335
(4, 49) : 0.0036324472677801635
(4, 5) : 0.00427867664406716
(4, 3) : 0.0042314515306006335
(5, 4) : 0.00427867664406716
(5, 50) : 0.004947184648950384
(5, 6) : 0.004337388419257969
(6, 51) : 0.004946275442566134
(6, 7) : 0.0037075050854828476
(6, 5) : 0.004337388419257969
(7, 6) : 0.0037075050854828476
(7, 52) : 0.00400765949794693
(7, 8) : 0.003700170348876191
(8, 7) : 0.003700170348876191
(8, 53) : 0.0038757125618959173
(8, 9) : 0.0040510836013093465
(9, 10) : 0.004284501351564763
(9, 8) : 0.0040510836013093465
(9, 54) : 0.0041907500926250535
(10, 9) : 0.004284501351564763
(10, 55) : 0.003983096456343781
(10, 11) : 0.0032265408758951133
(11, 12) : 0.003669585255263995
(11, 10) : 0.003226540875895113
(11, 56) : 0.003307586140459617
(12, 11) : 0.0036695852552639952
(12, 57) : 0.003179193019717657
(12, 13) : 0.003122108303116205
(13, 14) : 0.00443532588143272
(13, 12) : 0.003122108303116205
(13, 58) : 0.0034471450914542725
(14, 13) : 0.00443532588143272
(14, 59) : 0.003139752694003563
(14, 15) : 0.0030514009831138396
(15, 16) : 0.00368150394080301
(15, 14) : 0.0030514009831138396
(15, 60) : 0.003421159670171609
(16, 15) : 0.00368150394080301
(16, 61) : 0.003918193758846187
(16, 17) : 0.0037955915464843843
(17, 16) : 0.0037955915464843843
(17, 62) : 0.004297053875415496
(17, 18) : 0.003319009036102416
(18, 17) : 0.003319009036102416
(18, 63) : 0.0035549587821700223
(18, 19) : 0.003914809546049078
(19, 18) : 0.003914809546049078
(19, 64) : 0.0027904994016909324
(19, 20) : 0.003684296191783571
(20, 19) : 0.003684296191783571
(20, 65) : 0.0034590076073027953
(20, 21) : 0.0034162499168439815
(21, 20) : 0.0034162499168439815
(21, 66) : 0.00378433357149957
(21, 22) : 0.004050705997905029
(22, 21) : 0.004050705997905029
(22, 67) : 0.003186205258934882
(22, 23) : 0.003819634872819288
(23, 22) : 0.003819634872819288
(23, 68) : 0.0039393370514515065
(23, 24) : 0.0031472609217660127
(24, 25) : 0.003977412223558894
(24, 23) : 0.0031472609217660127
(24, 69) : 0.0037606844181853876
(25, 24) : 0.003977412223558894
(25, 70) : 0.003072575785692518
(25, 26) : 0.0037715926152380756
(26, 27) : 0.0044995460497123515
(26, 25) : 0.0037715926152380756
(26, 71) : 0.0029537933188338067
(27, 26) : 0.0044995460497123515
(27, 72) : 0.0033705378282345363
(27, 28) : 0.00353259387199411
(28, 73) : 0.00390449149753606
(28, 29) : 0.003928965257539741
(28, 27) : 0.00353259387199411
(29, 28) : 0.003928965257539741
(29, 74) : 0.0031893992882078815
(29, 30) : 0.003849870671486585
(30, 75) : 0.0035728792536852075
(30, 31) : 0.004622618372928655
(30, 29) : 0.003849870671486585
(31, 30) : 0.004622618372928655
(31, 76) : 0.004017205130622669
(31, 32) : 0.003211272288158542
(32, 31) : 0.003211272288158542
(32, 77) : 0.003839578025489133
(32, 33) : 0.0031081024109073764
(33, 34) : 0.0033780822551093908
(33, 32) : 0.0031081024109073764
(33, 78) : 0.0038649511755643913
(34, 33) : 0.0033780822551093908
(34, 79) : 0.0035089354025582002
(34, 35) : 0.003990354727225016
(35, 36) : 0.0038174727465089433
(35, 34) : 0.003990354727225016
(35, 80) : 0.003543108742053268
(36, 35) : 0.0038174727465089433
(36, 81) : 0.0045825262273719225
(36, 37) : 0.0033585368983172015
(37, 82) : 0.003760656337317628
(37, 38) : 0.003922034129124556
(37, 36) : 0.0033585368983172015
(38, 37) : 0.003922034129124556
(38, 83) : 0.0031673461078407334
(38, 39) : 0.0033789173050081684
(39, 84) : 0.003806243939325924
(39, 40) : 0.0034254512322952676
(39, 38) : 0.0033789173050081684
(40, 39) : 0.003425451232295267
(40, 85) : 0.0042793237021179495
(40, 41) : 0.004199127048273756
(41, 40) : 0.004199127048273756
(41, 86) : 0.0038095066833446914
(41, 42) : 0.0046334932426562135
(42, 43) : 0.003909426129314568
(42, 41) : 0.0046334932426562135
(42, 87) : 0.0031273291473507886
(43, 42) : 0.003909426129314568
(43, 88) : 0.0033672625763666295
(43, 44) : 0.004272440561294572
(44, 45) : 0.003938213949140678
(44, 43) : 0.004272440561294572
(44, 89) : 0.0037615051494375123
(45, 44) : 0.003938213949140678
(45, 90) : 0.003699090753402816
(45, 1) : 0.0034092002365028766
(46, 47) : 0.0032906065546681918
(46, 90) : 0.0035531118853486263
(46, 1) : 0.003501712495313884
(47, 46) : 0.0032906065546681918
(47, 2) : 0.0040723678754507565
(47, 48) : 0.0031195755494561675
(48, 49) : 0.004052153503693997
(48, 47) : 0.0031195755494561675
(48, 3) : 0.0036688967169608852
(49, 48) : 0.004052153503693997
(49, 4) : 0.0036324472677801635
(49, 50) : 0.004058169015572249
(50, 49) : 0.004058169015572249
(50, 5) : 0.004947184648950384
(50, 51) : 0.004303266805251819
(51, 50) : 0.004303266805251818
(51, 6) : 0.004946275442566134
(51, 52) : 0.00334604862138799
(52, 51) : 0.00334604862138799
(52, 7) : 0.00400765949794693
(52, 53) : 0.0035767377248485522
(53, 52) : 0.0035767377248485522
(53, 8) : 0.0038757125618959173
(53, 54) : 0.0036088682220732594
(54, 53) : 0.0036088682220732594
(54, 9) : 0.0041907500926250535
(54, 55) : 0.004169848246068874
(55, 54) : 0.004169848246068874
(55, 10) : 0.003983096456343781
(55, 56) : 0.0029727062627610016
(56, 55) : 0.0029727062627610016
(56, 11) : 0.003307586140459617
(56, 57) : 0.002846721586343699
(57, 58) : 0.0033032136599535416
(57, 56) : 0.002846721586343699
(57, 12) : 0.003179193019717657
(58, 57) : 0.0033032136599535416
(58, 13) : 0.0034471450914542725
(58, 59) : 0.003231970101844671
(59, 14) : 0.003139752694003563
(59, 60) : 0.0035206588721163755
(59, 58) : 0.003231970101844671
(60, 59) : 0.0035206588721163755
(60, 15) : 0.0034211596701716096
(60, 61) : 0.0029728028074787315
(61, 16) : 0.003918193758846187
(61, 62) : 0.0034467942731242073
(61, 60) : 0.0029728028074787315
(62, 61) : 0.0034467942731242073
(62, 17) : 0.004297053875415496
(62, 63) : 0.003061051077345492
(63, 62) : 0.003061051077345492
(63, 18) : 0.0035549587821700223
(63, 64) : 0.003204355400835128
(64, 63) : 0.003204355400835128
(64, 19) : 0.0027904994016909324
(64, 65) : 0.0035778585972971576
(65, 64) : 0.0035778585972971576
(65, 20) : 0.0034590076073027958
(65, 66) : 0.0037051598250670468
(66, 67) : 0.0039132233676793336
(66, 65) : 0.0037051598250670463
(66, 21) : 0.00378433357149957
(67, 66) : 0.0039132233676793336
(67, 22) : 0.003186205258934882
(67, 68) : 0.004665787764059406
(68, 69) : 0.0032677337809837396
(68, 67) : 0.004665787764059406
(68, 23) : 0.0039393370514515065
(69, 68) : 0.0032677337809837396
(69, 24) : 0.0037606844181853876
(69, 70) : 0.004400700082063638
(70, 25) : 0.003072575785692518
(70, 71) : 0.003911968584091906
(70, 69) : 0.004400700082063638
(71, 70) : 0.003911968584091906
(71, 26) : 0.0029537933188338067
(71, 72) : 0.004030719604147448
(72, 27) : 0.003370537828234536
(72, 73) : 0.0033058387609710273
(72, 71) : 0.004030719604147448
(73, 72) : 0.0033058387609710273
(73, 28) : 0.00390449149753606
(73, 74) : 0.003062834487654819
(74, 73) : 0.003062834487654819
(74, 29) : 0.0031893992882078815
(74, 75) : 0.003692325850754635
(75, 76) : 0.003783383256977672
(75, 74) : 0.003692325850754635
(75, 30) : 0.0035728792536852075
(76, 75) : 0.003783383256977672
(76, 31) : 0.004017205130622669
(76, 77) : 0.004185129841454479
(77, 76) : 0.004185129841454478
(77, 32) : 0.003839578025489133
(77, 78) : 0.003545302551292971
(78, 77) : 0.003545302551292971
(78, 33) : 0.0038649511755643913
(78, 79) : 0.003933620158146284
(79, 34) : 0.0035089354025582002
(79, 80) : 0.004678503064467156
(79, 78) : 0.003933620158146284
(80, 79) : 0.004678503064467156
(80, 35) : 0.003543108742053268
(80, 81) : 0.0033971873264394483
(81, 82) : 0.003210661024825639
(81, 80) : 0.0033971873264394483
(81, 36) : 0.0045825262273719225
(82, 81) : 0.003210661024825639
(82, 37) : 0.003760656337317628
(82, 83) : 0.0035989219215032185
(83, 82) : 0.0035989219215032185
(83, 38) : 0.0031673461078407334
(83, 84) : 0.003114406190323513
(84, 83) : 0.003114406190323513
(84, 39) : 0.003806243939325924
(84, 85) : 0.003439156528716166
(85, 84) : 0.003439156528716166
(85, 40) : 0.0042793237021179495
(85, 86) : 0.0038108275507116153
(86, 85) : 0.0038108275507116153
(86, 41) : 0.0038095066833446914
(86, 87) : 0.004418497665354999
(87, 86) : 0.004418497665354999
(87, 42) : 0.0031273291473507886
(87, 88) : 0.0043440579733729145
(88, 89) : 0.003434469405267861
(88, 87) : 0.0043440579733729145
(88, 43) : 0.0033672625763666295
(89, 88) : 0.003434469405267861
(89, 44) : 0.0037615051494375123
(89, 90) : 0.00408660384768358
(90, 46) : 0.0035531118853486263
(90, 89) : 0.00408660384768358
(90, 45) : 0.0036990907534028158
