(1, 45) : 0.004093196798031214
(1, 46) : 0.004225311401888842
(1, 2) : 0.004359326163660774
(2, 3) : 0.003489103921691777
(2, 1) : 0.0043593261636607735
(2, 47) : 0.004786113665380626
(3, 2) : 0.003489103921691777
(3, 48) : 0.004376697264239904
(3, 4) : 0.00314394899464718
(4, 49) : 0.0030301379253431853
(4, 5) : 0.003339278891441966
(4, 3) : 0.00314394899464718
(5, 4) : 0.003339278891441966
(5, 50) : 0.003162164893941119
(5, 6) : 0.00452004216909323
(6, 51) : 0.004165770606863861
(6, 7) : 0.003991760221048336
(6, 5) : 0.00452004216909323
(7, 6) : 0.003991760221048336
(7, 52) : 0.003846946942858943
(7, 8) : 0.004380923673218679
(8, 7) : 0.004380923673218679
(8, 53) : 0.0029032197496412265
(8, 9) : 0.0041673779414709705
(9, 10) : 0.004185780193749524
(9, 8) : 0.0041673779414709705
(9, 54) : 0.002600382267251596
(10, 9) : 0.004185780193749524
(10, 55) : 0.003781852265928935
(10, 11) : 0.0034221063634066193
(11, 12) : 0.0029371961287991697
(11, 10) : 0.0034221063634066193
(11, 56) : 0.0042833540058796905
(12, 11) : 0.0029371961287991697
(12, 57) : 0.0036096367282122026
(12, 13) : 0.0028827148535186427
(13, 14) : 0.002933030989751742
(13, 12) : 0.0028827148535186427
(13, 58) : 0.0034781090821771354
(14, 13) : 0.002933030989751742
(14, 59) : 0.003166804636593505
(14, 15) : 0.0032582164266881713
(15, 16) : 0.004214382241134278
(15, 14) : 0.0032582164266881713
(15, 60) : 0.0033507328572531777
(16, 15) : 0.004214382241134278
(16, 61) : 0.004877510891960257
(16, 17) : 0.0036111116795555626
(17, 16) : 0.0036111116795555626
(17, 62) : 0.004976476270625027
(17, 18) : 0.0033904037320033
(18, 17) : 0.0033904037320033
(18, 63) : 0.0032023528015056933
(18, 19) : 0.0028785120122878363
(19, 18) : 0.0028785120122878363
(19, 64) : 0.0027209928798096854
(19, 20) : 0.0027730158221142462
(20, 19) : 0.0027730158221142462
(20, 65) : 0.0027221180391731564
(20, 21) : 0.0029166586631466343
(21, 20) : 0.0029166586631466343
(21, 66) : 0.0030066909133688495
(21, 22) : 0.0031774642788352974
(22, 21) : 0.0031774642788352974
(22, 67) : 0.0031123665803403687
(22, 23) : 0.00402504428793775
(23, 22) : 0.004025044287937749
(23, 68) : 0.003342336464694654
(23, 24) : 0.0028200291845295942
(24, 25) : 0.003239273717567539
(24, 23) : 0.0028200291845295942
(24, 69) : 0.003706203893466995
(25, 24) : 0.003239273717567539
(25, 70) : 0.0035293403389985004
(25, 26) : 0.0029442552874260064
(26, 27) : 0.004020502510493382
(26, 25) : 0.0029442552874260064
(26, 71) : 0.003622418622950427
(27, 26) : 0.004020502510493382
(27, 72) : 0.003613528061665472
(27, 28) : 0.004148787731585949
(28, 73) : 0.0039033376848134583
(28, 29) : 0.0037795425566854455
(28, 27) : 0.004148787731585949
(29, 28) : 0.0037795425566854455
(29, 74) : 0.003805271839539619
(29, 30) : 0.003605818553031381
(30, 75) : 0.003247650210218384
(30, 31) : 0.00345750355292956
(30, 29) : 0.0036058185530313805
(31, 30) : 0.00345750355292956
(31, 76) : 0.0038325338700568768
(31, 32) : 0.003017116634857297
(32, 31) : 0.003017116634857297
(32, 77) : 0.004121239143795114
(32, 33) : 0.003988381945323563
(33, 34) : 0.004011315179759756
(33, 32) : 0.003988381945323563
(33, 78) : 0.0035642166948643595
(34, 33) : 0.004011315179759756
(34, 79) : 0.003286068055370512
(34, 35) : 0.003617780388827637
(35, 36) : 0.004866499912937671
(35, 34) : 0.0036177803888276373
(35, 80) : 0.0031968919793418523
(36, 35) : 0.004866499912937671
(36, 81) : 0.0037534819705406157
(36, 37) : 0.0037833754117091224
(37, 82) : 0.00447082417667635
(37, 38) : 0.0036858303539467887
(37, 36) : 0.003783375411709122
(38, 37) : 0.0036858303539467887
(38, 83) : 0.004088721220918754
(38, 39) : 0.0035370544766663656
(39, 84) : 0.0031397739002822092
(39, 40) : 0.004595795472100397
(39, 38) : 0.003537054476666366
(40, 39) : 0.004595795472100397
(40, 85) : 0.0037646324019743743
(40, 41) : 0.004719340842166841
(41, 40) : 0.004719340842166841
(41, 86) : 0.004006394867496095
(41, 42) : 0.0053779224907546394
(42, 43) : 0.003999852294780722
(42, 41) : 0.0053779224907546394
(42, 87) : 0.003004405900917953
(43, 42) : 0.003999852294780722
(43, 88) : 0.0030884705167460746
(43, 44) : 0.0029119451413385116
(44, 45) : 0.004109988781799264
(44, 43) : 0.0029119451413385116
(44, 89) : 0.0035120224746241022
(45, 44) : 0.004109988781799264
(45, 90) : 0.0040210735436628465
(45, 1) : 0.004093196798031214
(46, 47) : 0.0043549015831077995
(46, 90) : 0.003994720286363076
(46, 1) : 0.004225311401888842
(47, 46) : 0.0043549015831077995
(47, 2) : 0.004786113665380626
(47, 48) : 0.003851563810098094
(48, 49) : 0.0037012544723964242
(48, 47) : 0.003851563810098094
(48, 3) : 0.004376697264239904
(49, 48) : 0.0037012544723964242
(49, 4) : 0.0030301379253431853
(49, 50) : 0.004547873154361416
(50, 49) : 0.004547873154361416
(50, 5) : 0.003162164893941119
(50, 51) : 0.004376829675985219
(51, 50) : 0.004376829675985219
(51, 6) : 0.004165770606863861
(51, 52) : 0.0043345600673970145
(52, 51) : 0.0043345600673970145
(52, 7) : 0.003846946942858943
(52, 53) : 0.004001546905927002
(53, 52) : 0.004001546905927002
(53, 8) : 0.0029032197496412265
(53, 54) : 0.003766806079164559
(54, 53) : 0.003766806079164559
(54, 9) : 0.002600382267251596
(54, 55) : 0.004432017367616745
(55, 54) : 0.004432017367616745
(55, 10) : 0.003781852265928935
(55, 56) : 0.003266404370246209
(56, 55) : 0.003266404370246209
(56, 11) : 0.0042833540058796905
(56, 57) : 0.0038980820792690516
(57, 58) : 0.003041707344761108
(57, 56) : 0.0038980820792690516
(57, 12) : 0.0036096367282122026
(58, 57) : 0.003041707344761108
(58, 13) : 0.0034781090821771354
(58, 59) : 0.0037920793350256854
(59, 14) : 0.003166804636593505
(59, 60) : 0.003685304294603296
(59, 58) : 0.0037920793350256854
(60, 59) : 0.003685304294603296
(60, 15) : 0.0033507328572531777
(60, 61) : 0.004400744839821263
(61, 16) : 0.004877510891960257
(61, 62) : 0.003957010737786405
(61, 60) : 0.004400744839821263
(62, 61) : 0.003957010737786405
(62, 17) : 0.004976476270625027
(62, 63) : 0.003145410441687413
(63, 62) : 0.003145410441687413
(63, 18) : 0.0032023528015056933
(63, 64) : 0.002840325553418851
(64, 63) : 0.002840325553418851
(64, 19) : 0.0027209928798096854
(64, 65) : 0.0025919126024777726
(65, 64) : 0.0025919126024777726
(65, 20) : 0.0027221180391731564
(65, 66) : 0.0031968908121832256
(66, 67) : 0.0032955708793926627
(66, 65) : 0.0031968908121832256
(66, 21) : 0.0030066909133688495
(67, 66) : 0.0032955708793926627
(67, 22) : 0.0031123665803403687
(67, 68) : 0.003801689994152011
(68, 69) : 0.003642026296867391
(68, 67) : 0.003801689994152011
(68, 23) : 0.003342336464694654
(69, 68) : 0.003642026296867391
(69, 24) : 0.003706203893466995
(69, 70) : 0.002858030728988788
(70, 25) : 0.0035293403389985004
(70, 71) : 0.003932620017466316
(70, 69) : 0.002858030728988788
(71, 70) : 0.003932620017466316
(71, 26) : 0.003622418622950427
(71, 72) : 0.003753925197599474
(72, 27) : 0.003613528061665472
(72, 73) : 0.004305060871782315
(72, 71) : 0.003753925197599474
(73, 72) : 0.004305060871782315
(73, 28) : 0.0039033376848134583
(73, 74) : 0.003226499947439709
(74, 73) : 0.003226499947439709
(74, 29) : 0.003805271839539619
(74, 75) : 0.0037417641390287385
(75, 76) : 0.003665996555278053
(75, 74) : 0.003741764139028739
(75, 30) : 0.003247650210218384
(76, 75) : 0.003665996555278053
(76, 31) : 0.0038325338700568768
(76, 77) : 0.0037071306526553754
(77, 76) : 0.0037071306526553754
(77, 32) : 0.0041212391437951135
(77, 78) : 0.004535511381046082
(78, 77) : 0.004535511381046082
(78, 33) : 0.0035642166948643595
(78, 79) : 0.003869495408029939
(79, 34) : 0.003286068055370512
(79, 80) : 0.004021932941240764
(79, 78) : 0.003869495408029939
(80, 79) : 0.004021932941240764
(80, 35) : 0.0031968919793418523
(80, 81) : 0.004336126837025943
(81, 82) : 0.004464370973811535
(81, 80) : 0.004336126837025943
(81, 36) : 0.0037534819705406157
(82, 81) : 0.004464370973811535
(82, 37) : 0.00447082417667635
(82, 83) : 0.003347476763991362
(83, 82) : 0.003347476763991362
(83, 38) : 0.004088721220918754
(83, 84) : 0.003842495684242738
(84, 83) : 0.003842495684242738
(84, 39) : 0.0031397739002822092
(84, 85) : 0.004204291653709035
(85, 84) : 0.004204291653709035
(85, 40) : 0.0037646324019743743
(85, 86) : 0.004087661826583719
(86, 85) : 0.004087661826583719
(86, 41) : 0.004006394867496095
(86, 87) : 0.005043413126609408
(87, 86) : 0.005043413126609408
(87, 42) : 0.003004405900917953
(87, 88) : 0.003449844640610193
(88, 89) : 0.0027849723789835183
(88, 87) : 0.003449844640610193
(88, 43) : 0.0030884705167460746
(89, 88) : 0.0027849723789835183
(89, 44) : 0.0035120224746241022
(89, 90) : 0.00356905591746442
(90, 46) : 0.003994720286363076
(90, 89) : 0.00356905591746442
(90, 45) : 0.0040210735436628465
