(1, 45) : 0.0031607526298539136
(1, 46) : 0.0030044403493277995
(1, 2) : 0.003929526575115105
(2, 3) : 0.0035498511066661405
(2, 1) : 0.003929526575115105
(2, 47) : 0.0033640987507859823
(3, 2) : 0.0035498511066661405
(3, 48) : 0.0031600138077927885
(3, 4) : 0.004000836651614641
(4, 49) : 0.003340353074397513
(4, 5) : 0.004358656304440658
(4, 3) : 0.004000836651614641
(5, 4) : 0.004358656304440658
(5, 50) : 0.005078281006645293
(5, 6) : 0.00415235219452528
(6, 51) : 0.005185494565964697
(6, 7) : 0.005048682039037569
(6, 5) : 0.00415235219452528
(7, 6) : 0.005048682039037568
(7, 52) : 0.003398525023077526
(7, 8) : 0.004632516419284211
(8, 7) : 0.004632516419284213
(8, 53) : 0.0032466480158146907
(8, 9) : 0.003269604881845121
(9, 10) : 0.003228606838272395
(9, 8) : 0.003269604881845121
(9, 54) : 0.003058065925413659
(10, 9) : 0.003228606838272395
(10, 55) : 0.0028666936151590726
(10, 11) : 0.004171896215394746
(11, 12) : 0.004471209165516366
(11, 10) : 0.004171896215394746
(11, 56) : 0.0033125409145325396
(12, 11) : 0.004471209165516366
(12, 57) : 0.004387639728304081
(12, 13) : 0.003852265885842433
(13, 14) : 0.0038240034141990616
(13, 12) : 0.003852265885842433
(13, 58) : 0.004390985949486996
(14, 13) : 0.003824003414199062
(14, 59) : 0.004021600873108778
(14, 15) : 0.0030616896607499207
(15, 16) : 0.004090726272282258
(15, 14) : 0.0030616896607499207
(15, 60) : 0.003591271704725923
(16, 15) : 0.004090726272282258
(16, 61) : 0.0030832313490550436
(16, 17) : 0.003533140534577468
(17, 16) : 0.003533140534577468
(17, 62) : 0.0035241076230289776
(17, 18) : 0.0036583385606096374
(18, 17) : 0.0036583385606096374
(18, 63) : 0.004323291822308241
(18, 19) : 0.003237104134783815
(19, 18) : 0.003237104134783815
(19, 64) : 0.0035765393006360717
(19, 20) : 0.0034597677076484506
(20, 19) : 0.0034597677076484506
(20, 65) : 0.002587918171413218
(20, 21) : 0.003655911839801797
(21, 20) : 0.003655911839801797
(21, 66) : 0.00300055093098262
(21, 22) : 0.0028913616950636506
(22, 21) : 0.0028913616950636506
(22, 67) : 0.0032804733895242
(22, 23) : 0.004487023265292497
(23, 22) : 0.004487023265292497
(23, 68) : 0.003626965009083301
(23, 24) : 0.003684452796819619
(24, 25) : 0.0032637997827173917
(24, 23) : 0.003684452796819619
(24, 69) : 0.003933915205008451
(25, 24) : 0.0032637997827173917
(25, 70) : 0.0035047238521399913
(25, 26) : 0.004062470146493126
(26, 27) : 0.003756906355399182
(26, 25) : 0.004062470146493126
(26, 71) : 0.0039039282931651073
(27, 26) : 0.0037569063553991823
(27, 72) : 0.0037567552959871116
(27, 28) : 0.0044282240866718855
(28, 73) : 0.003433370723421097
(28, 29) : 0.003407330899068365
(28, 27) : 0.0044282240866718855
(29, 28) : 0.003407330899068365
(29, 74) : 0.003875781906342294
(29, 30) : 0.003366361209740064
(30, 75) : 0.00315276343592726
(30, 31) : 0.0037467422718253226
(30, 29) : 0.003366361209740064
(31, 30) : 0.0037467422718253226
(31, 76) : 0.003200834159098507
(31, 32) : 0.003867121808682569
(32, 31) : 0.003867121808682569
(32, 77) : 0.003983439534938895
(32, 33) : 0.004437007319561358
(33, 34) : 0.004911785097723132
(33, 32) : 0.004437007319561358
(33, 78) : 0.0034752450338695674
(34, 33) : 0.004911785097723132
(34, 79) : 0.003251115976610849
(34, 35) : 0.003561256011918948
(35, 36) : 0.004422082001393475
(35, 34) : 0.003561256011918948
(35, 80) : 0.0035822381092705064
(36, 35) : 0.004422082001393475
(36, 81) : 0.003947588690803776
(36, 37) : 0.0037593015522436454
(37, 82) : 0.0036705928942314487
(37, 38) : 0.0035002076698351764
(37, 36) : 0.0037593015522436454
(38, 37) : 0.0035002076698351764
(38, 83) : 0.002987474209535816
(38, 39) : 0.0038744823286202736
(39, 84) : 0.0031463509528469056
(39, 40) : 0.004336848027207747
(39, 38) : 0.0038744823286202736
(40, 39) : 0.004336848027207747
(40, 85) : 0.0042476969632365405
(40, 41) : 0.004243244159083707
(41, 40) : 0.004243244159083707
(41, 86) : 0.004297807790108013
(41, 42) : 0.0037069328283768233
(42, 43) : 0.0025986707332513446
(42, 41) : 0.0037069328283768233
(42, 87) : 0.003710415761734045
(43, 42) : 0.0025986707332513446
(43, 88) : 0.0038315236803312743
(43, 44) : 0.002862351596813319
(44, 45) : 0.002785328869397348
(44, 43) : 0.002862351596813319
(44, 89) : 0.0033186295172643507
(45, 44) : 0.002785328869397348
(45, 90) : 0.002810493344641645
(45, 1) : 0.0031607526298539136
(46, 47) : 0.0038706665773150725
(46, 90) : 0.003621134893896438
(46, 1) : 0.0030044403493277995
(47, 46) : 0.0038706665773150725
(47, 2) : 0.0033640987507859823
(47, 48) : 0.004294283052793756
(48, 49) : 0.003671471000035863
(48, 47) : 0.004294283052793756
(48, 3) : 0.0031600138077927885
(49, 48) : 0.003671471000035863
(49, 4) : 0.003340353074397513
(49, 50) : 0.004469234242599016
(50, 49) : 0.004469234242599015
(50, 5) : 0.005078281006645293
(50, 51) : 0.003825287683533193
(51, 50) : 0.003825287683533193
(51, 6) : 0.005185494565964697
(51, 52) : 0.004540588208111499
(52, 51) : 0.004540588208111499
(52, 7) : 0.003398525023077526
(52, 53) : 0.004988325837041347
(53, 52) : 0.004988325837041347
(53, 8) : 0.0032466480158146907
(53, 54) : 0.003129212417245418
(54, 53) : 0.003129212417245418
(54, 9) : 0.003058065925413659
(54, 55) : 0.0034152728454690104
(55, 54) : 0.0034152728454690104
(55, 10) : 0.0028666936151590726
(55, 56) : 0.0036680091731820033
(56, 55) : 0.0036680091731820033
(56, 11) : 0.0033125409145325396
(56, 57) : 0.004333205199039375
(57, 58) : 0.0032252996748807724
(57, 56) : 0.004333205199039375
(57, 12) : 0.004387639728304081
(58, 57) : 0.0032252996748807724
(58, 13) : 0.004390985949486996
(58, 59) : 0.0038073243760646186
(59, 14) : 0.004021600873108778
(59, 60) : 0.0031920209564643273
(59, 58) : 0.0038073243760646186
(60, 59) : 0.0031920209564643273
(60, 15) : 0.003591271704725923
(60, 61) : 0.003359216156498953
(61, 16) : 0.0030832313490550436
(61, 62) : 0.003188994895327028
(61, 60) : 0.003359216156498953
(62, 61) : 0.003188994895327028
(62, 17) : 0.0035241076230289776
(62, 63) : 0.0034444594191525737
(63, 62) : 0.0034444594191525733
(63, 18) : 0.004323291822308241
(63, 64) : 0.0027269080966558228
(64, 63) : 0.0027269080966558228
(64, 19) : 0.0035765393006360717
(64, 65) : 0.0038880815716692994
(65, 64) : 0.0038880815716692994
(65, 20) : 0.002587918171413218
(65, 66) : 0.003206129248626382
(66, 67) : 0.0034107528184006406
(66, 65) : 0.003206129248626382
(66, 21) : 0.00300055093098262
(67, 66) : 0.0034107528184006406
(67, 22) : 0.0032804733895242
(67, 68) : 0.0038780517252807204
(68, 69) : 0.004399000372929452
(68, 67) : 0.0038780517252807204
(68, 23) : 0.003626965009083301
(69, 68) : 0.004399000372929452
(69, 24) : 0.003933915205008451
(69, 70) : 0.003106992211543389
(70, 25) : 0.0035047238521399913
(70, 71) : 0.0038412082566796546
(70, 69) : 0.003106992211543389
(71, 70) : 0.0038412082566796546
(71, 26) : 0.0039039282931651073
(71, 72) : 0.003550661663027813
(72, 27) : 0.0037567552959871116
(72, 73) : 0.004150523054447434
(72, 71) : 0.003550661663027813
(73, 72) : 0.004150523054447434
(73, 28) : 0.003433370723421097
(73, 74) : 0.004132213352192599
(74, 73) : 0.004132213352192599
(74, 29) : 0.003875781906342294
(74, 75) : 0.003590956963409696
(75, 76) : 0.004137938933367544
(75, 74) : 0.003590956963409696
(75, 30) : 0.00315276343592726
(76, 75) : 0.004137938933367544
(76, 31) : 0.003200834159098507
(76, 77) : 0.003853516324147874
(77, 76) : 0.003853516324147874
(77, 32) : 0.003983439534938895
(77, 78) : 0.004296082830972548
(78, 77) : 0.004296082830972548
(78, 33) : 0.0034752450338695674
(78, 79) : 0.004609852655015929
(79, 34) : 0.003251115976610849
(79, 80) : 0.0037891713992583348
(79, 78) : 0.004609852655015929
(80, 79) : 0.0037891713992583348
(80, 35) : 0.0035822381092705064
(80, 81) : 0.0034673311051282717
(81, 82) : 0.0035022449131943793
(81, 80) : 0.0034673311051282717
(81, 36) : 0.003947588690803775
(82, 81) : 0.003502244913194379
(82, 37) : 0.0036705928942314487
(82, 83) : 0.003039704376899635
(83, 82) : 0.003039704376899635
(83, 38) : 0.002987474209535816
(83, 84) : 0.0031250799960447157
(84, 83) : 0.0031250799960447157
(84, 39) : 0.0031463509528469056
(84, 85) : 0.004084521916966445
(85, 84) : 0.004084521916966445
(85, 40) : 0.0042476969632365405
(85, 86) : 0.00398927384907721
(86, 85) : 0.00398927384907721
(86, 41) : 0.004297807790108013
(86, 87) : 0.003911999068765147
(87, 86) : 0.003911999068765147
(87, 42) : 0.003710415761734045
(87, 88) : 0.0035136094700288466
(88, 89) : 0.003456454546470341
(88, 87) : 0.0035136094700288466
(88, 43) : 0.0038315236803312743
(89, 88) : 0.003456454546470341
(89, 44) : 0.0033186295172643507
(89, 90) : 0.0035565848948063035
(90, 46) : 0.003621134893896438
(90, 89) : 0.0035565848948063035
(90, 45) : 0.002810493344641645
