(1, 45) : 0.004312019880121662
(1, 46) : 0.004358097204508921
(1, 2) : 0.0038271126454909026
(2, 3) : 0.003671249661674532
(2, 1) : 0.003827112645490902
(2, 47) : 0.00378596387025274
(3, 2) : 0.003671249661674532
(3, 48) : 0.003613385002581543
(3, 4) : 0.0038224248808300695
(4, 49) : 0.0028565677068151094
(4, 5) : 0.003056139382585188
(4, 3) : 0.0038224248808300695
(5, 4) : 0.003056139382585188
(5, 50) : 0.0030571999034673253
(5, 6) : 0.0032936727162764644
(6, 51) : 0.0031393521968927376
(6, 7) : 0.003244153504370453
(6, 5) : 0.003293672716276464
(7, 6) : 0.003244153504370453
(7, 52) : 0.0029382298804294907
(7, 8) : 0.0032581050534467005
(8, 7) : 0.0032581050534467005
(8, 53) : 0.00385351057811276
(8, 9) : 0.0030797233914783484
(9, 10) : 0.003966430895965544
(9, 8) : 0.0030797233914783484
(9, 54) : 0.004481513178223584
(10, 9) : 0.003966430895965544
(10, 55) : 0.003410091445032504
(10, 11) : 0.0032858242410881825
(11, 12) : 0.0030092643305846866
(11, 10) : 0.0032858242410881825
(11, 56) : 0.0035561522692653933
(12, 11) : 0.0030092643305846866
(12, 57) : 0.003814141510067766
(12, 13) : 0.0032478825998176405
(13, 14) : 0.003006980485832856
(13, 12) : 0.0032478825998176405
(13, 58) : 0.003121901091356525
(14, 13) : 0.003006980485832856
(14, 59) : 0.0029840383697294485
(14, 15) : 0.0037319464092077604
(15, 16) : 0.002725998195587193
(15, 14) : 0.0037319464092077604
(15, 60) : 0.0036124943833621844
(16, 15) : 0.002725998195587193
(16, 61) : 0.004082856448251544
(16, 17) : 0.004897543762309712
(17, 16) : 0.004897543762309712
(17, 62) : 0.004483412465523765
(17, 18) : 0.0036765310164153515
(18, 17) : 0.0036765310164153515
(18, 63) : 0.00392467031483935
(18, 19) : 0.0038526594186823098
(19, 18) : 0.0038526594186823098
(19, 64) : 0.003629105247324302
(19, 20) : 0.0036162378395496464
(20, 19) : 0.003616237839549646
(20, 65) : 0.003596069429371482
(20, 21) : 0.00361673373896415
(21, 20) : 0.00361673373896415
(21, 66) : 0.0034089415239628128
(21, 22) : 0.0028820280874516167
(22, 21) : 0.0028820280874516167
(22, 67) : 0.003415224120099981
(22, 23) : 0.004028872018284785
(23, 22) : 0.004028872018284785
(23, 68) : 0.003717535198733303
(23, 24) : 0.0036007015597884907
(24, 25) : 0.0034997728615127734
(24, 23) : 0.0036007015597884907
(24, 69) : 0.003774318215703895
(25, 24) : 0.0034997728615127734
(25, 70) : 0.003800683521097998
(25, 26) : 0.0037353186079412313
(26, 27) : 0.0036011951465824057
(26, 25) : 0.003735318607941231
(26, 71) : 0.004569706938508218
(27, 26) : 0.0036011951465824057
(27, 72) : 0.004515785634646192
(27, 28) : 0.003098601916771277
(28, 73) : 0.0035834209092025222
(28, 29) : 0.0033126437696876848
(28, 27) : 0.003098601916771277
(29, 28) : 0.0033126437696876848
(29, 74) : 0.0037520613828294362
(29, 30) : 0.003028893366048012
(30, 75) : 0.003561388128460413
(30, 31) : 0.0045716649684340895
(30, 29) : 0.003028893366048012
(31, 30) : 0.0045716649684340895
(31, 76) : 0.0030553225824694677
(31, 32) : 0.0036662399847753385
(32, 31) : 0.0036662399847753385
(32, 77) : 0.0038672505385818137
(32, 33) : 0.004578839587111659
(33, 34) : 0.004167350831876552
(33, 32) : 0.004578839587111659
(33, 78) : 0.004048065600091909
(34, 33) : 0.004167350831876552
(34, 79) : 0.003793700321922686
(34, 35) : 0.004153563788518023
(35, 36) : 0.0031458200527746255
(35, 34) : 0.004153563788518023
(35, 80) : 0.003622753093361356
(36, 35) : 0.0031458200527746255
(36, 81) : 0.004102636938202763
(36, 37) : 0.0034920512716968624
(37, 82) : 0.0037096990440146247
(37, 38) : 0.0041772252670590005
(37, 36) : 0.0034920512716968624
(38, 37) : 0.0041772252670590005
(38, 83) : 0.0028283544155248462
(38, 39) : 0.0034316681069781383
(39, 84) : 0.003091582046727099
(39, 40) : 0.003601664520084896
(39, 38) : 0.0034316681069781383
(40, 39) : 0.0036016645200848962
(40, 85) : 0.0037286332553559814
(40, 41) : 0.004243242072807453
(41, 40) : 0.004243242072807453
(41, 86) : 0.004608310064133731
(41, 42) : 0.004468997059589876
(42, 43) : 0.004099128955159131
(42, 41) : 0.004468997059589876
(42, 87) : 0.004823068761359668
(43, 42) : 0.004099128955159131
(43, 88) : 0.003876251939578462
(43, 44) : 0.003562445045801025
(44, 45) : 0.0038110918543916017
(44, 43) : 0.003562445045801025
(44, 89) : 0.0032504271205714913
(45, 44) : 0.0038110918543916017
(45, 90) : 0.004368670222472547
(45, 1) : 0.004312019880121662
(46, 47) : 0.005007019153376913
(46, 90) : 0.004405383675112662
(46, 1) : 0.004358097204508921
(47, 46) : 0.005007019153376913
(47, 2) : 0.0037859638702527404
(47, 48) : 0.003016223140005835
(48, 49) : 0.004007260212008473
(48, 47) : 0.003016223140005835
(48, 3) : 0.003613385002581543
(49, 48) : 0.004007260212008473
(49, 4) : 0.0028565677068151094
(49, 50) : 0.003224965375921758
(50, 49) : 0.003224965375921758
(50, 5) : 0.0030571999034673253
(50, 51) : 0.0032319121349455616
(51, 50) : 0.003231912134945562
(51, 6) : 0.0031393521968927376
(51, 52) : 0.0035501202500476618
(52, 51) : 0.0035501202500476618
(52, 7) : 0.0029382298804294907
(52, 53) : 0.0035875025527408334
(53, 52) : 0.0035875025527408334
(53, 8) : 0.00385351057811276
(53, 54) : 0.0033014715664041517
(54, 53) : 0.0033014715664041517
(54, 9) : 0.004481513178223584
(54, 55) : 0.0039502722773521485
(55, 54) : 0.0039502722773521485
(55, 10) : 0.003410091445032504
(55, 56) : 0.004473784355680639
(56, 55) : 0.004473784355680639
(56, 11) : 0.0035561522692653933
(56, 57) : 0.0032888329042852957
(57, 58) : 0.0037679679151020745
(57, 56) : 0.0032888329042852957
(57, 12) : 0.003814141510067766
(58, 57) : 0.0037679679151020745
(58, 13) : 0.003121901091356525
(58, 59) : 0.0039171308196612785
(59, 14) : 0.0029840383697294485
(59, 60) : 0.002798380066111319
(59, 58) : 0.0039171308196612785
(60, 59) : 0.002798380066111319
(60, 15) : 0.0036124943833621844
(60, 61) : 0.0036049697285606905
(61, 16) : 0.004082856448251544
(61, 62) : 0.0037897358114391813
(61, 60) : 0.003604969728560691
(62, 61) : 0.0037897358114391813
(62, 17) : 0.004483412465523765
(62, 63) : 0.003725464070021509
(63, 62) : 0.003725464070021509
(63, 18) : 0.00392467031483935
(63, 64) : 0.003455384512850496
(64, 63) : 0.003455384512850496
(64, 19) : 0.003629105247324302
(64, 65) : 0.0030318514818394792
(65, 64) : 0.0030318514818394792
(65, 20) : 0.003596069429371482
(65, 66) : 0.0035938663423904834
(66, 67) : 0.0027399475332609254
(66, 65) : 0.0035938663423904834
(66, 21) : 0.0034089415239628128
(67, 66) : 0.0027399475332609254
(67, 22) : 0.003415224120099981
(67, 68) : 0.004322231475748511
(68, 69) : 0.003768285686971706
(68, 67) : 0.004322231475748511
(68, 23) : 0.0037175351987333034
(69, 68) : 0.003768285686971706
(69, 24) : 0.003774318215703895
(69, 70) : 0.0040930572259504526
(70, 25) : 0.003800683521097998
(70, 71) : 0.004368490961604881
(70, 69) : 0.0040930572259504526
(71, 70) : 0.004368490961604881
(71, 26) : 0.004569706938508218
(71, 72) : 0.004690112888239931
(72, 27) : 0.004515785634646192
(72, 73) : 0.003382760490862904
(72, 71) : 0.004690112888239931
(73, 72) : 0.003382760490862904
(73, 28) : 0.0035834209092025222
(73, 74) : 0.00353400981283765
(74, 73) : 0.00353400981283765
(74, 29) : 0.0037520613828294362
(74, 75) : 0.002881005519959613
(75, 76) : 0.0036043361390878602
(75, 74) : 0.002881005519959613
(75, 30) : 0.003561388128460413
(76, 75) : 0.0036043361390878602
(76, 31) : 0.0030553225824694677
(76, 77) : 0.00341483269346102
(77, 76) : 0.00341483269346102
(77, 32) : 0.0038672505385818137
(77, 78) : 0.0036245959900901036
(78, 77) : 0.0036245959900901036
(78, 33) : 0.00404806560009191
(78, 79) : 0.004344164475879289
(79, 34) : 0.003793700321922686
(79, 80) : 0.0031888977542929527
(79, 78) : 0.004344164475879288
(80, 79) : 0.0031888977542929527
(80, 35) : 0.003622753093361356
(80, 81) : 0.003368755102844459
(81, 82) : 0.0030392425085352857
(81, 80) : 0.003368755102844459
(81, 36) : 0.004102636938202763
(82, 81) : 0.0030392425085352857
(82, 37) : 0.0037096990440146247
(82, 83) : 0.0040895594064196865
(83, 82) : 0.0040895594064196865
(83, 38) : 0.0028283544155248462
(83, 84) : 0.003510237691060456
(84, 83) : 0.003510237691060456
(84, 39) : 0.003091582046727099
(84, 85) : 0.0033789938724044302
(85, 84) : 0.0033789938724044302
(85, 40) : 0.0037286332553559814
(85, 86) : 0.004341078031320284
(86, 85) : 0.004341078031320284
(86, 41) : 0.004608310064133731
(86, 87) : 0.004437540925509142
(87, 86) : 0.004437540925509143
(87, 42) : 0.004823068761359668
(87, 88) : 0.0046245132547781545
(88, 89) : 0.004558932077992043
(88, 87) : 0.0046245132547781545
(88, 43) : 0.003876251939578462
(89, 88) : 0.004558932077992043
(89, 44) : 0.0032504271205714913
(89, 90) : 0.004634721370602061
(90, 46) : 0.004405383675112662
(90, 89) : 0.004634721370602061
(90, 45) : 0.004368670222472547
