1 : 0.04791630920932044
2 : 0.016339746066790777
3 : 0.030117868407077177
4 : 0.03101121262043356
5 : 0.02272613757355208
6 : 0.01309784406142613
7 : 0.030490027830732975
8 : 0.03179828139884045
9 : 0.01650684285674821
10 : 0.015698803648371437
11 : 0.02459137821572821
12 : 0.03647026746567371
13 : 0.013836712119190603
14 : 0.01716824757701207
15 : 0.010953094978233022
16 : 0.011848356347418125
17 : 0.026635959827807996
18 : 0.0014575278222072217
19 : 0.004393775772739111
20 : 0.016978105714192
21 : 0.0014716237449945869
22 : 0.03918254586872209
23 : 0.006144036110664171
24 : 0.02697302446262234
25 : 0.02566024809786024
26 : 0.003144558558745219
27 : 0.012835108057367279
28 : 0.02777597073635056
29 : 0.01955765954302055
30 : 0.025586540136220595
31 : 0.030621536436422826
32 : 0.05110857065276558
33 : 0.013756065390234582
34 : 0.022336166902901133
35 : 0.016534465447082234
36 : 0.05282094306656712
37 : 0.055010623342798305
38 : 0.007538494092417175
39 : 0.02067695567360967
40 : 0.020203814462393308
41 : 0.012840783911681652
42 : 0.017300062097753394
43 : 0.010727608224984754
44 : 0.0445911722905288
45 : 0.03937968222706016
46 : 0.006946649728020776
47 : 0.004158080453536419
48 : 0.022211929629202987
49 : 0.02500180010217413
50 : 0.0032089695020841493
51 : 0.011389956496678908
52 : 0.031136970579868497
53 : 0.025428073463658923
54 : 0.01012881857657449
55 : 0.011958534224319466
56 : 0.042651027558129974
57 : 0.023912283153222424
58 : 0.0
59 : 0.032211079542422416
60 : 0.061353831897458376
61 : 0.03959214057060297
62 : 0.0005208949579373248
63 : 0.027333449447367875
64 : 0.028300243711583305
65 : 0.011294684045984401
66 : 0.04357664838646365
67 : 0.03191948053419638
68 : 0.029608680531561106
69 : 0.015429477999363287
70 : 0.038635975152293084
71 : 0.010942829635979099
72 : 0.036188609109133574
(1, 2) : 0.0007829403249381243
(1, 36) : 0.02615351728954135
(1, 37) : 0.021794783380618018
(2, 3) : 0.008118397387522208
(2, 38) : 0.00012317707919609904
(3, 4) : 0.0009339916208461089
(3, 39) : 0.0022930183465874653
(4, 5) : 0.012222133833325254
(4, 40) : 0.0006265447860370695
(5, 6) : 0.010474446572549553
(5, 41) : 0.00029182142172913143
(6, 7) : 0.0013021661234465835
(6, 42) : 0.00022659351560936258
(7, 8) : 0.005699860602413155
(7, 43) : 0.00032708507333698516
(8, 9) : 0.002600697018977277
(8, 44) : 0.022593226211241782
(9, 10) : 0.0002591376848626128
(9, 45) : 0.0006500342262707625
(10, 11) : 0.0003860552180515559
(10, 46) : 0.000109054090094211
(11, 12) : 0.02350087648327753
(11, 47) : 0.00010225292908434078
(12, 13) : 0.0005046285918324101
(12, 48) : 0.0008100750145057556
(13, 14) : 0.008270930965454087
(13, 49) : 0.005595139137147399
(14, 15) : 0.0019295186892953607
(14, 50) : 5.509238287886183e-05
(15, 16) : 0.0001297761724092208
(15, 51) : 0.009119550587350504
(16, 17) : 0.00031559234369538304
(16, 52) : 0.0012637535141747716
(17, 18) : 0.0014207222667974627
(17, 53) : 0.0006773011432765696
(18, 19) : 6.4040504333072895e-06
(18, 54) : 1.4763034881446668e-05
(19, 20) : 7.459798955402029e-05
(19, 55) : 0.004360243251569708
(20, 21) : 2.4985383514033226e-05
(20, 56) : 0.011280028800945148
(21, 22) : 0.0005209732710150045
(21, 57) : 0.0009579768047478384
(22, 23) : 0.0059385209282642225
(22, 58) : 0.0
(23, 24) : 0.0001657232363121797
(23, 59) : 0.00019790603587211927
(24, 25) : 0.012163140149762015
(24, 60) : 0.006924184206090983
(25, 26) : 8.069015277565214e-05
(25, 61) : 0.0066395558514247615
(26, 27) : 0.0005067456250551484
(26, 62) : 1.6379846981890455e-06
(27, 28) : 0.00295473497957941
(27, 63) : 0.0071953164650783675
(28, 29) : 0.009196889076068176
(28, 64) : 0.0076661733652074685
(29, 30) : 0.005947764411800891
(29, 65) : 0.004664905132502868
(30, 31) : 0.000783499171063274
(30, 66) : 0.0011149756629422246
(31, 32) : 0.0015650229584571514
(31, 67) : 0.005994833074222581
(32, 33) : 0.005114290672689318
(32, 68) : 0.028932027549548413
(33, 34) : 0.00030725777248350144
(33, 69) : 0.00021224890829642723
(34, 35) : 0.01643525668720214
(34, 70) : 0.0008629795894579594
(35, 36) : 0.000873366058016452
(35, 71) : 0.00018093383850940388
(36, 72) : 0.009727584514932143
(37, 38) : 0.006738146055351759
(37, 72) : 0.01059200142565493
(38, 39) : 0.0006133899781926221
(39, 40) : 0.0058266274483600375
(40, 41) : 0.00025943281570330105
(41, 42) : 0.0035380794251859094
(42, 43) : 0.010009167128694027
(43, 44) : 0.000478356626625589
(44, 45) : 0.020658386162090214
(45, 46) : 0.0031141494832141706
(46, 47) : 2.888472845164727e-05
(47, 48) : 9.235899042651538e-05
(48, 49) : 0.006695642196045975
(49, 50) : 8.023001402508115e-05
(50, 51) : 3.6550023027907835e-05
(51, 52) : 0.0024570912712014916
(52, 53) : 0.011212678850793422
(53, 54) : 0.009970651100118978
(54, 55) : 0.00012112582359988883
(55, 56) : 0.00051004377275629
(56, 57) : 0.022511568838790005
(57, 58) : 0.0
(58, 59) : 0.0
(59, 60) : 0.029426110208500604
(60, 61) : 0.012558034773852391
(61, 62) : 2.0623346397172884e-05
(62, 63) : 0.0005069138681359927
(63, 64) : 0.013964206438425315
(64, 65) : 0.00031964231114669036
(65, 66) : 0.0004921844753080629
(66, 67) : 0.01013136424591161
(67, 68) : 0.0009450937018704041
(68, 69) : 0.00045684648485189817
(69, 70) : 0.004717541666730075
(70, 71) : 0.00042278689391146484
(71, 72) : 0.001326940136303032
